6.157698631286621094e-01
3.639639019966125488e-01
6.062828302383422852e-01
5.773987770080566406e-01
3.895631432533264160e-01
5.973876118659973145e-01
6.041458845138549805e-01
6.250092387199401855e-01
5.160306692123413086e-01
5.994287133216857910e-01
3.429262638092041016e-01
6.060067415237426758e-01
5.866783857345581055e-01
3.976022005081176758e-01
6.104961633682250977e-01
5.762990713119506836e-01
5.888077020645141602e-01
3.398685455322265625e-01
3.610104620456695557e-01
6.181550621986389160e-01
4.429706633090972900e-01
6.197307705879211426e-01
3.396940231323242188e-01
3.650913834571838379e-01
6.360215544700622559e-01
5.944589972496032715e-01
4.783442318439483643e-01
4.888800084590911865e-01
5.254422426223754883e-01
3.750601112842559814e-01
5.698419213294982910e-01
3.744777143001556396e-01
3.693062067031860352e-01
3.790479898452758789e-01
3.533974587917327881e-01
3.901959359645843506e-01
6.314470767974853516e-01
4.015802145004272461e-01
5.811967253684997559e-01
5.465517044067382812e-01
3.483524024486541748e-01
4.367923736572265625e-01
3.436538875102996826e-01
3.325503170490264893e-01
3.357157707214355469e-01
5.887941718101501465e-01
5.190580487251281738e-01
5.896690487861633301e-01
6.057281494140625000e-01
3.429868519306182861e-01
5.902372002601623535e-01
5.993472933769226074e-01
3.478522896766662598e-01
6.257464289665222168e-01
3.695524036884307861e-01
4.058799445629119873e-01
6.359438300132751465e-01
3.580702543258666992e-01
6.097379326820373535e-01
3.483045101165771484e-01
3.788921535015106201e-01
4.851919710636138916e-01
3.637809455394744873e-01
3.681045472621917725e-01
6.211758852005004883e-01
5.926755070686340332e-01
6.312823891639709473e-01
3.774468302726745605e-01
5.072363018989562988e-01
4.452376067638397217e-01
3.332688808441162109e-01
4.139551818370819092e-01
3.393738269805908203e-01
6.225937604904174805e-01
5.571614503860473633e-01
3.462885022163391113e-01
6.063705682754516602e-01
5.868907570838928223e-01
3.633185923099517822e-01
3.342580497264862061e-01
3.404940664768218994e-01
3.719100058078765869e-01
3.878968358039855957e-01
5.810419321060180664e-01
6.117942333221435547e-01
5.177250504493713379e-01
6.303811073303222656e-01
6.226124167442321777e-01
5.845564603805541992e-01
5.316883325576782227e-01
4.070724546909332275e-01
3.582198023796081543e-01
5.506178736686706543e-01
5.196339488029479980e-01
6.268447637557983398e-01
6.189290881156921387e-01
3.794299364089965820e-01
4.106887578964233398e-01
5.503144264221191406e-01
6.366821527481079102e-01
3.512704968452453613e-01
4.153172671794891357e-01
4.052883386611938477e-01
6.040231585502624512e-01
4.536088407039642334e-01
5.868690013885498047e-01
5.410894155502319336e-01
6.372495293617248535e-01
5.112935304641723633e-01
3.420213758945465088e-01
5.829269289970397949e-01
3.318548798561096191e-01
3.415725827217102051e-01
6.028350591659545898e-01
3.603405058383941650e-01
6.207083463668823242e-01
5.316737890243530273e-01
6.261112093925476074e-01
6.242738366127014160e-01
3.443377315998077393e-01
6.210127472877502441e-01
6.269112825393676758e-01
6.176740527153015137e-01
3.439389765262603760e-01
3.560740947723388672e-01
5.655429363250732422e-01
4.127227962017059326e-01
3.948190510272979736e-01
5.076566934585571289e-01
4.100740551948547363e-01
6.338770389556884766e-01
5.553202629089355469e-01
5.828501582145690918e-01
4.701194763183593750e-01
3.356984257698059082e-01
3.546285927295684814e-01
6.117351651191711426e-01
3.876256644725799561e-01
4.414431452751159668e-01
5.093424320220947266e-01
4.287282228469848633e-01
4.348995089530944824e-01
6.320034265518188477e-01
5.566082000732421875e-01
5.069878101348876953e-01
3.439412117004394531e-01
3.609032928943634033e-01
3.851285278797149658e-01
3.687725961208343506e-01
3.852353692054748535e-01
3.794671595096588135e-01
5.542851090431213379e-01
3.354984819889068604e-01
3.871506452560424805e-01
4.902953207492828369e-01
3.903373777866363525e-01
6.208382844924926758e-01
3.729482293128967285e-01
3.381938040256500244e-01
3.471172153949737549e-01
5.480085015296936035e-01
6.258646845817565918e-01
5.662323832511901855e-01
3.643462061882019043e-01
3.595847189426422119e-01
5.225316882133483887e-01
3.944007158279418945e-01
3.374880850315093994e-01
3.602405190467834473e-01
5.998080968856811523e-01
4.962683320045471191e-01
6.125077605247497559e-01
5.878554582595825195e-01
6.087368726730346680e-01
6.303274631500244141e-01
4.110465049743652344e-01
5.552132129669189453e-01
6.361573934555053711e-01
3.388588726520538330e-01
5.978725552558898926e-01
5.902686715126037598e-01
3.613452315330505371e-01
4.368363320827484131e-01
5.636351108551025391e-01
3.437054157257080078e-01
3.551974296569824219e-01
3.920060992240905762e-01
6.172940731048583984e-01
3.387251496315002441e-01
5.581363439559936523e-01
3.434915244579315186e-01
5.138509273529052734e-01
5.928327441215515137e-01
6.098954677581787109e-01
5.920734405517578125e-01
4.213912189006805420e-01
6.180826425552368164e-01
3.354056477546691895e-01
5.796053409576416016e-01
3.625549376010894775e-01
6.345218420028686523e-01
3.534071445465087891e-01
3.334012627601623535e-01
3.328601717948913574e-01
3.400695621967315674e-01
6.280700564384460449e-01
6.104512214660644531e-01
4.234756231307983398e-01
5.636471509933471680e-01
3.421402871608734131e-01
3.505388200283050537e-01
6.079506278038024902e-01
4.676710367202758789e-01
5.431964993476867676e-01
3.601180911064147949e-01
4.037745594978332520e-01
5.652719736099243164e-01
3.656465113162994385e-01
3.578927814960479736e-01
3.365192711353302002e-01
4.261649250984191895e-01
4.051759839057922363e-01
6.300671100616455078e-01
3.383704423904418945e-01
3.516519367694854736e-01
3.378034532070159912e-01
4.439640641212463379e-01
4.464401304721832275e-01
6.009548306465148926e-01
5.878838896751403809e-01
6.303989887237548828e-01
4.594171047210693359e-01
3.346692621707916260e-01
3.351617455482482910e-01
3.665119409561157227e-01
3.429815173149108887e-01
3.400095403194427490e-01
4.114415347576141357e-01
3.965681791305541992e-01
6.349978446960449219e-01
3.411513864994049072e-01
6.051388382911682129e-01
5.258243680000305176e-01
3.474068641662597656e-01
6.340700387954711914e-01
5.623884201049804688e-01
6.180543899536132812e-01
3.655749857425689697e-01
3.381865024566650391e-01
5.268952846527099609e-01
4.757056236267089844e-01
3.701761662960052490e-01
4.186558723449707031e-01
4.687699377536773682e-01
6.259552240371704102e-01
6.014643311500549316e-01
4.691741764545440674e-01
3.385599553585052490e-01
3.377417325973510742e-01
3.525903522968292236e-01
5.265744328498840332e-01
3.477017581462860107e-01
5.780643224716186523e-01
3.967980742454528809e-01
4.477714598178863525e-01
5.946432948112487793e-01
3.320153653621673584e-01
3.476133346557617188e-01
4.079168736934661865e-01
4.342559874057769775e-01
4.800911545753479004e-01
6.382229328155517578e-01
6.109815835952758789e-01
5.093616247177124023e-01
3.954969942569732666e-01
3.663882911205291748e-01
3.927170634269714355e-01
4.051631391048431396e-01
3.838291466236114502e-01
6.260390877723693848e-01
4.982361793518066406e-01
3.386282026767730713e-01
3.620668947696685791e-01
6.220974922180175781e-01
3.778896629810333252e-01
3.846704661846160889e-01
5.614205598831176758e-01
3.342035710811614990e-01
3.439374864101409912e-01
5.155388116836547852e-01
3.512121140956878662e-01
6.258839964866638184e-01
5.431164503097534180e-01
3.480983674526214600e-01
3.866903483867645264e-01
5.076224803924560547e-01
4.003068506717681885e-01
5.369003415107727051e-01
3.409145176410675049e-01
5.977171063423156738e-01
3.875370919704437256e-01
4.191055893898010254e-01
4.369553625583648682e-01
5.861318111419677734e-01
6.256279945373535156e-01
4.355455338954925537e-01
3.330406248569488525e-01
3.632867336273193359e-01
3.498112559318542480e-01
3.862766027450561523e-01
4.991887807846069336e-01
3.421495258808135986e-01
3.464484810829162598e-01
5.255162715911865234e-01
5.721980929374694824e-01
5.958853960037231445e-01
6.051599979400634766e-01
5.848588347434997559e-01
5.786694288253784180e-01
3.838090896606445312e-01
4.774485230445861816e-01
3.553932607173919678e-01
3.828135132789611816e-01
6.098340153694152832e-01
3.681676685810089111e-01
3.541963696479797363e-01
3.334069550037384033e-01
3.534600138664245605e-01
5.033660531044006348e-01
3.434118032455444336e-01
3.788263499736785889e-01
4.777095913887023926e-01
4.428004324436187744e-01
5.659486651420593262e-01
3.672225773334503174e-01
3.913878798484802246e-01
3.504888713359832764e-01
6.243998408317565918e-01
3.759919106960296631e-01
4.834667146205902100e-01
4.939779937267303467e-01
6.260300874710083008e-01
4.136896431446075439e-01
3.576034009456634521e-01
3.395639359951019287e-01
5.557775497436523438e-01
5.718768239021301270e-01
4.718958735466003418e-01
5.524823665618896484e-01
6.069729924201965332e-01
5.626912713050842285e-01
3.390851318836212158e-01
4.795905649662017822e-01
6.344078183174133301e-01
6.079843640327453613e-01
5.991253852844238281e-01
3.397877216339111328e-01
4.669433832168579102e-01
5.757029652595520020e-01
4.853566884994506836e-01
3.352503776550292969e-01
4.762439131736755371e-01
4.134939610958099365e-01
3.716701865196228027e-01
6.295834779739379883e-01
3.602684736251831055e-01
3.397036492824554443e-01
4.179417788982391357e-01
6.221880316734313965e-01
4.115983545780181885e-01
3.430595397949218750e-01
6.350357532501220703e-01
6.239742040634155273e-01
5.522343516349792480e-01
5.771705508232116699e-01
6.274545788764953613e-01
4.847021400928497314e-01
3.376797437667846680e-01
5.841277837753295898e-01
3.821661472320556641e-01
4.977624714374542236e-01
3.502395153045654297e-01
3.809048533439636230e-01
6.163486838340759277e-01
3.906070291996002197e-01
6.040259003639221191e-01
3.419914245605468750e-01
6.331284046173095703e-01
3.458760678768157959e-01
6.336880922317504883e-01
4.278374910354614258e-01
3.595072925090789795e-01
5.875024795532226562e-01
3.800194263458251953e-01
3.469177782535552979e-01
3.632432818412780762e-01
3.759402632713317871e-01
3.475686907768249512e-01
6.010606288909912109e-01
4.298614561557769775e-01
3.645348250865936279e-01
6.066771745681762695e-01
4.186006188392639160e-01
6.272267699241638184e-01
4.107857346534729004e-01
3.616341948509216309e-01
4.278202950954437256e-01
5.996088981628417969e-01
3.623571097850799561e-01
5.097680687904357910e-01
5.726290941238403320e-01
3.417094647884368896e-01
4.195454418659210205e-01
5.704020857810974121e-01
6.184963583946228027e-01
6.239618659019470215e-01
3.498371541500091553e-01
3.420273959636688232e-01
5.974610447883605957e-01
5.580524206161499023e-01
6.334158182144165039e-01
3.575121462345123291e-01
3.364059329032897949e-01
4.443032443523406982e-01
5.193468332290649414e-01
5.713744163513183594e-01
5.595009326934814453e-01
3.695298433303833008e-01
4.277291595935821533e-01
6.060813069343566895e-01
6.310855746269226074e-01
4.753114283084869385e-01
5.840879678726196289e-01
3.445704877376556396e-01
3.948312699794769287e-01
3.547999858856201172e-01
3.358342349529266357e-01
6.322831511497497559e-01
3.389537632465362549e-01
3.722746074199676514e-01
6.280305385589599609e-01
6.093590855598449707e-01
5.648528933525085449e-01
3.592299818992614746e-01
4.207685589790344238e-01
3.515568375587463379e-01
4.989511370658874512e-01
4.734787046909332275e-01
6.100972890853881836e-01
5.130727291107177734e-01
4.502684772014617920e-01
3.782417178153991699e-01
6.124902367591857910e-01
4.291627407073974609e-01
4.274957478046417236e-01
5.988914370536804199e-01
5.973066687583923340e-01
3.447723686695098877e-01
3.589567542076110840e-01
6.308365464210510254e-01
5.480659008026123047e-01
6.044157147407531738e-01
3.521467745304107666e-01
4.392988383769989014e-01
3.792204558849334717e-01
3.307842910289764404e-01
3.429346382617950439e-01
4.842447638511657715e-01
6.100168824195861816e-01
5.843815803527832031e-01
6.341066360473632812e-01
3.939753472805023193e-01
5.902730822563171387e-01
4.376493096351623535e-01
3.729512691497802734e-01
3.323750495910644531e-01
4.012937247753143311e-01
4.235013127326965332e-01
4.910847842693328857e-01
3.929613232612609863e-01
5.247963070869445801e-01
4.776313006877899170e-01
3.523513376712799072e-01
5.696638822555541992e-01
6.172583699226379395e-01
3.458030521869659424e-01
3.393965661525726318e-01
4.183210134506225586e-01
6.062929630279541016e-01
5.866592526435852051e-01
3.796222209930419922e-01
5.857242345809936523e-01
3.563810884952545166e-01
5.062206387519836426e-01
3.352783024311065674e-01
3.771717846393585205e-01
5.098633170127868652e-01
3.536789119243621826e-01
6.332118511199951172e-01
6.046242117881774902e-01
3.433971107006072998e-01
3.400616049766540527e-01
6.222251057624816895e-01
3.616736829280853271e-01
4.788320958614349365e-01
4.010511934757232666e-01
3.540585935115814209e-01
3.670538067817687988e-01
5.939769148826599121e-01
3.426887691020965576e-01
6.065937280654907227e-01
5.571729540824890137e-01
3.500348031520843506e-01
5.961514115333557129e-01
3.438800871372222900e-01
3.437989056110382080e-01
6.123099923133850098e-01
3.855790495872497559e-01
3.951864540576934814e-01
3.882630765438079834e-01
3.436758816242218018e-01
3.863773941993713379e-01
3.490038514137268066e-01
3.399204313755035400e-01
4.879467189311981201e-01
4.024004042148590088e-01
5.648855566978454590e-01
4.456807374954223633e-01
3.374232053756713867e-01
5.657866001129150391e-01
6.237093806266784668e-01
3.759765923023223877e-01
4.325352609157562256e-01
3.403115272521972656e-01
6.184888482093811035e-01
5.792925357818603516e-01
6.215261816978454590e-01
3.610388040542602539e-01
3.736412525177001953e-01
3.741064369678497314e-01
4.892205595970153809e-01
3.471587300300598145e-01
3.415043056011199951e-01
5.853257179260253906e-01
4.191049933433532715e-01
5.404664874076843262e-01
3.398897349834442139e-01
5.183452367782592773e-01
5.045458078384399414e-01
5.787017345428466797e-01
6.252538561820983887e-01
3.888138830661773682e-01
6.182129383087158203e-01
5.826594233512878418e-01
6.243275403976440430e-01
3.492863774299621582e-01
3.490116000175476074e-01
5.672908425331115723e-01
3.337330520153045654e-01
3.596001863479614258e-01
4.351093173027038574e-01
3.737427890300750732e-01
6.287379860877990723e-01
5.712392330169677734e-01
5.366620421409606934e-01
3.938108384609222412e-01
4.691830277442932129e-01
6.080236434936523438e-01
3.685282468795776367e-01
5.828735828399658203e-01
3.588115870952606201e-01
3.647104203701019287e-01
3.541934192180633545e-01
3.534082174301147461e-01
5.719406008720397949e-01
3.383055329322814941e-01
5.289142131805419922e-01
5.928480029106140137e-01
6.189469695091247559e-01
3.445975184440612793e-01
4.692015051841735840e-01
6.188384890556335449e-01
6.276603937149047852e-01
4.722751677036285400e-01
3.452423214912414551e-01
5.394403934478759766e-01
5.937572121620178223e-01
3.363868892192840576e-01
5.872343778610229492e-01
3.351619243621826172e-01
4.004329442977905273e-01
4.796652197837829590e-01
4.582501053810119629e-01
6.097091436386108398e-01
5.082864165306091309e-01
5.324295163154602051e-01
5.081626772880554199e-01
6.363508105278015137e-01
3.820559978485107422e-01
4.011232256889343262e-01
3.784903883934020996e-01
4.198360741138458252e-01
3.781988620758056641e-01
5.226787328720092773e-01
3.613707125186920166e-01
5.717725753784179688e-01
5.799979567527770996e-01
4.236223697662353516e-01
3.432273268699645996e-01
4.949650466442108154e-01
3.385294675827026367e-01
4.209328889846801758e-01
4.016563892364501953e-01
5.617241263389587402e-01
6.266313791275024414e-01
3.584597706794738770e-01
3.838730752468109131e-01
3.520114719867706299e-01
4.302937686443328857e-01
3.382297456264495850e-01
5.102460384368896484e-01
4.053379297256469727e-01
6.104690432548522949e-01
3.707345724105834961e-01
4.318650960922241211e-01
3.338292837142944336e-01
5.211538672447204590e-01
3.627051413059234619e-01
6.270519495010375977e-01
5.299528241157531738e-01
3.669365048408508301e-01
5.073428750038146973e-01
6.059459447860717773e-01
3.590867519378662109e-01
3.419382572174072266e-01
5.501492619514465332e-01
4.334532618522644043e-01
6.103923916816711426e-01
3.665449917316436768e-01
5.725364089012145996e-01
5.780035257339477539e-01
5.770022869110107422e-01
6.077538132667541504e-01
4.837623834609985352e-01
3.675682246685028076e-01
4.793886840343475342e-01
6.193969249725341797e-01
3.440326750278472900e-01
5.600400567054748535e-01
3.448354899883270264e-01
3.471130132675170898e-01
4.247837364673614502e-01
4.920100569725036621e-01
5.110976696014404297e-01
3.845658302307128906e-01
3.956024646759033203e-01
5.917613506317138672e-01
5.756151676177978516e-01
6.071932315826416016e-01
4.893361926078796387e-01
3.493562638759613037e-01
6.197733879089355469e-01
4.965665042400360107e-01
3.812214732170104980e-01
3.401646018028259277e-01
6.074144840240478516e-01
4.365528821945190430e-01
5.018326640129089355e-01
4.775939881801605225e-01
3.584122955799102783e-01
6.002702713012695312e-01
5.682504177093505859e-01
3.474747538566589355e-01
3.501282036304473877e-01
6.046909689903259277e-01
3.833136558532714844e-01
5.170055627822875977e-01
4.600402116775512695e-01
5.856665968894958496e-01
6.100319623947143555e-01
3.452087044715881348e-01
6.149193644523620605e-01
6.309920549392700195e-01
5.478860735893249512e-01
6.075387001037597656e-01
3.436836898326873779e-01
6.319210529327392578e-01
3.984670341014862061e-01
3.506362140178680420e-01
3.478795289993286133e-01
3.364905416965484619e-01
3.437660634517669678e-01
6.274684667587280273e-01
4.207798540592193604e-01
5.010386109352111816e-01
3.497319221496582031e-01
5.468542575836181641e-01
3.374266624450683594e-01
5.208005309104919434e-01
6.048729419708251953e-01
5.629954338073730469e-01
3.414490222930908203e-01
4.822799265384674072e-01
3.468370437622070312e-01
5.961501598358154297e-01
4.416651427745819092e-01
6.030524373054504395e-01
3.421892821788787842e-01
5.449880957603454590e-01
3.495068550109863281e-01
4.154661893844604492e-01
5.874336957931518555e-01
3.709385693073272705e-01
6.011319160461425781e-01
3.864622116088867188e-01
3.342528343200683594e-01
4.052585065364837646e-01
4.563193619251251221e-01
3.440992832183837891e-01
4.308330118656158447e-01
3.445284962654113770e-01
6.225647926330566406e-01
5.501809716224670410e-01
3.608156144618988037e-01
4.262999594211578369e-01
4.191588759422302246e-01
5.420370697975158691e-01
3.927182257175445557e-01
5.132193565368652344e-01
3.701069056987762451e-01
3.347731232643127441e-01
5.900149345397949219e-01
3.932579159736633301e-01
6.069411635398864746e-01
5.681976675987243652e-01
5.984601378440856934e-01
3.918939828872680664e-01
5.278267264366149902e-01
5.755357146263122559e-01
5.643290281295776367e-01
3.435663580894470215e-01
6.058945059776306152e-01
3.855759501457214355e-01
4.721328020095825195e-01
5.979328751564025879e-01
3.741679787635803223e-01
6.133245825767517090e-01
4.153867661952972412e-01
3.894963860511779785e-01
3.742414116859436035e-01
5.180611014366149902e-01
3.439697623252868652e-01
3.338492512702941895e-01
5.647807121276855469e-01
3.475764095783233643e-01
3.727112114429473877e-01
5.324831008911132812e-01
5.797581672668457031e-01
3.317669928073883057e-01
3.485437929630279541e-01
6.342493891716003418e-01
3.413268029689788818e-01
5.994710922241210938e-01
3.399884104728698730e-01
5.806288719177246094e-01
3.493645787239074707e-01
4.111332297325134277e-01
6.275192499160766602e-01
4.000886678695678711e-01
5.286595225334167480e-01
5.708775520324707031e-01
3.590606153011322021e-01
3.804826140403747559e-01
6.045134067535400391e-01
6.306455731391906738e-01
6.171455979347229004e-01
3.432554900646209717e-01
6.302193403244018555e-01
4.661216139793395996e-01
3.381999731063842773e-01
3.825266659259796143e-01
6.085007190704345703e-01
4.206993877887725830e-01
4.201234281063079834e-01
3.444241285324096680e-01
3.737619817256927490e-01
3.504099845886230469e-01
4.433519840240478516e-01
3.384682536125183105e-01
4.962950944900512695e-01
5.447694063186645508e-01
3.884491622447967529e-01
5.974764227867126465e-01
4.629853367805480957e-01
4.088495373725891113e-01
3.381049335002899170e-01
5.342348814010620117e-01
3.741049766540527344e-01
3.375758230686187744e-01
4.683994948863983154e-01
3.499678671360015869e-01
4.102992713451385498e-01
6.090005040168762207e-01
5.696615576744079590e-01
3.406955301761627197e-01
3.612456917762756348e-01
6.221112608909606934e-01
3.818884789943695068e-01
5.300344824790954590e-01
3.757053017616271973e-01
3.527871072292327881e-01
6.081581115722656250e-01
5.589781403541564941e-01
6.331599354743957520e-01
3.990032374858856201e-01
6.103044748306274414e-01
3.727944195270538330e-01
3.471557497978210449e-01
6.020545959472656250e-01
3.494252264499664307e-01
3.426343500614166260e-01
5.899804234504699707e-01
5.791292190551757812e-01
5.783653259277343750e-01
3.577067852020263672e-01
3.419387340545654297e-01
3.327130079269409180e-01
3.465785682201385498e-01
3.555337786674499512e-01
5.879227519035339355e-01
3.442848324775695801e-01
3.462990522384643555e-01
4.985700249671936035e-01
4.475499689579010010e-01
5.921861529350280762e-01
5.960890054702758789e-01
3.417680859565734863e-01
6.323101520538330078e-01
3.344649374485015869e-01
3.360229134559631348e-01
5.614965558052062988e-01
3.688671886920928955e-01
4.416322112083435059e-01
6.196727752685546875e-01
4.218763411045074463e-01
3.522663414478302002e-01
3.332166373729705811e-01
5.431665778160095215e-01
6.325471401214599609e-01
3.470160067081451416e-01
3.419889807701110840e-01
5.270622372627258301e-01
6.176506280899047852e-01
4.709410965442657471e-01
6.119133234024047852e-01
3.357221186161041260e-01
3.530891835689544678e-01
6.011236310005187988e-01
3.755632638931274414e-01
4.635736346244812012e-01
5.133099555969238281e-01
5.394892096519470215e-01
5.950746536254882812e-01
4.176992774009704590e-01
3.581398427486419678e-01
5.916717052459716797e-01
3.520944416522979736e-01
6.144389510154724121e-01
3.755609095096588135e-01
5.712740421295166016e-01
4.666042327880859375e-01
3.455409109592437744e-01
4.383545517921447754e-01
4.534285664558410645e-01
4.693783521652221680e-01
3.334971964359283447e-01
5.170133709907531738e-01
3.511413335800170898e-01
4.746868908405303955e-01
3.541025221347808838e-01
3.869836032390594482e-01
3.717763423919677734e-01
4.987253248691558838e-01
5.953559279441833496e-01
4.264019429683685303e-01
5.736370086669921875e-01
5.015690922737121582e-01
4.390297532081604004e-01
3.634873628616333008e-01
4.881222844123840332e-01
3.449303507804870605e-01
6.006028652191162109e-01
3.457193076610565186e-01
4.240295588970184326e-01
3.500387966632843018e-01
6.266444921493530273e-01
3.341157436370849609e-01
5.871790051460266113e-01
3.438071906566619873e-01
3.907788395881652832e-01
4.602335095405578613e-01
5.503823757171630859e-01
4.121330082416534424e-01
3.837561607360839844e-01
3.802012503147125244e-01
4.216597080230712891e-01
5.969102382659912109e-01
4.467965960502624512e-01
5.827183127403259277e-01
4.973147511482238770e-01
3.702606856822967529e-01
4.561960697174072266e-01
5.797250866889953613e-01
3.330521881580352783e-01
3.570218384265899658e-01
3.686839342117309570e-01
6.262376904487609863e-01
5.917801856994628906e-01
6.107553839683532715e-01
4.150210618972778320e-01
4.535115063190460205e-01
5.997424125671386719e-01
4.410152733325958252e-01
3.845465183258056641e-01
3.410204648971557617e-01
3.523646295070648193e-01
6.227484345436096191e-01
4.900752305984497070e-01
3.843707740306854248e-01
3.429802954196929932e-01
5.720500946044921875e-01
5.817091464996337891e-01
5.337420701980590820e-01
6.024396419525146484e-01
5.212302207946777344e-01
3.393409252166748047e-01
3.913917839527130127e-01
3.622598648071289062e-01
3.761681318283081055e-01
5.785399079322814941e-01
3.691712021827697754e-01
6.263879537582397461e-01
6.171005368232727051e-01
6.134811639785766602e-01
3.458893299102783203e-01
4.134936928749084473e-01
4.402980506420135498e-01
6.006425619125366211e-01
5.073279142379760742e-01
3.370698094367980957e-01
5.600754022598266602e-01
5.845518708229064941e-01
4.855608642101287842e-01
6.295728087425231934e-01
3.424437940120697021e-01
5.845183134078979492e-01
5.640536546707153320e-01
4.363528490066528320e-01
5.600054860115051270e-01
4.305234253406524658e-01
5.578402876853942871e-01
4.653217792510986328e-01
5.014738440513610840e-01
5.976616740226745605e-01
4.967871010303497314e-01
4.627045691013336182e-01
6.265807151794433594e-01
6.044481396675109863e-01
5.801043510437011719e-01
3.539261221885681152e-01
3.365446925163269043e-01
3.973987996578216553e-01
3.468320071697235107e-01
6.238011121749877930e-01
6.052864193916320801e-01
6.042457222938537598e-01
6.051406860351562500e-01
6.086163520812988281e-01
5.403569340705871582e-01
5.841548442840576172e-01
5.026727318763732910e-01
3.668981492519378662e-01
4.834204316139221191e-01
3.403600156307220459e-01
5.903684496879577637e-01
4.206719696521759033e-01
5.972698926925659180e-01
5.032730698585510254e-01
4.723680317401885986e-01
3.766364455223083496e-01
3.651749789714813232e-01
5.582980513572692871e-01
3.400233685970306396e-01
3.562057316303253174e-01
3.393118083477020264e-01
3.951552212238311768e-01
6.147578358650207520e-01
5.931288599967956543e-01
3.793959617614746094e-01
5.768706798553466797e-01
6.285332441329956055e-01
3.997980058193206787e-01
3.473014533519744873e-01
3.658786416053771973e-01
3.384647667407989502e-01
3.547990024089813232e-01
5.783511996269226074e-01
4.757581055164337158e-01
4.028840959072113037e-01
4.163719117641448975e-01
3.367859423160552979e-01
3.419540226459503174e-01
5.152456164360046387e-01
3.938572406768798828e-01
3.411344885826110840e-01
6.292247772216796875e-01
6.080236434936523438e-01
3.492854833602905273e-01
3.468995392322540283e-01
6.317031383514404297e-01
4.618989229202270508e-01
5.493537783622741699e-01
5.842894911766052246e-01
5.503740906715393066e-01
3.482154309749603271e-01
5.014446973800659180e-01
3.687532842159271240e-01
5.731495618820190430e-01
3.403796553611755371e-01
5.152229666709899902e-01
5.191079378128051758e-01
3.376687765121459961e-01
3.484194874763488770e-01
3.357864618301391602e-01
3.586788773536682129e-01
4.289856553077697754e-01
4.654873609542846680e-01
3.518794178962707520e-01
5.311771631240844727e-01
3.603804409503936768e-01
4.648563563823699951e-01
6.288129687309265137e-01
5.969299674034118652e-01
3.499567210674285889e-01
3.627564311027526855e-01
4.230313301086425781e-01
3.407549560070037842e-01
5.926046967506408691e-01
4.078563451766967773e-01
6.082766056060791016e-01
3.647120594978332520e-01
3.385697901248931885e-01
4.408296048641204834e-01
6.354430317878723145e-01
5.443891882896423340e-01
3.344873785972595215e-01
3.443429172039031982e-01
5.347654819488525391e-01
4.778580069541931152e-01
3.556374609470367432e-01
3.608492612838745117e-01
6.181297302246093750e-01
3.341281712055206299e-01
6.080550551414489746e-01
5.602299571037292480e-01
4.943760335445404053e-01
4.943528473377227783e-01
5.289174914360046387e-01
3.474827408790588379e-01
6.024790406227111816e-01
3.425974845886230469e-01
4.762425720691680908e-01
3.879168033599853516e-01
3.461695909500122070e-01
3.708086311817169189e-01
3.460959792137145996e-01
3.361909091472625732e-01
5.908293128013610840e-01
5.567281842231750488e-01
5.207535624504089355e-01
4.650826454162597656e-01
3.353684246540069580e-01
5.953296422958374023e-01
4.234925508499145508e-01
4.333411753177642822e-01
6.093705892562866211e-01
3.483205139636993408e-01
4.305323958396911621e-01
3.995259404182434082e-01
3.310257792472839355e-01
4.306369423866271973e-01
3.387475013732910156e-01
3.946168124675750732e-01
4.311507940292358398e-01
3.392944335937500000e-01
4.290295839309692383e-01
5.785096883773803711e-01
5.431836843490600586e-01
4.676329791545867920e-01
6.346562504768371582e-01
4.064298570156097412e-01
3.482458889484405518e-01
3.451561629772186279e-01
5.864133834838867188e-01
3.393076062202453613e-01
4.053750038146972656e-01
6.255089640617370605e-01
4.492470026016235352e-01
3.660178184509277344e-01
4.289088547229766846e-01
3.472667336463928223e-01
6.160141229629516602e-01
6.286169886589050293e-01
3.518103361129760742e-01
3.683784008026123047e-01
4.716942012310028076e-01
3.563834130764007568e-01
5.491364598274230957e-01
6.384413838386535645e-01
6.230300664901733398e-01
4.430830478668212891e-01
3.325935900211334229e-01
5.584604740142822266e-01
3.832262456417083740e-01
3.629685342311859131e-01
3.469048738479614258e-01
4.129599034786224365e-01
3.399842381477355957e-01
5.878651142120361328e-01
6.380867958068847656e-01
3.601000010967254639e-01
3.321196734905242920e-01
3.537510633468627930e-01
5.967372059822082520e-01
6.118138432502746582e-01
5.861657857894897461e-01
4.499247372150421143e-01
5.838739275932312012e-01
5.053717494010925293e-01
3.736476004123687744e-01
3.399742245674133301e-01
4.346800148487091064e-01
5.291374325752258301e-01
4.047034978866577148e-01
3.676876723766326904e-01
4.693610370159149170e-01
5.396459102630615234e-01
3.329230844974517822e-01
5.857058763504028320e-01
6.072836518287658691e-01
5.840618610382080078e-01
3.592109680175781250e-01
5.120118260383605957e-01
4.741029441356658936e-01
4.023173451423645020e-01
6.035430431365966797e-01
5.975711345672607422e-01
5.163935422897338867e-01
4.264969527721405029e-01
5.587447881698608398e-01
3.863243460655212402e-01
3.626755177974700928e-01
3.408963978290557861e-01
3.458440005779266357e-01
3.571129739284515381e-01
4.098622500896453857e-01
5.223979353904724121e-01
6.323264241218566895e-01
5.513225793838500977e-01
3.380765318870544434e-01
6.167050004005432129e-01
4.280851781368255615e-01
3.790916502475738525e-01
3.306314051151275635e-01
3.844082653522491455e-01
4.229529201984405518e-01
5.985109210014343262e-01
4.832457005977630615e-01
3.456401228904724121e-01
5.497429370880126953e-01
5.038231015205383301e-01
5.778710246086120605e-01
6.022341251373291016e-01
3.590434789657592773e-01
3.446566164493560791e-01
3.441266119480133057e-01
4.019692540168762207e-01
3.407422304153442383e-01
3.513141274452209473e-01
3.643802404403686523e-01
3.615365326404571533e-01
4.136753082275390625e-01
4.914162456989288330e-01
5.940139889717102051e-01
3.388237953186035156e-01
3.860604763031005859e-01
5.192767381668090820e-01
3.411693274974822998e-01
6.309121847152709961e-01
3.647444844245910645e-01
5.611267685890197754e-01
5.060634016990661621e-01
3.456460833549499512e-01
4.234841465950012207e-01
6.127949953079223633e-01
3.376242220401763916e-01
5.343818664550781250e-01
3.614856898784637451e-01
4.306538999080657959e-01
5.190176963806152344e-01
3.974498212337493896e-01
3.720792233943939209e-01
4.520317316055297852e-01
3.693439364433288574e-01
5.509753227233886719e-01
6.202828884124755859e-01
6.181133389472961426e-01
5.107326507568359375e-01
3.395732641220092773e-01
5.144547820091247559e-01
6.201378703117370605e-01
4.306333363056182861e-01
3.348451852798461914e-01
3.928491175174713135e-01
4.661579728126525879e-01
4.093641340732574463e-01
6.312500834465026855e-01
3.402259945869445801e-01
3.563543856143951416e-01
3.493891358375549316e-01
3.378248810768127441e-01
6.051057577133178711e-01
3.523773550987243652e-01
3.932714760303497314e-01
5.564318299293518066e-01
5.979400277137756348e-01
3.427778780460357666e-01
4.636142253875732422e-01
3.340251743793487549e-01
3.899766206741333008e-01
4.133915007114410400e-01
5.979211926460266113e-01
3.428086340427398682e-01
3.443989753723144531e-01
3.641094863414764404e-01
4.193499684333801270e-01
3.352409005165100098e-01
6.119124889373779297e-01
3.333438634872436523e-01
6.073499917984008789e-01
3.756445646286010742e-01
5.129137039184570312e-01
3.728292882442474365e-01
4.276032745838165283e-01
4.303218126296997070e-01
3.914965987205505371e-01
4.179441034793853760e-01
3.429858386516571045e-01
3.419054150581359863e-01
5.845793485641479492e-01
5.215121507644653320e-01
3.489363193511962891e-01
6.206361651420593262e-01
3.390964269638061523e-01
3.596543967723846436e-01
3.698382079601287842e-01
5.352401733398437500e-01
6.366853117942810059e-01
6.148648262023925781e-01
3.727866411209106445e-01
3.422918021678924561e-01
3.425856828689575195e-01
5.172618627548217773e-01
3.361187875270843506e-01
3.468740582466125488e-01
3.486084938049316406e-01
3.572918176651000977e-01
6.140506863594055176e-01
6.081421971321105957e-01
4.211571514606475830e-01
4.795536696910858154e-01
4.526872634887695312e-01
6.151547431945800781e-01
3.362941443920135498e-01
3.649332523345947266e-01
3.722118437290191650e-01
6.026343703269958496e-01
4.649966657161712646e-01
6.170729398727416992e-01
3.734945058822631836e-01
3.473560512065887451e-01
3.469356298446655273e-01
4.270587861537933350e-01
5.570867061614990234e-01
4.144633114337921143e-01
3.470613062381744385e-01
3.387542665004730225e-01
3.530693352222442627e-01
3.927432596683502197e-01
3.829559385776519775e-01
6.089394092559814453e-01
3.429773747920989990e-01
3.462672829627990723e-01
3.500033318996429443e-01
5.442804694175720215e-01
4.285036325454711914e-01
3.585424423217773438e-01
6.033535003662109375e-01
3.911553323268890381e-01
3.348165750503540039e-01
6.298220157623291016e-01
5.191160440444946289e-01
5.905864834785461426e-01
4.872897863388061523e-01
5.224779844284057617e-01
3.523262441158294678e-01
5.199236273765563965e-01
3.372707664966583252e-01
5.649703741073608398e-01
3.855834305286407471e-01
3.367761671543121338e-01
5.655117630958557129e-01
3.567324578762054443e-01
4.131111204624176025e-01
5.979633927345275879e-01
5.681166648864746094e-01
3.980587422847747803e-01
5.402294993400573730e-01
5.576213598251342773e-01
5.517595410346984863e-01
3.887917697429656982e-01
4.061354696750640869e-01
4.978842139244079590e-01
3.756909668445587158e-01
5.168412327766418457e-01
6.039319634437561035e-01
4.279750585556030273e-01
3.536973595619201660e-01
4.600774645805358887e-01
6.112892031669616699e-01
5.977228283882141113e-01
3.560653626918792725e-01
5.547562241554260254e-01
3.687132298946380615e-01
3.797012269496917725e-01
5.359086990356445312e-01
3.425826728343963623e-01
3.943688869476318359e-01
6.286548972129821777e-01
4.066268503665924072e-01
6.308991312980651855e-01
5.849122405052185059e-01
5.628738999366760254e-01
4.964317381381988525e-01
4.199077486991882324e-01
3.610134422779083252e-01
3.384951055049896240e-01
3.674000799655914307e-01
4.510957896709442139e-01
4.019838571548461914e-01
5.716743469238281250e-01
4.652470946311950684e-01
5.763177275657653809e-01
6.242821812629699707e-01
5.671007037162780762e-01
4.240877330303192139e-01
5.569815635681152344e-01
5.445967912673950195e-01
3.994182646274566650e-01
3.404011130332946777e-01
4.610705077648162842e-01
5.869631767272949219e-01
5.845919251441955566e-01
3.681983053684234619e-01
5.919825434684753418e-01
3.418558835983276367e-01
5.860944986343383789e-01
4.142531752586364746e-01
4.714912474155426025e-01
5.459617376327514648e-01
5.922913551330566406e-01
6.344294548034667969e-01
4.633796513080596924e-01
4.318503439426422119e-01
3.647968173027038574e-01
3.717847466468811035e-01
5.494868159294128418e-01
3.414177000522613525e-01
3.797799348831176758e-01
6.221410036087036133e-01
3.616363406181335449e-01
3.606934845447540283e-01
5.747143626213073730e-01
6.080912351608276367e-01
3.352141380310058594e-01
5.361508131027221680e-01
3.502787053585052490e-01
6.344906091690063477e-01
4.440226852893829346e-01
3.408620655536651611e-01
5.311557054519653320e-01
3.342625200748443604e-01
5.280465483665466309e-01
6.223685145378112793e-01
5.900291204452514648e-01
4.208785891532897949e-01
4.280236661434173584e-01
3.782759308815002441e-01
5.802359580993652344e-01
3.527454733848571777e-01
4.753066897392272949e-01
3.388346433639526367e-01
5.008767247200012207e-01
5.570906996726989746e-01
3.540992736816406250e-01
5.889081954956054688e-01
4.537407457828521729e-01
5.966538190841674805e-01
4.033145904541015625e-01
5.501388311386108398e-01
3.864195048809051514e-01
6.262883543968200684e-01
6.283347010612487793e-01
6.300783753395080566e-01
4.251807928085327148e-01
3.358716964721679688e-01
5.941271781921386719e-01
3.407980501651763916e-01
3.547228872776031494e-01
6.000478863716125488e-01
4.022318422794342041e-01
5.969537496566772461e-01
5.083591341972351074e-01
4.054539501667022705e-01
3.475886583328247070e-01
3.687768876552581787e-01
3.488817214965820312e-01
3.417928814888000488e-01
5.538705587387084961e-01
5.393068194389343262e-01
5.039284825325012207e-01
3.373715579509735107e-01
3.544782400131225586e-01
3.641084134578704834e-01
6.156418919563293457e-01
5.394386649131774902e-01
5.250123739242553711e-01
5.671447515487670898e-01
6.266104578971862793e-01
3.316697478294372559e-01
3.859761357307434082e-01
3.364205956459045410e-01
4.721758365631103516e-01
6.170724034309387207e-01
5.872054100036621094e-01
5.461051464080810547e-01
5.815492868423461914e-01
6.293002963066101074e-01
5.792443752288818359e-01
3.488163053989410400e-01
3.373401761054992676e-01
3.760755360126495361e-01
5.716842412948608398e-01
5.664172172546386719e-01
4.874752163887023926e-01
4.833979010581970215e-01
3.308239579200744629e-01
3.860568404197692871e-01
3.764652013778686523e-01
3.569469153881072998e-01
6.198816299438476562e-01
5.928516387939453125e-01
5.527184009552001953e-01
4.149925410747528076e-01
4.520570337772369385e-01
6.232032179832458496e-01
5.441287159919738770e-01
3.685353696346282959e-01
3.521494865417480469e-01
3.468393981456756592e-01
5.565819740295410156e-01
3.568901121616363525e-01
5.292265415191650391e-01
4.961653351783752441e-01
6.129888296127319336e-01
4.240721762180328369e-01
3.866258263587951660e-01
4.439650177955627441e-01
6.240061521530151367e-01
6.245824098587036133e-01
3.633340299129486084e-01
3.511888086795806885e-01
3.361402153968811035e-01
3.467064201831817627e-01
5.777116417884826660e-01
5.996690392494201660e-01
4.557773768901824951e-01
3.475365638732910156e-01
3.423098325729370117e-01
6.294776797294616699e-01
6.055368781089782715e-01
3.411083817481994629e-01
3.602052032947540283e-01
3.362395465373992920e-01
3.916750848293304443e-01
5.417073965072631836e-01
4.564500451087951660e-01
3.415820896625518799e-01
3.456875681877136230e-01
3.742761313915252686e-01
6.008450388908386230e-01
5.721147060394287109e-01
6.271787285804748535e-01
3.613080084323883057e-01
3.960191011428833008e-01
3.424961268901824951e-01
6.055950522422790527e-01
5.689251422882080078e-01
5.190663933753967285e-01
3.717792332172393799e-01
3.492383658885955811e-01
6.227955818176269531e-01
3.707686364650726318e-01
3.577394783496856689e-01
6.255924701690673828e-01
5.589682459831237793e-01
3.556896150112152100e-01
4.180195033550262451e-01
3.470640778541564941e-01
4.435697197914123535e-01
5.678359270095825195e-01
5.912132859230041504e-01
3.424282073974609375e-01
4.581985771656036377e-01
5.589846968650817871e-01
4.870965778827667236e-01
5.950657129287719727e-01
5.316120386123657227e-01
6.026675701141357422e-01
3.716382682323455811e-01
3.438131809234619141e-01
5.321605205535888672e-01
3.393558859825134277e-01
3.556203842163085938e-01
6.232008934020996094e-01
6.050003170967102051e-01
4.074913561344146729e-01
5.808730721473693848e-01
6.211382150650024414e-01
3.446812331676483154e-01
5.143634676933288574e-01
4.091588854789733887e-01
3.531249463558197021e-01
3.402043581008911133e-01
3.556880950927734375e-01
5.654336214065551758e-01
3.994316458702087402e-01
3.702631592750549316e-01
5.038893222808837891e-01
3.389250040054321289e-01
3.711619079113006592e-01
3.878756165504455566e-01
3.363348841667175293e-01
6.035858988761901855e-01
3.423432409763336182e-01
6.221118569374084473e-01
3.335779309272766113e-01
4.497050940990447998e-01
5.925590991973876953e-01
3.555807173252105713e-01
5.281419754028320312e-01
3.651856184005737305e-01
5.003821849822998047e-01
6.331899166107177734e-01
3.500750660896301270e-01
6.152154803276062012e-01
4.222365915775299072e-01
3.390177190303802490e-01
6.283553242683410645e-01
3.986831605434417725e-01
5.138496756553649902e-01
3.937384188175201416e-01
5.184086561203002930e-01
5.589023828506469727e-01
3.817495703697204590e-01
3.718822002410888672e-01
3.936583697795867920e-01
3.495081365108489990e-01
4.124160408973693848e-01
4.326315522193908691e-01
6.286574602127075195e-01
3.327061533927917480e-01
5.314462780952453613e-01
3.734742999076843262e-01
5.598206520080566406e-01
3.958552181720733643e-01
3.954140543937683105e-01
6.018078327178955078e-01
3.979494869709014893e-01
3.652008771896362305e-01
5.475028157234191895e-01
3.877980709075927734e-01
4.904737472534179688e-01
6.306339502334594727e-01
5.808899402618408203e-01
3.558406233787536621e-01
3.408241569995880127e-01
6.381226778030395508e-01
4.159961044788360596e-01
3.499023020267486572e-01
3.442704677581787109e-01
4.617603421211242676e-01
5.860736370086669922e-01
3.447863459587097168e-01
6.021385788917541504e-01
3.499915897846221924e-01
6.097521781921386719e-01
3.453269898891448975e-01
3.410085737705230713e-01
3.667602837085723877e-01
5.708265900611877441e-01
6.160320043563842773e-01
5.037366747856140137e-01
3.378202319145202637e-01
3.647954165935516357e-01
5.621499419212341309e-01
5.779378414154052734e-01
6.179314255714416504e-01
6.366653442382812500e-01
