3.394416272640228271e-01
5.442903041839599609e-01
6.123697161674499512e-01
4.362434446811676025e-01
3.518290817737579346e-01
3.548273444175720215e-01
3.569669723510742188e-01
5.697816610336303711e-01
4.259393513202667236e-01
5.201264619827270508e-01
3.639004230499267578e-01
4.308777749538421631e-01
3.356894850730895996e-01
5.859993100166320801e-01
4.554834663867950439e-01
3.433328866958618164e-01
5.931013822555541992e-01
3.642360866069793701e-01
3.947922885417938232e-01
5.707966685295104980e-01
3.759182393550872803e-01
3.435618579387664795e-01
6.108497381210327148e-01
4.385509490966796875e-01
5.227202177047729492e-01
5.393209457397460938e-01
6.118839979171752930e-01
5.292330980300903320e-01
6.172037720680236816e-01
3.893466591835021973e-01
3.526269197463989258e-01
3.453086912631988525e-01
4.521313309669494629e-01
5.942096710205078125e-01
4.031438827514648438e-01
6.284821033477783203e-01
6.290701031684875488e-01
5.753871798515319824e-01
3.429716527462005615e-01
3.616796433925628662e-01
3.406378626823425293e-01
3.406524658203125000e-01
3.566640913486480713e-01
6.001483201980590820e-01
3.493616580963134766e-01
4.650626182556152344e-01
4.488541483879089355e-01
5.649204850196838379e-01
6.341902613639831543e-01
6.215980648994445801e-01
5.787022113800048828e-01
4.289096593856811523e-01
5.339426398277282715e-01
4.869292080402374268e-01
4.393017888069152832e-01
3.470692336559295654e-01
6.144311428070068359e-01
5.162337422370910645e-01
5.922581553459167480e-01
5.322448611259460449e-01
5.451153516769409180e-01
5.216593146324157715e-01
4.375860095024108887e-01
3.393418490886688232e-01
4.699332714080810547e-01
4.720662534236907959e-01
6.060044169425964355e-01
6.012508273124694824e-01
6.224515438079833984e-01
3.873924314975738525e-01
4.325385987758636475e-01
4.853569567203521729e-01
3.481427431106567383e-01
5.364978313446044922e-01
6.192880868911743164e-01
5.948627591133117676e-01
3.481653928756713867e-01
5.970340371131896973e-01
5.515562295913696289e-01
3.651344776153564453e-01
6.265988945960998535e-01
3.414809107780456543e-01
6.089646220207214355e-01
5.570874810218811035e-01
3.626145720481872559e-01
5.486274361610412598e-01
4.404330551624298096e-01
6.115569472312927246e-01
4.532430469989776611e-01
3.761287331581115723e-01
3.716618418693542480e-01
5.204316377639770508e-01
6.111223101615905762e-01
4.606624543666839600e-01
4.564841389656066895e-01
3.380275964736938477e-01
3.478254377841949463e-01
3.642733097076416016e-01
5.436903238296508789e-01
6.096702218055725098e-01
3.921485245227813721e-01
3.866194486618041992e-01
4.512352645397186279e-01
6.086937189102172852e-01
4.995097517967224121e-01
4.620587229728698730e-01
4.421316385269165039e-01
6.292100548744201660e-01
3.776983022689819336e-01
3.555684685707092285e-01
3.599842190742492676e-01
3.430224359035491943e-01
6.225581169128417969e-01
5.792729258537292480e-01
3.649475872516632080e-01
5.357845425605773926e-01
5.389737486839294434e-01
5.856154561042785645e-01
6.117497086524963379e-01
3.730514645576477051e-01
4.087041914463043213e-01
5.793769359588623047e-01
6.189057230949401855e-01
5.551875233650207520e-01
4.912433028221130371e-01
5.670203566551208496e-01
6.349067091941833496e-01
5.887058377265930176e-01
6.090372204780578613e-01
4.473543465137481689e-01
5.650148987770080566e-01
6.321540474891662598e-01
3.654125034809112549e-01
4.715248942375183105e-01
6.162622570991516113e-01
3.848502933979034424e-01
3.386005759239196777e-01
6.361145973205566406e-01
4.514940679073333740e-01
4.282859861850738525e-01
3.477625548839569092e-01
5.975049734115600586e-01
6.192184686660766602e-01
4.200918674468994141e-01
4.297398626804351807e-01
5.118513107299804688e-01
3.771793842315673828e-01
6.167529821395874023e-01
6.100643277168273926e-01
3.965238630771636963e-01
6.335282921791076660e-01
3.428818285465240479e-01
5.793690085411071777e-01
5.060806274414062500e-01
5.431498885154724121e-01
3.495451509952545166e-01
3.850739598274230957e-01
5.732895135879516602e-01
3.806207180023193359e-01
3.392227888107299805e-01
5.523476600646972656e-01
5.545288324356079102e-01
3.692330121994018555e-01
5.511187911033630371e-01
3.428103029727935791e-01
4.116088151931762695e-01
4.154621660709381104e-01
3.734546899795532227e-01
6.195466518402099609e-01
5.475277900695800781e-01
3.653112053871154785e-01
5.919092297554016113e-01
6.048794984817504883e-01
6.358891725540161133e-01
6.014175415039062500e-01
3.612859249114990234e-01
3.656197190284729004e-01
6.169593334197998047e-01
3.513247668743133545e-01
6.232467889785766602e-01
6.134835481643676758e-01
5.073837637901306152e-01
6.232147812843322754e-01
3.524133861064910889e-01
3.731951117515563965e-01
3.838447630405426025e-01
3.579374253749847412e-01
4.125956594944000244e-01
3.458921015262603760e-01
3.439289927482604980e-01
3.516323268413543701e-01
5.845707058906555176e-01
6.093573570251464844e-01
3.471517860889434814e-01
3.753916323184967041e-01
3.807387351989746094e-01
3.611041605472564697e-01
6.368996500968933105e-01
6.042169332504272461e-01
5.021326541900634766e-01
6.130395531654357910e-01
5.797647237777709961e-01
4.861418902873992920e-01
3.747281134128570557e-01
5.843293666839599609e-01
3.786932229995727539e-01
4.029918015003204346e-01
6.045012474060058594e-01
3.406645357608795166e-01
5.610561966896057129e-01
3.704952001571655273e-01
4.184402823448181152e-01
4.289491772651672363e-01
3.784943521022796631e-01
3.397989869117736816e-01
4.834265410900115967e-01
3.768234252929687500e-01
4.093974232673645020e-01
6.120996475219726562e-01
3.428740501403808594e-01
3.491286635398864746e-01
3.854641020298004150e-01
5.648460388183593750e-01
4.722178280353546143e-01
3.550484180450439453e-01
3.508140444755554199e-01
4.124081730842590332e-01
6.249845623970031738e-01
3.409189879894256592e-01
4.551336765289306641e-01
3.849530816078186035e-01
4.602660238742828369e-01
5.211054682731628418e-01
6.257810592651367188e-01
4.185501933097839355e-01
4.095068871974945068e-01
5.648990869522094727e-01
3.834221661090850830e-01
4.461901783943176270e-01
4.150972962379455566e-01
5.483059883117675781e-01
3.865492939949035645e-01
4.716389477252960205e-01
3.956144750118255615e-01
5.749728083610534668e-01
5.741729736328125000e-01
5.357640385627746582e-01
4.779269993305206299e-01
5.919382572174072266e-01
5.132544040679931641e-01
6.030956506729125977e-01
5.526729226112365723e-01
3.568644821643829346e-01
3.812469244003295898e-01
6.072076559066772461e-01
6.150993704795837402e-01
3.445193469524383545e-01
4.069124758243560791e-01
6.192662715911865234e-01
3.483430147171020508e-01
6.327122449874877930e-01
5.549330115318298340e-01
5.798965096473693848e-01
3.835480213165283203e-01
5.271359086036682129e-01
6.312218308448791504e-01
3.638580143451690674e-01
5.628879070281982422e-01
6.201756596565246582e-01
5.930452346801757812e-01
5.630919337272644043e-01
5.497346520423889160e-01
3.780759871006011963e-01
3.923916816711425781e-01
3.626210987567901611e-01
4.018070995807647705e-01
4.064749181270599365e-01
6.089239120483398438e-01
3.417818844318389893e-01
3.744369149208068848e-01
6.161441802978515625e-01
3.632223904132843018e-01
4.429701566696166992e-01
6.121754050254821777e-01
5.403810739517211914e-01
4.610808491706848145e-01
3.561395406723022461e-01
6.295685768127441406e-01
6.204412579536437988e-01
4.890177249908447266e-01
3.641354143619537354e-01
5.539328455924987793e-01
6.278573274612426758e-01
4.364185035228729248e-01
3.648009598255157471e-01
4.604190289974212646e-01
6.051484942436218262e-01
5.139653682708740234e-01
4.055763185024261475e-01
3.552594184875488281e-01
5.217952132225036621e-01
5.630516409873962402e-01
4.867346584796905518e-01
3.709930181503295898e-01
6.097551584243774414e-01
3.534065783023834229e-01
5.033469796180725098e-01
6.276280283927917480e-01
5.995544195175170898e-01
6.003659963607788086e-01
6.043859720230102539e-01
6.096090078353881836e-01
5.305543541908264160e-01
3.823246955871582031e-01
3.764238953590393066e-01
5.460026860237121582e-01
5.243060588836669922e-01
3.435110449790954590e-01
3.354180455207824707e-01
6.095503568649291992e-01
3.913505375385284424e-01
5.701293349266052246e-01
5.995657444000244141e-01
3.503570854663848877e-01
6.118044257164001465e-01
3.890251517295837402e-01
3.579184412956237793e-01
3.752036988735198975e-01
6.293361783027648926e-01
5.901093482971191406e-01
6.113594770431518555e-01
6.071314215660095215e-01
4.915602803230285645e-01
6.295327544212341309e-01
6.040486097335815430e-01
3.431966304779052734e-01
5.222630500793457031e-01
3.541998565196990967e-01
6.020259857177734375e-01
5.236164331436157227e-01
3.721603155136108398e-01
3.705376386642456055e-01
3.597104251384735107e-01
6.314638257026672363e-01
6.207748651504516602e-01
5.941227078437805176e-01
4.848945736885070801e-01
3.657468855381011963e-01
5.876627564430236816e-01
3.498533070087432861e-01
5.876101255416870117e-01
4.664695262908935547e-01
3.827814757823944092e-01
5.885884761810302734e-01
4.183427393436431885e-01
6.306754946708679199e-01
5.263545513153076172e-01
5.536785125732421875e-01
4.023017585277557373e-01
6.014070510864257812e-01
4.589567780494689941e-01
3.754438757896423340e-01
6.004421710968017578e-01
5.889922976493835449e-01
3.686701357364654541e-01
3.579589724540710449e-01
6.237999796867370605e-01
3.471264243125915527e-01
4.157965779304504395e-01
6.135132908821105957e-01
5.582187771797180176e-01
5.332263708114624023e-01
6.301164627075195312e-01
3.700183629989624023e-01
5.560347437858581543e-01
6.197217702865600586e-01
3.607251048088073730e-01
5.802772641181945801e-01
6.313954591751098633e-01
6.326126456260681152e-01
4.355083107948303223e-01
6.011107563972473145e-01
3.921325504779815674e-01
6.217836141586303711e-01
3.359917402267456055e-01
4.593277871608734131e-01
6.325837969779968262e-01
4.306659698486328125e-01
4.801707565784454346e-01
3.845961093902587891e-01
3.843054175376892090e-01
4.196096956729888916e-01
4.558778405189514160e-01
5.708873867988586426e-01
3.538378477096557617e-01
6.207906603813171387e-01
6.181962490081787109e-01
3.753947615623474121e-01
5.845808386802673340e-01
4.014118611812591553e-01
4.195343554019927979e-01
5.564607381820678711e-01
3.648227155208587646e-01
3.480667471885681152e-01
3.823790550231933594e-01
6.333996653556823730e-01
6.244435310363769531e-01
5.702796578407287598e-01
6.317937970161437988e-01
5.481073260307312012e-01
4.106062948703765869e-01
4.078238904476165771e-01
6.236748695373535156e-01
3.444359898567199707e-01
4.059368073940277100e-01
4.935673773288726807e-01
5.968770384788513184e-01
5.188996791839599609e-01
4.558036327362060547e-01
4.922378957271575928e-01
6.221735477447509766e-01
6.154362559318542480e-01
3.520008325576782227e-01
5.109330415725708008e-01
3.479045629501342773e-01
6.100748777389526367e-01
5.682729482650756836e-01
6.173986792564392090e-01
4.276773929595947266e-01
3.859093785285949707e-01
5.946872234344482422e-01
5.446929931640625000e-01
4.467022418975830078e-01
5.479125380516052246e-01
4.897218346595764160e-01
4.436160027980804443e-01
6.138850450515747070e-01
3.656390607357025146e-01
4.192000627517700195e-01
5.612075328826904297e-01
6.099827289581298828e-01
6.341784596443176270e-01
3.974136114120483398e-01
6.200389862060546875e-01
5.784383416175842285e-01
4.861252307891845703e-01
3.566781580448150635e-01
5.426535606384277344e-01
3.785563111305236816e-01
3.950218558311462402e-01
3.588876426219940186e-01
3.388204574584960938e-01
3.429670333862304688e-01
3.421872556209564209e-01
3.833012282848358154e-01
6.077417135238647461e-01
5.290667414665222168e-01
3.458639085292816162e-01
3.875942230224609375e-01
3.635689616203308105e-01
3.470382392406463623e-01
4.375034570693969727e-01
3.729520738124847412e-01
4.139052629470825195e-01
3.363487124443054199e-01
5.057947039604187012e-01
5.027569532394409180e-01
5.859337449073791504e-01
3.862940073013305664e-01
3.579797148704528809e-01
4.314625859260559082e-01
4.410136044025421143e-01
3.723447322845458984e-01
3.933604359626770020e-01
6.031627058982849121e-01
5.718250274658203125e-01
3.530541658401489258e-01
4.269943535327911377e-01
3.454812169075012207e-01
5.982836484909057617e-01
3.734228014945983887e-01
6.205094456672668457e-01
6.181082129478454590e-01
6.198722124099731445e-01
6.165414452552795410e-01
5.327333807945251465e-01
3.712145984172821045e-01
3.956733047962188721e-01
3.603408336639404297e-01
3.466608226299285889e-01
5.274093151092529297e-01
4.340432584285736084e-01
6.117507815361022949e-01
6.223668456077575684e-01
5.952211618423461914e-01
5.343758463859558105e-01
3.599586784839630127e-01
6.070352792739868164e-01
3.833265900611877441e-01
3.980386257171630859e-01
3.642444014549255371e-01
3.719203174114227295e-01
5.976705551147460938e-01
5.255292057991027832e-01
5.848869681358337402e-01
4.509256184101104736e-01
3.683956563472747803e-01
3.444745838642120361e-01
3.487372994422912598e-01
5.885866880416870117e-01
4.102894067764282227e-01
3.549284934997558594e-01
3.671939671039581299e-01
3.448027372360229492e-01
5.200496912002563477e-01
3.574431240558624268e-01
5.842763781547546387e-01
6.164050102233886719e-01
4.526119828224182129e-01
3.698292076587677002e-01
3.437866270542144775e-01
6.292289495468139648e-01
6.080453395843505859e-01
5.914288759231567383e-01
4.695086181163787842e-01
4.554447829723358154e-01
3.856759369373321533e-01
3.925996720790863037e-01
5.354705452919006348e-01
5.051166415214538574e-01
4.037761688232421875e-01
6.195805072784423828e-01
6.123774051666259766e-01
5.656624436378479004e-01
3.443671762943267822e-01
3.637648522853851318e-01
5.425501465797424316e-01
6.088698506355285645e-01
3.445953726768493652e-01
3.825170397758483887e-01
4.733094274997711182e-01
5.288316011428833008e-01
3.696544468402862549e-01
3.384801745414733887e-01
5.453194379806518555e-01
4.474680423736572266e-01
5.334989428520202637e-01
3.339245021343231201e-01
5.553458929061889648e-01
5.689500570297241211e-01
3.421766459941864014e-01
4.820036292076110840e-01
3.542895317077636719e-01
5.308359265327453613e-01
5.430441498756408691e-01
5.422047972679138184e-01
3.445172011852264404e-01
6.212341785430908203e-01
6.227504611015319824e-01
6.113871335983276367e-01
3.888727128505706787e-01
3.933117091655731201e-01
5.540704131126403809e-01
6.225437521934509277e-01
4.061482250690460205e-01
5.794948339462280273e-01
4.020050466060638428e-01
6.326264142990112305e-01
3.880817890167236328e-01
6.157394051551818848e-01
6.080743074417114258e-01
5.464735031127929688e-01
5.624765157699584961e-01
5.458400249481201172e-01
3.843363523483276367e-01
3.550901412963867188e-01
3.432248234748840332e-01
5.956766009330749512e-01
5.216898918151855469e-01
3.857846558094024658e-01
5.527718663215637207e-01
5.297461748123168945e-01
3.832346796989440918e-01
4.079211354255676270e-01
6.233264207839965820e-01
5.636458992958068848e-01
5.449025034904479980e-01
4.312539994716644287e-01
3.410028815269470215e-01
6.119454503059387207e-01
4.886083602905273438e-01
5.286569595336914062e-01
3.534330129623413086e-01
5.644305348396301270e-01
3.709748089313507080e-01
6.033220291137695312e-01
3.565924465656280518e-01
5.989098548889160156e-01
3.641144335269927979e-01
6.226091980934143066e-01
4.762403368949890137e-01
6.230120658874511719e-01
3.663734495639801025e-01
6.250752210617065430e-01
3.383218646049499512e-01
5.823833346366882324e-01
6.034122109413146973e-01
5.712814927101135254e-01
5.045027136802673340e-01
4.368346929550170898e-01
4.596410393714904785e-01
3.777593970298767090e-01
5.064870715141296387e-01
5.404045581817626953e-01
6.202776432037353516e-01
5.757445096969604492e-01
3.618059456348419189e-01
5.951189398765563965e-01
3.778966963291168213e-01
3.692805767059326172e-01
3.409349620342254639e-01
3.405270874500274658e-01
6.335005760192871094e-01
3.582101464271545410e-01
5.270453691482543945e-01
3.432492613792419434e-01
5.368907451629638672e-01
5.741802453994750977e-01
3.628059029579162598e-01
5.237798094749450684e-01
4.389788210391998291e-01
6.010246276855468750e-01
4.086926281452178955e-01
6.292506456375122070e-01
5.440046787261962891e-01
3.635506331920623779e-01
3.926819264888763428e-01
4.028321802616119385e-01
6.270264387130737305e-01
5.075555443763732910e-01
5.888125300407409668e-01
3.692249655723571777e-01
3.433981239795684814e-01
4.940976500511169434e-01
3.477381467819213867e-01
5.928798913955688477e-01
4.144763648509979248e-01
3.660388588905334473e-01
6.240867972373962402e-01
5.044176578521728516e-01
3.797475993633270264e-01
5.362532734870910645e-01
5.781476497650146484e-01
6.080453395843505859e-01
5.483521819114685059e-01
4.133645296096801758e-01
5.864645838737487793e-01
6.125960946083068848e-01
3.368855118751525879e-01
6.251962184906005859e-01
5.522156357765197754e-01
5.848168134689331055e-01
3.878552317619323730e-01
6.001670360565185547e-01
3.642753362655639648e-01
3.660167753696441650e-01
3.626264631748199463e-01
4.726024270057678223e-01
4.579979479312896729e-01
3.943884670734405518e-01
4.820409119129180908e-01
5.472276210784912109e-01
6.206500530242919922e-01
4.086188077926635742e-01
3.525585830211639404e-01
6.064589619636535645e-01
6.055869460105895996e-01
3.734962642192840576e-01
4.450207054615020752e-01
3.418025374412536621e-01
4.482184946537017822e-01
5.262833833694458008e-01
6.154714226722717285e-01
3.562213480472564697e-01
5.456401705741882324e-01
6.079684495925903320e-01
3.396500647068023682e-01
6.351975202560424805e-01
6.107020974159240723e-01
3.746402859687805176e-01
4.531118273735046387e-01
5.070371627807617188e-01
3.705063462257385254e-01
6.029532551765441895e-01
3.818912506103515625e-01
5.638919472694396973e-01
4.189054965972900391e-01
3.436032533645629883e-01
5.869156122207641602e-01
5.684038996696472168e-01
5.586391091346740723e-01
5.410103797912597656e-01
5.963774323463439941e-01
6.252406239509582520e-01
6.001448035240173340e-01
3.620240092277526855e-01
5.690208077430725098e-01
5.826119184494018555e-01
5.686157941818237305e-01
6.247545480728149414e-01
5.341026186943054199e-01
3.399794399738311768e-01
6.299967169761657715e-01
5.178282856941223145e-01
6.240206956863403320e-01
4.183945953845977783e-01
5.121486186981201172e-01
4.385018050670623779e-01
6.024240851402282715e-01
3.694565296173095703e-01
4.634904563426971436e-01
3.501399159431457520e-01
5.877800583839416504e-01
5.598014593124389648e-01
5.171310901641845703e-01
3.619709014892578125e-01
3.868833780288696289e-01
3.525303900241851807e-01
3.547643125057220459e-01
3.902311325073242188e-01
6.228253841400146484e-01
4.295371174812316895e-01
3.378032445907592773e-01
3.460484743118286133e-01
3.591479659080505371e-01
5.822705626487731934e-01
3.869790434837341309e-01
6.326296329498291016e-01
5.354598164558410645e-01
3.518157005310058594e-01
3.504941463470458984e-01
6.194169521331787109e-01
5.874851942062377930e-01
5.944774150848388672e-01
3.817191123962402344e-01
6.122148036956787109e-01
4.894416034221649170e-01
5.780888795852661133e-01
4.314680993556976318e-01
5.728781819343566895e-01
3.577708601951599121e-01
3.811932206153869629e-01
4.948472976684570312e-01
3.558014631271362305e-01
4.451148211956024170e-01
5.891914963722229004e-01
3.631758391857147217e-01
5.526411533355712891e-01
5.273190140724182129e-01
5.705484747886657715e-01
4.890423417091369629e-01
4.040052294731140137e-01
5.683240294456481934e-01
4.785655438899993896e-01
3.684822022914886475e-01
5.012809038162231445e-01
6.312666535377502441e-01
3.945628702640533447e-01
5.033380985260009766e-01
4.331383109092712402e-01
5.662449598312377930e-01
3.930245637893676758e-01
3.554354012012481689e-01
3.396416604518890381e-01
4.291587471961975098e-01
3.834494948387145996e-01
4.108219444751739502e-01
5.113422274589538574e-01
3.996464610099792480e-01
5.545305609703063965e-01
3.784953057765960693e-01
4.285406172275543213e-01
4.885158836841583252e-01
3.396812677383422852e-01
3.695056736469268799e-01
4.680833518505096436e-01
6.123421788215637207e-01
6.042301654815673828e-01
5.979731082916259766e-01
3.941709697246551514e-01
6.261791586875915527e-01
5.785727500915527344e-01
6.156226992607116699e-01
4.625005722045898438e-01
6.272984147071838379e-01
6.314837932586669922e-01
3.824969530105590820e-01
3.695343136787414551e-01
3.848753571510314941e-01
3.562770485877990723e-01
3.609190583229064941e-01
5.121832489967346191e-01
3.949437439441680908e-01
3.483343422412872314e-01
4.340121746063232422e-01
5.751150250434875488e-01
3.669695854187011719e-01
3.695246875286102295e-01
6.009540557861328125e-01
4.112689197063446045e-01
5.463393926620483398e-01
3.657430410385131836e-01
3.668601512908935547e-01
5.479267239570617676e-01
4.902260005474090576e-01
3.750900924205780029e-01
5.908628106117248535e-01
3.460247218608856201e-01
4.013548195362091064e-01
5.812194347381591797e-01
3.965979516506195068e-01
3.578025102615356445e-01
6.245157718658447266e-01
3.771816790103912354e-01
4.830740392208099365e-01
6.221505999565124512e-01
3.875921070575714111e-01
5.809693932533264160e-01
6.149140000343322754e-01
3.515276908874511719e-01
6.338745355606079102e-01
5.293412208557128906e-01
6.167815923690795898e-01
4.122375249862670898e-01
4.511787593364715576e-01
5.889083743095397949e-01
3.739086091518402100e-01
3.358256816864013672e-01
5.984847545623779297e-01
5.804431438446044922e-01
6.029136180877685547e-01
3.652823865413665771e-01
5.108186006546020508e-01
3.665411174297332764e-01
6.243135929107666016e-01
5.471737384796142578e-01
6.243100166320800781e-01
5.220134854316711426e-01
6.097165346145629883e-01
3.361586034297943115e-01
4.504376649856567383e-01
5.820937752723693848e-01
3.814382851123809814e-01
4.720418751239776611e-01
5.500999689102172852e-01
4.309343695640563965e-01
5.828793048858642578e-01
3.806437849998474121e-01
6.017645597457885742e-01
6.205472350120544434e-01
4.003265500068664551e-01
4.431484639644622803e-01
3.463965058326721191e-01
3.438688218593597412e-01
6.189541220664978027e-01
5.878292322158813477e-01
6.232566237449645996e-01
6.090397834777832031e-01
5.193853974342346191e-01
3.890331983566284180e-01
3.648141324520111084e-01
6.241000294685363770e-01
6.037351489067077637e-01
5.385612845420837402e-01
6.198854446411132812e-01
5.473892092704772949e-01
4.876816868782043457e-01
3.428665697574615479e-01
3.739614188671112061e-01
5.480778217315673828e-01
3.613616824150085449e-01
6.149883866310119629e-01
3.364422321319580078e-01
6.276800036430358887e-01
6.003450155258178711e-01
4.359597265720367432e-01
5.971291661262512207e-01
3.978478014469146729e-01
5.801497697830200195e-01
3.735995888710021973e-01
6.157619953155517578e-01
3.751900494098663330e-01
5.041090250015258789e-01
5.294275879859924316e-01
3.509997725486755371e-01
3.760608732700347900e-01
6.325507164001464844e-01
5.584403276443481445e-01
3.385117053985595703e-01
6.241574883460998535e-01
6.361086964607238770e-01
6.035425066947937012e-01
5.949657559394836426e-01
6.155313253402709961e-01
3.824193775653839111e-01
3.826628625392913818e-01
3.672629594802856445e-01
6.222248077392578125e-01
3.489478230476379395e-01
3.397564589977264404e-01
5.771856307983398438e-01
5.788172483444213867e-01
3.697573542594909668e-01
4.264433383941650391e-01
3.633848130702972412e-01
3.469603955745697021e-01
5.973457694053649902e-01
3.598825037479400635e-01
6.204278469085693359e-01
5.471916198730468750e-01
4.012825489044189453e-01
3.402157425880432129e-01
4.513697326183319092e-01
5.867463946342468262e-01
3.385885953903198242e-01
3.828293979167938232e-01
6.121584177017211914e-01
3.848061561584472656e-01
6.191079616546630859e-01
3.602039515972137451e-01
4.243015646934509277e-01
6.242150068283081055e-01
6.089932322502136230e-01
3.867200016975402832e-01
6.295860409736633301e-01
5.879020094871520996e-01
3.379145860671997070e-01
6.306211948394775391e-01
3.467237055301666260e-01
3.378908932209014893e-01
4.782279431819915771e-01
4.327688515186309814e-01
3.970283567905426025e-01
5.981749296188354492e-01
6.096276640892028809e-01
4.594575166702270508e-01
3.435914814472198486e-01
3.579099178314208984e-01
6.252149939537048340e-01
4.362893998622894287e-01
5.013862252235412598e-01
4.401170313358306885e-01
5.803951621055603027e-01
3.954688012599945068e-01
5.889173150062561035e-01
3.917406499385833740e-01
3.845263421535491943e-01
4.045446217060089111e-01
3.405252397060394287e-01
5.283063054084777832e-01
4.734943509101867676e-01
4.123257696628570557e-01
6.194180846214294434e-01
3.730469942092895508e-01
3.760638535022735596e-01
5.375340580940246582e-01
3.632105290889739990e-01
5.918190479278564453e-01
3.549611568450927734e-01
3.390597403049468994e-01
5.123851895332336426e-01
3.863668143749237061e-01
6.196269989013671875e-01
3.536461293697357178e-01
4.135539531707763672e-01
6.299799680709838867e-01
4.184194505214691162e-01
5.774401426315307617e-01
3.546818196773529053e-01
4.654917418956756592e-01
5.968490242958068848e-01
5.223733782768249512e-01
3.396921455860137939e-01
6.245142817497253418e-01
4.119874835014343262e-01
6.009449362754821777e-01
3.916831016540527344e-01
4.792695045471191406e-01
3.752237260341644287e-01
3.370143771171569824e-01
6.356503963470458984e-01
4.126226902008056641e-01
3.359259068965911865e-01
6.181734800338745117e-01
5.164179205894470215e-01
4.206727445125579834e-01
5.307824015617370605e-01
5.460214018821716309e-01
3.618267476558685303e-01
3.618970811367034912e-01
5.082963109016418457e-01
6.325563192367553711e-01
3.432320058345794678e-01
5.674403309822082520e-01
6.076896190643310547e-01
3.994731307029724121e-01
4.690789282321929932e-01
5.737838745117187500e-01
6.265836954116821289e-01
3.927673995494842529e-01
3.391960263252258301e-01
3.984629511833190918e-01
6.228353381156921387e-01
4.696250557899475098e-01
3.971521556377410889e-01
5.344812273979187012e-01
6.007218956947326660e-01
4.667046964168548584e-01
3.677835762500762939e-01
5.765918493270874023e-01
6.024550199508666992e-01
3.477874398231506348e-01
4.904949665069580078e-01
3.558338582515716553e-01
5.232621431350708008e-01
4.082162976264953613e-01
4.458093941211700439e-01
5.945432782173156738e-01
4.555464982986450195e-01
4.870045185089111328e-01
3.532727360725402832e-01
6.146535873413085938e-01
6.287154555320739746e-01
4.835862815380096436e-01
4.654511511325836182e-01
4.896053373813629150e-01
6.171700954437255859e-01
5.884523391723632812e-01
4.085990786552429199e-01
3.806228637695312500e-01
3.820909559726715088e-01
5.633501410484313965e-01
6.211799383163452148e-01
5.918490290641784668e-01
3.901078701019287109e-01
5.650820136070251465e-01
3.390944898128509521e-01
4.067626297473907471e-01
4.006153047084808350e-01
4.726583957672119141e-01
5.971006155014038086e-01
5.504913926124572754e-01
3.797571659088134766e-01
5.698859095573425293e-01
4.964521825313568115e-01
3.369836509227752686e-01
6.175102591514587402e-01
5.565769672393798828e-01
6.206017136573791504e-01
4.495680034160614014e-01
3.523542881011962891e-01
3.991264700889587402e-01
4.691838324069976807e-01
3.570449352264404297e-01
3.390695154666900635e-01
5.909255146980285645e-01
5.696065425872802734e-01
5.522917509078979492e-01
4.697358310222625732e-01
6.317974925041198730e-01
3.963241577148437500e-01
6.219441294670104980e-01
6.298249959945678711e-01
3.755631148815155029e-01
4.528542160987854004e-01
4.272108972072601318e-01
6.207422614097595215e-01
5.714581608772277832e-01
5.679596066474914551e-01
5.912962555885314941e-01
3.839694261550903320e-01
3.464621007442474365e-01
6.083577275276184082e-01
6.169058084487915039e-01
3.475064933300018311e-01
3.574127554893493652e-01
6.321488022804260254e-01
6.176564097404479980e-01
6.078858375549316406e-01
6.365277171134948730e-01
5.356926321983337402e-01
6.135185360908508301e-01
5.326674580574035645e-01
3.430022299289703369e-01
5.404887199401855469e-01
6.337831616401672363e-01
5.728387832641601562e-01
5.355867147445678711e-01
3.916599452495574951e-01
6.082242727279663086e-01
5.620363354682922363e-01
3.404489159584045410e-01
5.549491047859191895e-01
4.830161929130554199e-01
3.790441155433654785e-01
4.511688649654388428e-01
6.306347846984863281e-01
3.822840154170989990e-01
4.550215899944305420e-01
6.096391081809997559e-01
5.176618695259094238e-01
5.737919211387634277e-01
3.724282085895538330e-01
4.024249315261840820e-01
3.424362242221832275e-01
5.944241881370544434e-01
5.923343896865844727e-01
5.731108188629150391e-01
5.269695520401000977e-01
3.551830053329467773e-01
6.247344017028808594e-01
3.581816554069519043e-01
4.134932160377502441e-01
6.347808837890625000e-01
3.579429686069488525e-01
6.211386322975158691e-01
5.955131649971008301e-01
3.916166722774505615e-01
6.159228682518005371e-01
5.962218642234802246e-01
6.139392256736755371e-01
5.941109657287597656e-01
3.678269088268280029e-01
4.822817444801330566e-01
3.492240607738494873e-01
3.530621230602264404e-01
6.236577033996582031e-01
3.853493332862854004e-01
6.061527132987976074e-01
6.101518273353576660e-01
5.725853443145751953e-01
3.515290617942810059e-01
6.057309508323669434e-01
4.688455462455749512e-01
4.571106135845184326e-01
4.968770444393157959e-01
5.583787560462951660e-01
6.321820020675659180e-01
5.434457063674926758e-01
4.994383156299591064e-01
4.103996455669403076e-01
4.037947356700897217e-01
5.413400530815124512e-01
4.787531793117523193e-01
6.219182014465332031e-01
3.978683352470397949e-01
4.389020204544067383e-01
4.681819081306457520e-01
6.149826645851135254e-01
3.654677271842956543e-01
6.029927134513854980e-01
6.275374889373779297e-01
5.886552333831787109e-01
3.392603397369384766e-01
3.631041049957275391e-01
6.337530612945556641e-01
5.299662351608276367e-01
3.488508760929107666e-01
5.660384893417358398e-01
3.743015825748443604e-01
5.666655302047729492e-01
5.494645833969116211e-01
3.415165543556213379e-01
4.106247127056121826e-01
3.604471087455749512e-01
3.893845677375793457e-01
5.848619937896728516e-01
4.785098135471343994e-01
4.118499755859375000e-01
6.236349344253540039e-01
3.396629989147186279e-01
4.353258907794952393e-01
6.336822509765625000e-01
5.309658050537109375e-01
5.448902249336242676e-01
6.233599185943603516e-01
6.308304667472839355e-01
5.089736580848693848e-01
5.648455619812011719e-01
3.930562436580657959e-01
5.556630492210388184e-01
3.862183988094329834e-01
5.973368883132934570e-01
5.785752534866333008e-01
3.736401498317718506e-01
5.410353541374206543e-01
6.065421700477600098e-01
4.161904454231262207e-01
4.019050002098083496e-01
3.646994233131408691e-01
6.068583726882934570e-01
6.204264760017395020e-01
4.873250126838684082e-01
4.960315525531768799e-01
3.677425086498260498e-01
5.767714381217956543e-01
3.484499156475067139e-01
3.401777446269989014e-01
3.516156971454620361e-01
3.521693944931030273e-01
5.477337241172790527e-01
6.215010881423950195e-01
6.336655020713806152e-01
5.689073801040649414e-01
3.581015765666961670e-01
5.592690706253051758e-01
5.512764453887939453e-01
6.140584945678710938e-01
6.018060445785522461e-01
3.795800507068634033e-01
4.701390266418457031e-01
6.236276030540466309e-01
3.390741646289825439e-01
3.598731756210327148e-01
5.535486340522766113e-01
3.413131535053253174e-01
5.714278221130371094e-01
3.371668756008148193e-01
4.304896891117095947e-01
3.475903570652008057e-01
3.952471613883972168e-01
4.511978924274444580e-01
3.948957622051239014e-01
6.331120729446411133e-01
5.659022331237792969e-01
6.213738322257995605e-01
4.801388680934906006e-01
3.582878112792968750e-01
3.808731138706207275e-01
4.542058408260345459e-01
5.807631611824035645e-01
6.053778529167175293e-01
3.412479758262634277e-01
5.571020841598510742e-01
3.614868819713592529e-01
3.897277712821960449e-01
3.655419945716857910e-01
6.108104586601257324e-01
6.322433352470397949e-01
4.428208172321319580e-01
6.270442605018615723e-01
3.547339439392089844e-01
6.275137066841125488e-01
6.204962730407714844e-01
5.162903666496276855e-01
6.292040944099426270e-01
3.359435200691223145e-01
3.850489258766174316e-01
5.414282679557800293e-01
6.273950338363647461e-01
6.041994094848632812e-01
3.438562750816345215e-01
3.485744893550872803e-01
6.026303172111511230e-01
4.414254724979400635e-01
3.434905707836151123e-01
6.194816827774047852e-01
5.948519110679626465e-01
5.493988990783691406e-01
3.471274673938751221e-01
5.962171554565429688e-01
3.434185087680816650e-01
3.801446557044982910e-01
5.317163467407226562e-01
4.183207750320434570e-01
4.659991264343261719e-01
4.801211655139923096e-01
3.557431399822235107e-01
3.457216024398803711e-01
3.404545187950134277e-01
3.394701182842254639e-01
3.904330134391784668e-01
5.923979282379150391e-01
4.937230944633483887e-01
5.414150357246398926e-01
6.160103678703308105e-01
6.274927258491516113e-01
3.928593993186950684e-01
3.480880260467529297e-01
5.739888548851013184e-01
5.437623858451843262e-01
5.657633543014526367e-01
3.412186801433563232e-01
6.220433115959167480e-01
3.775873184204101562e-01
3.892651498317718506e-01
4.363587498664855957e-01
3.839091956615447998e-01
3.761864900588989258e-01
5.214757919311523438e-01
5.664199590682983398e-01
3.621254861354827881e-01
3.777930736541748047e-01
5.897148847579956055e-01
3.828615546226501465e-01
4.195437133312225342e-01
6.225792169570922852e-01
5.794343352317810059e-01
5.767223238945007324e-01
4.568066000938415527e-01
4.320210814476013184e-01
5.621145963668823242e-01
6.095929741859436035e-01
3.866290748119354248e-01
4.543689191341400146e-01
5.565335750579833984e-01
3.502766191959381104e-01
3.464609980583190918e-01
4.234104454517364502e-01
4.121845662593841553e-01
4.422866106033325195e-01
5.201964974403381348e-01
3.412806093692779541e-01
6.211597323417663574e-01
5.694864392280578613e-01
5.843771100044250488e-01
4.814384281635284424e-01
5.236285328865051270e-01
5.495163202285766602e-01
4.491185247898101807e-01
3.466204106807708740e-01
5.725278854370117188e-01
3.875512182712554932e-01
6.235199570655822754e-01
3.502480387687683105e-01
4.150996208190917969e-01
3.620377779006958008e-01
4.257242083549499512e-01
3.736201524734497070e-01
4.273533225059509277e-01
5.742539167404174805e-01
4.541995525360107422e-01
3.472022712230682373e-01
4.262691140174865723e-01
4.917110502719879150e-01
6.357442140579223633e-01
3.379772007465362549e-01
3.448558747768402100e-01
4.841959774494171143e-01
6.066329479217529297e-01
3.447866141796112061e-01
4.028331935405731201e-01
3.625952005386352539e-01
4.494796395301818848e-01
5.341448783874511719e-01
6.115117073059082031e-01
6.110859513282775879e-01
3.470431566238403320e-01
5.938556790351867676e-01
5.939078927040100098e-01
4.580861926078796387e-01
6.170115470886230469e-01
5.744450688362121582e-01
6.177141666412353516e-01
5.800362825393676758e-01
3.931216895580291748e-01
4.447302222251892090e-01
5.560166239738464355e-01
3.649198412895202637e-01
5.387431383132934570e-01
4.751719534397125244e-01
3.624701201915740967e-01
5.969340205192565918e-01
5.350592136383056641e-01
5.833670496940612793e-01
3.761215209960937500e-01
6.219297051429748535e-01
4.591816067695617676e-01
3.478398025035858154e-01
4.474920034408569336e-01
6.294046044349670410e-01
3.708278834819793701e-01
5.643226504325866699e-01
5.363222956657409668e-01
3.489660024642944336e-01
3.620718717575073242e-01
4.173509180545806885e-01
3.945040702819824219e-01
5.879651904106140137e-01
6.356714963912963867e-01
4.273776710033416748e-01
3.545757532119750977e-01
5.705209374427795410e-01
6.102337837219238281e-01
4.735915064811706543e-01
3.571594953536987305e-01
3.405165076255798340e-01
6.135320663452148438e-01
3.717891871929168701e-01
6.126294136047363281e-01
6.019062995910644531e-01
3.575159907341003418e-01
3.535724282264709473e-01
5.711681842803955078e-01
5.654929876327514648e-01
3.565574884414672852e-01
3.841815292835235596e-01
4.535607695579528809e-01
3.442132472991943359e-01
5.826687812805175781e-01
5.469070672988891602e-01
5.975278615951538086e-01
3.658000230789184570e-01
6.134260892868041992e-01
6.136375665664672852e-01
5.389913916587829590e-01
4.839672446250915527e-01
6.219378113746643066e-01
4.074225127696990967e-01
3.649361729621887207e-01
3.449232578277587891e-01
6.291586160659790039e-01
3.660365045070648193e-01
3.816038370132446289e-01
3.543182313442230225e-01
3.902578353881835938e-01
4.427623748779296875e-01
4.752804040908813477e-01
5.582756996154785156e-01
5.670093297958374023e-01
6.003695130348205566e-01
6.279271841049194336e-01
4.502761065959930420e-01
3.747504949569702148e-01
6.164926290512084961e-01
3.894015550613403320e-01
6.225702762603759766e-01
6.207330822944641113e-01
4.520709216594696045e-01
5.411800146102905273e-01
5.892916321754455566e-01
5.098542571067810059e-01
3.720190525054931641e-01
6.038266420364379883e-01
4.313741624355316162e-01
6.160444617271423340e-01
3.984139561653137207e-01
3.798770010471343994e-01
5.638296008110046387e-01
3.430027961730957031e-01
3.609193563461303711e-01
3.772747516632080078e-01
6.257997751235961914e-01
5.860050320625305176e-01
5.047296285629272461e-01
3.480564653873443604e-01
3.812468647956848145e-01
6.155496835708618164e-01
5.639384984970092773e-01
5.882496237754821777e-01
6.123090386390686035e-01
3.635049462318420410e-01
6.160460710525512695e-01
6.286348700523376465e-01
4.495273232460021973e-01
5.783354640007019043e-01
5.270261168479919434e-01
4.456495642662048340e-01
3.910744488239288330e-01
5.351023674011230469e-01
6.101971864700317383e-01
4.162619411945343018e-01
4.664312303066253662e-01
3.914992809295654297e-01
3.394867181777954102e-01
4.066631197929382324e-01
4.767668545246124268e-01
5.312620997428894043e-01
6.220967769622802734e-01
3.547178804874420166e-01
5.397620201110839844e-01
3.602151870727539062e-01
6.354886889457702637e-01
6.075217723846435547e-01
5.569972395896911621e-01
6.047846674919128418e-01
5.936782956123352051e-01
6.237037777900695801e-01
4.406524002552032471e-01
4.448947906494140625e-01
3.627963662147521973e-01
3.440929651260375977e-01
6.104552745819091797e-01
4.061408340930938721e-01
5.851521492004394531e-01
3.971099555492401123e-01
4.037719368934631348e-01
3.545078337192535400e-01
4.535345137119293213e-01
4.728854596614837646e-01
6.037735939025878906e-01
5.685610771179199219e-01
3.901914656162261963e-01
5.802794694900512695e-01
6.262255311012268066e-01
5.755422115325927734e-01
4.968900978565216064e-01
5.735368132591247559e-01
3.591610193252563477e-01
3.733358979225158691e-01
5.498453974723815918e-01
5.448821783065795898e-01
5.490476489067077637e-01
6.198719143867492676e-01
5.854977369308471680e-01
3.416631817817687988e-01
4.097422957420349121e-01
6.198928952217102051e-01
4.021251797676086426e-01
3.381522595882415771e-01
6.103836894035339355e-01
5.293487906455993652e-01
6.182401776313781738e-01
4.658252894878387451e-01
3.439013957977294922e-01
6.226975917816162109e-01
3.805803656578063965e-01
6.260046362876892090e-01
4.761955142021179199e-01
3.630851209163665771e-01
4.368342161178588867e-01
5.595853328704833984e-01
4.437214434146881104e-01
3.712181448936462402e-01
4.014086723327636719e-01
5.497576594352722168e-01
5.155622959136962891e-01
5.929648876190185547e-01
6.179503202438354492e-01
6.136788129806518555e-01
5.658752918243408203e-01
3.939968049526214600e-01
3.626300692558288574e-01
3.656401336193084717e-01
4.960233569145202637e-01
4.140808880329132080e-01
4.305238723754882812e-01
5.182149410247802734e-01
3.810229003429412842e-01
4.523070752620697021e-01
5.516029596328735352e-01
6.181569099426269531e-01
3.726816475391387939e-01
5.880544781684875488e-01
6.192210912704467773e-01
6.131644248962402344e-01
6.303543448448181152e-01
3.817775547504425049e-01
4.878266155719757080e-01
5.585592389106750488e-01
5.231516957283020020e-01
6.275760531425476074e-01
3.879221975803375244e-01
4.746866226196289062e-01
5.226778388023376465e-01
5.834589600563049316e-01
4.159696102142333984e-01
3.424736261367797852e-01
6.032150983810424805e-01
4.865432977676391602e-01
4.844598174095153809e-01
6.163397431373596191e-01
5.948798656463623047e-01
3.678508698940277100e-01
3.824222981929779053e-01
3.878187239170074463e-01
3.465842008590698242e-01
6.062232851982116699e-01
4.126225113868713379e-01
5.832257270812988281e-01
3.613508343696594238e-01
3.688447475433349609e-01
4.620273709297180176e-01
3.571492731571197510e-01
3.407857120037078857e-01
3.823944032192230225e-01
3.429734408855438232e-01
5.528197884559631348e-01
5.452314019203186035e-01
6.016269326210021973e-01
4.346302151679992676e-01
6.300977468490600586e-01
3.440370261669158936e-01
3.505182266235351562e-01
4.735463261604309082e-01
4.418241679668426514e-01
3.730821907520294189e-01
4.858967959880828857e-01
5.525752305984497070e-01
5.597212910652160645e-01
5.842505693435668945e-01
5.504550933837890625e-01
3.417235910892486572e-01
3.383331298828125000e-01
4.809501767158508301e-01
3.390884101390838623e-01
3.515100181102752686e-01
5.888867378234863281e-01
5.695403814315795898e-01
3.667059242725372314e-01
3.377537131309509277e-01
5.392004251480102539e-01
6.321142911911010742e-01
6.045026183128356934e-01
6.091517806053161621e-01
6.238137483596801758e-01
3.497757613658905029e-01
4.798225462436676025e-01
6.206028461456298828e-01
4.856048524379730225e-01
6.154442429542541504e-01
3.711644113063812256e-01
4.563965201377868652e-01
6.313890218734741211e-01
6.286147236824035645e-01
3.487594127655029297e-01
6.060457825660705566e-01
5.080800652503967285e-01
