3.730171322822570801e-01
3.287101089954376221e-01
3.433939218521118164e-01
5.964731574058532715e-01
6.457908749580383301e-01
5.656658411026000977e-01
5.561333298683166504e-01
6.235007047653198242e-01
5.723795294761657715e-01
4.290448725223541260e-01
3.816158771514892578e-01
3.476608395576477051e-01
4.750088155269622803e-01
3.287653326988220215e-01
5.694007277488708496e-01
6.162321567535400391e-01
4.129601120948791504e-01
4.899065494537353516e-01
6.209086775779724121e-01
6.265195608139038086e-01
3.592308163642883301e-01
3.248925507068634033e-01
6.201607584953308105e-01
3.481010198593139648e-01
3.805395066738128662e-01
3.295257389545440674e-01
6.473535299301147461e-01
3.345187902450561523e-01
3.871136605739593506e-01
5.311371088027954102e-01
3.355585336685180664e-01
5.086954236030578613e-01
3.557561635971069336e-01
4.021362066268920898e-01
3.445847034454345703e-01
3.229025900363922119e-01
3.360585570335388184e-01
3.698495924472808838e-01
3.203299641609191895e-01
6.305515170097351074e-01
5.828720331192016602e-01
5.270220637321472168e-01
5.978353619575500488e-01
6.231420040130615234e-01
5.306500196456909180e-01
5.654318332672119141e-01
6.487881541252136230e-01
3.747074902057647705e-01
6.133427023887634277e-01
3.693965673446655273e-01
3.855623006820678711e-01
3.628507256507873535e-01
5.653136372566223145e-01
6.327114701271057129e-01
3.968621194362640381e-01
6.488369107246398926e-01
6.358714103698730469e-01
3.350071907043457031e-01
4.259516298770904541e-01
6.381567120552062988e-01
6.013510823249816895e-01
3.681853115558624268e-01
5.916823148727416992e-01
3.271589577198028564e-01
4.019337892532348633e-01
5.624213814735412598e-01
3.370632231235504150e-01
3.563846051692962646e-01
3.354085385799407959e-01
3.561535477638244629e-01
4.201477468013763428e-01
3.372356295585632324e-01
6.409938335418701172e-01
4.110929369926452637e-01
3.449170589447021484e-01
5.911150574684143066e-01
5.035657286643981934e-01
5.977843403816223145e-01
5.874524116516113281e-01
3.498641848564147949e-01
6.227653622627258301e-01
6.114004850387573242e-01
6.314949989318847656e-01
6.398429274559020996e-01
3.222161531448364258e-01
3.915932774543762207e-01
6.108824610710144043e-01
6.028044223785400391e-01
5.920946002006530762e-01
6.362479925155639648e-01
3.987006843090057373e-01
3.287207484245300293e-01
3.497408628463745117e-01
3.913241326808929443e-01
3.968287706375122070e-01
3.404152989387512207e-01
6.026902794837951660e-01
3.594571053981781006e-01
4.457739591598510742e-01
4.310583770275115967e-01
4.999898672103881836e-01
6.143655180931091309e-01
4.207920730113983154e-01
3.281063735485076904e-01
3.643030822277069092e-01
4.987549781799316406e-01
4.688445627689361572e-01
4.078548252582550049e-01
5.906184911727905273e-01
5.743677020072937012e-01
4.776007235050201416e-01
4.694372117519378662e-01
5.186742544174194336e-01
3.508509695529937744e-01
5.014731884002685547e-01
5.472013950347900391e-01
6.274573802947998047e-01
5.420922636985778809e-01
3.195891380310058594e-01
3.328671753406524658e-01
4.612668454647064209e-01
6.292054057121276855e-01
4.863865673542022705e-01
6.463577747344970703e-01
3.446293771266937256e-01
3.699884712696075439e-01
3.330888748168945312e-01
6.477664113044738770e-01
5.914710760116577148e-01
6.169708371162414551e-01
6.458414793014526367e-01
5.523527860641479492e-01
3.244458436965942383e-01
6.371354460716247559e-01
3.272729218006134033e-01
5.167982578277587891e-01
5.720002055168151855e-01
3.788933157920837402e-01
3.683330118656158447e-01
3.284073472023010254e-01
3.416429758071899414e-01
3.421346843242645264e-01
3.509686291217803955e-01
5.311450958251953125e-01
6.271545290946960449e-01
6.046381592750549316e-01
6.090671420097351074e-01
3.390854001045227051e-01
3.302277326583862305e-01
3.786844909191131592e-01
3.486943244934082031e-01
3.419524133205413818e-01
3.623665869235992432e-01
3.223700821399688721e-01
3.259935677051544189e-01
6.339791417121887207e-01
5.413812398910522461e-01
4.058123826980590820e-01
3.634419441223144531e-01
6.337577700614929199e-01
5.771383643150329590e-01
3.250510394573211670e-01
6.453074812889099121e-01
3.660386204719543457e-01
6.480447649955749512e-01
3.443580567836761475e-01
5.826098918914794922e-01
6.188614964485168457e-01
6.493512392044067383e-01
3.385027945041656494e-01
6.046324968338012695e-01
3.366412818431854248e-01
4.340021014213562012e-01
3.573283255100250244e-01
4.100626111030578613e-01
3.739402592182159424e-01
5.752525925636291504e-01
3.200765550136566162e-01
5.687634348869323730e-01
3.833793103694915771e-01
3.596745729446411133e-01
3.903275728225708008e-01
3.260100185871124268e-01
4.498041570186614990e-01
4.285374283790588379e-01
5.865215063095092773e-01
3.202995657920837402e-01
5.619743466377258301e-01
5.490934252738952637e-01
6.025635004043579102e-01
3.554310500621795654e-01
6.386147141456604004e-01
3.366542160511016846e-01
4.645643234252929688e-01
3.325075209140777588e-01
6.441526412963867188e-01
6.444082856178283691e-01
6.112111806869506836e-01
3.251587450504302979e-01
4.432592093944549561e-01
5.090934038162231445e-01
3.648045659065246582e-01
3.299133181571960449e-01
3.447178304195404053e-01
6.287871599197387695e-01
6.407831907272338867e-01
4.326305687427520752e-01
5.223099589347839355e-01
6.151657700538635254e-01
4.079538285732269287e-01
3.419623374938964844e-01
6.425745487213134766e-01
4.794519841670989990e-01
3.434852063655853271e-01
3.290031254291534424e-01
4.295300245285034180e-01
4.368811249732971191e-01
6.091051697731018066e-01
5.300122499465942383e-01
5.944935083389282227e-01
3.366009891033172607e-01
6.251302361488342285e-01
4.381238222122192383e-01
3.281477689743041992e-01
3.647511899471282959e-01
3.827306926250457764e-01
3.379058241844177246e-01
4.722880721092224121e-01
3.330208361148834229e-01
3.425442278385162354e-01
4.552220404148101807e-01
4.604036509990692139e-01
4.472525417804718018e-01
3.421685695648193359e-01
3.582726120948791504e-01
3.495612144470214844e-01
5.563437342643737793e-01
3.403481245040893555e-01
6.416152119636535645e-01
3.710773885250091553e-01
3.279055058956146240e-01
4.598392248153686523e-01
6.191438436508178711e-01
6.456465721130371094e-01
6.089833974838256836e-01
4.446246922016143799e-01
5.973114371299743652e-01
3.195140063762664795e-01
5.180944800376892090e-01
6.458058953285217285e-01
4.914095103740692139e-01
5.046820640563964844e-01
6.439785957336425781e-01
5.294974446296691895e-01
4.217621684074401855e-01
3.498964011669158936e-01
3.946144282817840576e-01
6.152290105819702148e-01
3.796014189720153809e-01
5.499087572097778320e-01
5.514200925827026367e-01
5.225517153739929199e-01
3.305436968803405762e-01
5.382958650588989258e-01
6.349460482597351074e-01
4.224782288074493408e-01
6.466535925865173340e-01
4.618389904499053955e-01
6.356224417686462402e-01
6.237769722938537598e-01
6.477980613708496094e-01
6.278256177902221680e-01
5.264989137649536133e-01
3.283015489578247070e-01
5.269642472267150879e-01
6.177650094032287598e-01
6.509837508201599121e-01
4.797279834747314453e-01
6.288509964942932129e-01
5.687007308006286621e-01
3.488303720951080322e-01
6.107060909271240234e-01
3.957016468048095703e-01
5.549499392509460449e-01
4.071141481399536133e-01
5.290349721908569336e-01
5.382998585700988770e-01
4.297758042812347412e-01
3.785546123981475830e-01
6.416080594062805176e-01
6.270714998245239258e-01
6.177849769592285156e-01
4.333973228931427002e-01
3.469289243221282959e-01
3.572592139244079590e-01
3.240980505943298340e-01
3.521222472190856934e-01
3.201473355293273926e-01
3.427553474903106689e-01
5.368627905845642090e-01
3.523452877998352051e-01
6.458714604377746582e-01
5.112777948379516602e-01
3.706978857517242432e-01
6.231244206428527832e-01
3.546972870826721191e-01
5.764975547790527344e-01
6.175796389579772949e-01
5.599418878555297852e-01
5.637634992599487305e-01
6.067337393760681152e-01
3.280695676803588867e-01
5.748069882392883301e-01
6.217833757400512695e-01
3.433957695960998535e-01
6.340917944908142090e-01
3.380979299545288086e-01
3.847216665744781494e-01
3.904083073139190674e-01
4.276289343833923340e-01
4.730994701385498047e-01
4.939615428447723389e-01
3.312287926673889160e-01
6.508521437644958496e-01
3.419542312622070312e-01
4.500436186790466309e-01
4.239822626113891602e-01
3.256113231182098389e-01
3.420952260494232178e-01
5.080817937850952148e-01
6.187446117401123047e-01
4.126866161823272705e-01
4.241530597209930420e-01
3.354642093181610107e-01
6.505401134490966797e-01
3.230296671390533447e-01
6.030400395393371582e-01
3.209736943244934082e-01
4.284243583679199219e-01
4.041360616683959961e-01
6.164991259574890137e-01
6.370597481727600098e-01
3.277330100536346436e-01
6.047849655151367188e-01
4.708643853664398193e-01
4.604576230049133301e-01
6.488453745841979980e-01
3.970624506473541260e-01
3.375955820083618164e-01
6.392919421195983887e-01
4.256857633590698242e-01
3.712130784988403320e-01
3.247782886028289795e-01
6.235541701316833496e-01
6.355466246604919434e-01
5.391325950622558594e-01
3.579767644405364990e-01
3.495724797248840332e-01
4.679552018642425537e-01
6.463729143142700195e-01
3.369381129741668701e-01
6.139540672302246094e-01
5.641108155250549316e-01
4.375469386577606201e-01
3.323580920696258545e-01
3.253810405731201172e-01
6.169939637184143066e-01
5.627481341361999512e-01
6.499915719032287598e-01
3.487098217010498047e-01
4.182601869106292725e-01
6.106789112091064453e-01
6.289266347885131836e-01
5.720958113670349121e-01
3.233475089073181152e-01
5.298888087272644043e-01
6.443833112716674805e-01
6.495633721351623535e-01
6.119376420974731445e-01
3.441577851772308350e-01
4.297132790088653564e-01
3.279286623001098633e-01
3.811752796173095703e-01
3.633841872215270996e-01
3.400722742080688477e-01
6.236676573753356934e-01
6.354166865348815918e-01
4.320280849933624268e-01
3.448320627212524414e-01
5.704563856124877930e-01
3.408803641796112061e-01
3.387540876865386963e-01
4.301427602767944336e-01
3.521746098995208740e-01
5.590944290161132812e-01
3.670590221881866455e-01
6.173865795135498047e-01
5.827898979187011719e-01
5.379108190536499023e-01
3.309273421764373779e-01
5.959253907203674316e-01
3.664323389530181885e-01
5.985704660415649414e-01
6.513519287109375000e-01
6.117147207260131836e-01
6.416208148002624512e-01
3.548310101032257080e-01
4.818065762519836426e-01
5.481206178665161133e-01
4.832732677459716797e-01
4.639437496662139893e-01
3.767714202404022217e-01
5.275392532348632812e-01
5.041968822479248047e-01
6.188281774520874023e-01
3.985336422920227051e-01
6.430231928825378418e-01
5.203959345817565918e-01
6.341564059257507324e-01
6.341605782508850098e-01
6.224335432052612305e-01
3.879206776618957520e-01
3.437657654285430908e-01
5.450490713119506836e-01
3.712822198867797852e-01
3.631463050842285156e-01
5.673895478248596191e-01
4.948663413524627686e-01
3.391863107681274414e-01
5.276449322700500488e-01
4.324122369289398193e-01
3.350366055965423584e-01
3.288040459156036377e-01
6.369190812110900879e-01
4.156294167041778564e-01
3.246165812015533447e-01
3.726965487003326416e-01
5.900880694389343262e-01
4.911835193634033203e-01
3.286634981632232666e-01
4.399559199810028076e-01
3.300939798355102539e-01
3.557554483413696289e-01
3.320055603981018066e-01
5.979437232017517090e-01
6.163685321807861328e-01
3.347323238849639893e-01
3.219006657600402832e-01
6.292026638984680176e-01
4.751848876476287842e-01
3.464050889015197754e-01
5.897708535194396973e-01
6.193070411682128906e-01
3.239700496196746826e-01
3.257236480712890625e-01
3.455696403980255127e-01
3.755784630775451660e-01
3.804593384265899658e-01
4.003106951713562012e-01
3.340524137020111084e-01
3.905384540557861328e-01
5.432019829750061035e-01
6.185905933380126953e-01
3.594712316989898682e-01
3.429972827434539795e-01
3.447780311107635498e-01
3.774944543838500977e-01
6.341172456741333008e-01
5.714211463928222656e-01
3.426568210124969482e-01
5.921609997749328613e-01
3.722146749496459961e-01
3.219248950481414795e-01
6.070613265037536621e-01
6.174408197402954102e-01
5.312758684158325195e-01
6.384689211845397949e-01
4.529946148395538330e-01
4.537391960620880127e-01
5.828738808631896973e-01
6.428070068359375000e-01
5.055760741233825684e-01
3.789391517639160156e-01
5.382408499717712402e-01
3.905577957630157471e-01
6.527633070945739746e-01
6.295479536056518555e-01
4.829043149948120117e-01
3.541528582572937012e-01
4.985222518444061279e-01
5.809020400047302246e-01
6.216539144515991211e-01
3.199851810932159424e-01
6.530907750129699707e-01
3.685917258262634277e-01
4.185597598552703857e-01
6.306017637252807617e-01
3.488700985908508301e-01
4.353161156177520752e-01
3.876588046550750732e-01
3.758751749992370605e-01
6.048803925514221191e-01
5.814392566680908203e-01
3.945431411266326904e-01
4.246844351291656494e-01
6.065987348556518555e-01
3.684170544147491455e-01
3.614732027053833008e-01
6.370488405227661133e-01
3.337433934211730957e-01
5.718023180961608887e-01
3.302756547927856445e-01
5.669468641281127930e-01
3.277192115783691406e-01
3.280672430992126465e-01
5.123261213302612305e-01
6.416625380516052246e-01
3.775403499603271484e-01
3.747546076774597168e-01
3.543827533721923828e-01
6.366726160049438477e-01
3.273588418960571289e-01
3.346047997474670410e-01
6.355440616607666016e-01
3.330740034580230713e-01
3.439069688320159912e-01
6.521553397178649902e-01
3.502294123172760010e-01
4.900496900081634521e-01
3.558667004108428955e-01
6.365034580230712891e-01
6.503663659095764160e-01
3.222383856773376465e-01
5.742647647857666016e-01
6.482700109481811523e-01
3.648636043071746826e-01
5.077735185623168945e-01
3.329580724239349365e-01
6.055200099945068359e-01
6.388226747512817383e-01
5.911630392074584961e-01
5.391452312469482422e-01
4.216198623180389404e-01
3.919489681720733643e-01
3.380755484104156494e-01
6.398679614067077637e-01
6.307973265647888184e-01
3.388186097145080566e-01
3.306070268154144287e-01
3.457159399986267090e-01
3.927162587642669678e-01
6.094347238540649414e-01
3.499400615692138672e-01
5.826954841613769531e-01
6.424320936203002930e-01
3.437873423099517822e-01
5.483958721160888672e-01
3.316685259342193604e-01
5.535305142402648926e-01
3.338578939437866211e-01
5.095129609107971191e-01
4.776308536529541016e-01
4.511071443557739258e-01
4.103935360908508301e-01
6.187910437583923340e-01
3.239295482635498047e-01
4.485724568367004395e-01
3.290483653545379639e-01
5.720245838165283203e-01
3.950932025909423828e-01
3.942401111125946045e-01
3.246718645095825195e-01
3.581010103225708008e-01
3.588942587375640869e-01
3.235011398792266846e-01
6.487239599227905273e-01
5.607910752296447754e-01
5.606140494346618652e-01
4.700211286544799805e-01
3.247750997543334961e-01
3.267595767974853516e-01
4.069773852825164795e-01
3.346156477928161621e-01
3.402883708477020264e-01
3.376164138317108154e-01
3.328306972980499268e-01
6.309748888015747070e-01
3.366786837577819824e-01
6.456967592239379883e-01
3.172170519828796387e-01
6.127178072929382324e-01
6.373409032821655273e-01
3.755716979503631592e-01
5.729837417602539062e-01
4.418157041072845459e-01
6.526953577995300293e-01
6.153755784034729004e-01
6.309056878089904785e-01
6.407746672630310059e-01
4.900451302528381348e-01
6.346206068992614746e-01
6.464785933494567871e-01
3.855800926685333252e-01
5.996643304824829102e-01
5.665513873100280762e-01
4.333217740058898926e-01
5.165522694587707520e-01
4.270057082176208496e-01
3.232482373714447021e-01
6.042379140853881836e-01
5.061601996421813965e-01
5.576932430267333984e-01
3.389400541782379150e-01
3.891250789165496826e-01
6.151813268661499023e-01
6.336393952369689941e-01
5.961750149726867676e-01
6.447978019714355469e-01
6.426593661308288574e-01
5.723268985748291016e-01
3.790445029735565186e-01
3.376803100109100342e-01
5.351083874702453613e-01
3.271496891975402832e-01
6.362539529800415039e-01
5.613260865211486816e-01
3.330769836902618408e-01
5.205785036087036133e-01
6.469594240188598633e-01
5.737315416336059570e-01
5.210875272750854492e-01
6.441657543182373047e-01
4.830489754676818848e-01
6.286205053329467773e-01
3.466431200504302979e-01
3.386579155921936035e-01
5.495497584342956543e-01
6.406472325325012207e-01
3.449489474296569824e-01
6.114562749862670898e-01
4.527090489864349365e-01
3.394534885883331299e-01
5.738459825515747070e-01
3.383231759071350098e-01
3.789700567722320557e-01
3.581335544586181641e-01
5.241670608520507812e-01
4.323986768722534180e-01
3.580282032489776611e-01
3.747336566448211670e-01
6.481029391288757324e-01
5.102016329765319824e-01
5.365039110183715820e-01
3.432827293872833252e-01
3.944570720195770264e-01
6.330909132957458496e-01
4.735863208770751953e-01
5.887054800987243652e-01
3.235780298709869385e-01
5.245418548583984375e-01
6.480895280838012695e-01
6.408594250679016113e-01
6.371911168098449707e-01
4.715633392333984375e-01
3.332555294036865234e-01
5.617049336433410645e-01
3.265321850776672363e-01
6.286001205444335938e-01
5.609194636344909668e-01
4.858982264995574951e-01
3.660222589969635010e-01
4.565167129039764404e-01
3.405165076255798340e-01
6.027765274047851562e-01
3.405186533927917480e-01
6.222897171974182129e-01
5.126712322235107422e-01
6.260323524475097656e-01
3.539604246616363525e-01
3.257160484790802002e-01
5.319733619689941406e-01
3.439822196960449219e-01
6.497864127159118652e-01
5.901446342468261719e-01
3.196311295032501221e-01
6.299716234207153320e-01
3.661438822746276855e-01
6.395112276077270508e-01
6.462125778198242188e-01
5.769462585449218750e-01
3.576106131076812744e-01
3.195122778415679932e-01
4.673542678356170654e-01
5.337833762168884277e-01
5.294231176376342773e-01
3.272523880004882812e-01
6.422573328018188477e-01
5.548347830772399902e-01
3.896437585353851318e-01
6.407994031906127930e-01
3.290579020977020264e-01
6.503426432609558105e-01
3.458100855350494385e-01
5.787839889526367188e-01
3.702678084373474121e-01
6.391734480857849121e-01
6.365696787834167480e-01
3.227327764034271240e-01
4.802225828170776367e-01
4.568154513835906982e-01
3.196276426315307617e-01
4.062982797622680664e-01
3.334812223911285400e-01
6.501523852348327637e-01
6.373834609985351562e-01
6.363608241081237793e-01
4.161223173141479492e-01
3.499031960964202881e-01
4.012393355369567871e-01
3.403224945068359375e-01
5.573570132255554199e-01
5.634471178054809570e-01
6.427224874496459961e-01
5.623968243598937988e-01
3.649800419807434082e-01
3.580488562583923340e-01
6.445822715759277344e-01
3.392065465450286865e-01
3.429534435272216797e-01
3.487425148487091064e-01
6.446113586425781250e-01
6.227239370346069336e-01
3.536160290241241455e-01
3.258676826953887939e-01
5.808639526367187500e-01
6.448798775672912598e-01
5.351126790046691895e-01
6.090039610862731934e-01
5.488274693489074707e-01
3.735969960689544678e-01
6.461750268936157227e-01
6.293936967849731445e-01
5.853917598724365234e-01
6.253495216369628906e-01
6.483633518218994141e-01
3.683786392211914062e-01
3.209987878799438477e-01
5.770705938339233398e-01
3.284931778907775879e-01
3.578996360301971436e-01
5.996239185333251953e-01
5.608235597610473633e-01
6.096296906471252441e-01
3.360155522823333740e-01
3.445289433002471924e-01
3.729372918605804443e-01
3.273784220218658447e-01
5.705782771110534668e-01
3.939179182052612305e-01
5.592148303985595703e-01
6.134533882141113281e-01
5.942024588584899902e-01
6.082175970077514648e-01
4.931960105895996094e-01
3.604553937911987305e-01
3.697316050529479980e-01
6.077589392662048340e-01
6.410639882087707520e-01
3.308367431163787842e-01
4.494872391223907471e-01
5.471245646476745605e-01
6.339944005012512207e-01
3.243710100650787354e-01
6.427999734878540039e-01
3.806677758693695068e-01
4.601729214191436768e-01
6.107231974601745605e-01
4.049568474292755127e-01
3.466090857982635498e-01
3.483575880527496338e-01
5.770865082740783691e-01
3.202734589576721191e-01
5.264994502067565918e-01
3.402874767780303955e-01
3.411872982978820801e-01
3.622155487537384033e-01
3.852310478687286377e-01
3.796073198318481445e-01
3.196508288383483887e-01
4.568968415260314941e-01
4.196214973926544189e-01
3.597239255905151367e-01
4.189559221267700195e-01
3.444245755672454834e-01
3.512893915176391602e-01
4.800665080547332764e-01
3.532211780548095703e-01
4.114735722541809082e-01
4.310286939144134521e-01
3.240128755569458008e-01
3.406326174736022949e-01
3.440678417682647705e-01
5.926740169525146484e-01
3.557828962802886963e-01
5.400466322898864746e-01
3.243702352046966553e-01
3.656725287437438965e-01
3.577830195426940918e-01
6.330511569976806641e-01
3.322311639785766602e-01
6.073504686355590820e-01
3.368315100669860840e-01
5.539492964744567871e-01
4.430106580257415771e-01
5.742601752281188965e-01
6.136931777000427246e-01
5.869637131690979004e-01
3.226368725299835205e-01
4.507032632827758789e-01
5.259024500846862793e-01
3.236572742462158203e-01
3.780839741230010986e-01
5.868418812751770020e-01
5.171912312507629395e-01
5.638694763183593750e-01
3.558371961116790771e-01
5.014842152595520020e-01
6.365034580230712891e-01
6.315788030624389648e-01
3.220892846584320068e-01
4.822885692119598389e-01
5.958313345909118652e-01
5.187014937400817871e-01
3.910503089427947998e-01
4.871734678745269775e-01
3.267473578453063965e-01
3.983539640903472900e-01
6.100908517837524414e-01
3.581377565860748291e-01
6.516080498695373535e-01
3.443239629268646240e-01
3.392148613929748535e-01
3.754766285419464111e-01
4.284558296203613281e-01
6.420581936836242676e-01
3.555039465427398682e-01
3.386591076850891113e-01
3.806219696998596191e-01
3.425424098968505859e-01
3.393623232841491699e-01
5.443064570426940918e-01
3.315640389919281006e-01
4.327438473701477051e-01
3.297740817070007324e-01
5.856367349624633789e-01
3.552101552486419678e-01
3.699528276920318604e-01
4.947413206100463867e-01
3.254548609256744385e-01
3.317390680313110352e-01
5.169878602027893066e-01
4.020280539989471436e-01
3.322116136550903320e-01
6.490978002548217773e-01
4.573377966880798340e-01
6.481225490570068359e-01
6.518724560737609863e-01
3.197211027145385742e-01
5.292239785194396973e-01
6.316637992858886719e-01
3.228490650653839111e-01
6.413785219192504883e-01
4.435363411903381348e-01
4.192969799041748047e-01
4.172735214233398438e-01
6.252431273460388184e-01
3.723226785659790039e-01
5.659620761871337891e-01
4.722626507282257080e-01
5.486372709274291992e-01
4.561981558799743652e-01
3.342242240905761719e-01
5.048317909240722656e-01
5.081450343132019043e-01
3.886558413505554199e-01
3.286314308643341064e-01
5.302118062973022461e-01
6.205617785453796387e-01
3.721668422222137451e-01
5.200650095939636230e-01
3.625793755054473877e-01
6.407673954963684082e-01
3.266065120697021484e-01
5.371133089065551758e-01
4.690920114517211914e-01
3.392736911773681641e-01
6.057102084159851074e-01
6.338607072830200195e-01
3.223278820514678955e-01
6.211299896240234375e-01
4.261533617973327637e-01
6.331103444099426270e-01
3.426217734813690186e-01
4.577856957912445068e-01
3.381481766700744629e-01
6.309868693351745605e-01
6.354541182518005371e-01
3.579438328742980957e-01
5.244508385658264160e-01
3.860863745212554932e-01
4.661860167980194092e-01
3.505455255508422852e-01
3.364517986774444580e-01
4.511077702045440674e-01
6.443061232566833496e-01
4.559922814369201660e-01
3.650992810726165771e-01
4.247151315212249756e-01
6.263098716735839844e-01
3.540604412555694580e-01
3.625423610210418701e-01
3.803398311138153076e-01
3.565824329853057861e-01
3.499297499656677246e-01
4.235430359840393066e-01
5.249166488647460938e-01
5.434078574180603027e-01
5.582348704338073730e-01
3.560932576656341553e-01
5.756099820137023926e-01
6.496586203575134277e-01
6.200667023658752441e-01
3.954131305217742920e-01
3.589449822902679443e-01
5.615225434303283691e-01
3.335543870925903320e-01
5.353171229362487793e-01
5.736901164054870605e-01
6.361536979675292969e-01
3.619099557399749756e-01
4.213548898696899414e-01
3.533274531364440918e-01
4.755332469940185547e-01
3.733726441860198975e-01
4.077260494232177734e-01
3.297356367111206055e-01
3.373067378997802734e-01
5.471081733703613281e-01
3.585555553436279297e-01
5.376893281936645508e-01
3.639608621597290039e-01
5.507600307464599609e-01
6.444755196571350098e-01
3.591222763061523438e-01
5.889123082160949707e-01
3.320741057395935059e-01
3.373001515865325928e-01
3.836297690868377686e-01
3.376122415065765381e-01
5.197200775146484375e-01
6.371111273765563965e-01
3.412897586822509766e-01
4.883512258529663086e-01
3.263122737407684326e-01
4.309718608856201172e-01
3.498598039150238037e-01
3.674568235874176025e-01
6.382680535316467285e-01
3.280282914638519287e-01
4.042225778102874756e-01
4.792589843273162842e-01
5.161140561103820801e-01
5.565365552902221680e-01
5.743215084075927734e-01
3.510271012783050537e-01
3.612965047359466553e-01
5.179714560508728027e-01
5.630952119827270508e-01
3.235832750797271729e-01
5.715573430061340332e-01
6.438596844673156738e-01
6.305614709854125977e-01
5.173522233963012695e-01
5.219660997390747070e-01
3.406082093715667725e-01
6.456881761550903320e-01
6.280633807182312012e-01
4.118970930576324463e-01
3.963989913463592529e-01
5.840452313423156738e-01
3.231612145900726318e-01
3.316631317138671875e-01
4.251446127891540527e-01
5.943758487701416016e-01
5.710275173187255859e-01
6.339578032493591309e-01
4.997427463531494141e-01
5.648322701454162598e-01
4.718693792819976807e-01
6.511865854263305664e-01
4.113471806049346924e-01
3.811759352684020996e-01
3.235006630420684814e-01
6.447118520736694336e-01
6.344811916351318359e-01
6.372358202934265137e-01
6.283245682716369629e-01
4.368451535701751709e-01
6.474909782409667969e-01
6.419644951820373535e-01
3.480556011199951172e-01
4.139131903648376465e-01
3.808815181255340576e-01
3.478476703166961670e-01
3.304157257080078125e-01
3.350079953670501709e-01
6.338434815406799316e-01
3.258258700370788574e-01
5.071558356285095215e-01
3.389567136764526367e-01
4.949242770671844482e-01
3.823935687541961670e-01
5.445185899734497070e-01
5.289673805236816406e-01
3.461212217807769775e-01
3.259772062301635742e-01
3.615713119506835938e-01
5.904519557952880859e-01
6.358686685562133789e-01
3.216578960418701172e-01
3.761704564094543457e-01
6.407384872436523438e-01
6.470530629158020020e-01
5.083119869232177734e-01
4.134412407875061035e-01
3.829999566078186035e-01
5.729600787162780762e-01
3.678373992443084717e-01
3.939045965671539307e-01
5.230339169502258301e-01
3.352882564067840576e-01
6.188798546791076660e-01
3.319253325462341309e-01
6.297932267189025879e-01
4.096756875514984131e-01
3.429654240608215332e-01
3.226726651191711426e-01
4.448114335536956787e-01
6.349442601203918457e-01
3.412335515022277832e-01
4.019294381141662598e-01
3.456816375255584717e-01
6.290183067321777344e-01
5.919228196144104004e-01
6.204312443733215332e-01
4.973789155483245850e-01
3.300179243087768555e-01
4.531787633895874023e-01
3.266245722770690918e-01
6.385927200317382812e-01
3.747840821743011475e-01
3.416028022766113281e-01
6.457228064537048340e-01
5.000319480895996094e-01
4.717022776603698730e-01
4.479677379131317139e-01
5.493840575218200684e-01
6.426062583923339844e-01
6.126740574836730957e-01
4.878269731998443604e-01
3.211117982864379883e-01
3.197712004184722900e-01
6.289685964584350586e-01
3.988839685916900635e-01
6.287884712219238281e-01
5.321934819221496582e-01
6.436488032341003418e-01
3.366029262542724609e-01
4.894322156906127930e-01
5.367193818092346191e-01
6.158644556999206543e-01
5.840373635292053223e-01
5.933437347412109375e-01
3.308273851871490479e-01
6.012036800384521484e-01
3.950664103031158447e-01
4.670870006084442139e-01
3.222770094871520996e-01
6.282079815864562988e-01
6.169008612632751465e-01
3.427695333957672119e-01
5.953660011291503906e-01
3.276758790016174316e-01
6.308891177177429199e-01
5.431306958198547363e-01
5.850960016250610352e-01
3.302778005599975586e-01
5.686867237091064453e-01
6.163555979728698730e-01
6.442399024963378906e-01
4.284939765930175781e-01
3.296988010406494141e-01
5.464500188827514648e-01
6.487748622894287109e-01
3.642737567424774170e-01
6.470195055007934570e-01
5.513964295387268066e-01
6.066309213638305664e-01
6.406391859054565430e-01
6.227833628654479980e-01
6.395192146301269531e-01
6.411430835723876953e-01
3.505839407444000244e-01
3.973416984081268311e-01
3.197860121726989746e-01
4.777464270591735840e-01
3.240598738193511963e-01
3.651493489742279053e-01
3.679372072219848633e-01
6.158287525177001953e-01
3.279580473899841309e-01
4.366724193096160889e-01
5.651271939277648926e-01
3.306853175163269043e-01
6.462830305099487305e-01
3.294342756271362305e-01
5.632013678550720215e-01
5.906234383583068848e-01
3.445703983306884766e-01
4.703322052955627441e-01
3.502199947834014893e-01
3.557882010936737061e-01
6.394427418708801270e-01
3.188033699989318848e-01
3.849962651729583740e-01
4.029174447059631348e-01
3.379107117652893066e-01
5.863299369812011719e-01
3.669525086879730225e-01
3.277431726455688477e-01
5.902178287506103516e-01
3.357421755790710449e-01
3.542008399963378906e-01
3.485604524612426758e-01
3.364019691944122314e-01
3.860042691230773926e-01
3.441800475120544434e-01
3.526301383972167969e-01
5.446575284004211426e-01
3.760141432285308838e-01
4.539175927639007568e-01
6.042335033416748047e-01
5.532312393188476562e-01
5.228410959243774414e-01
6.281414628028869629e-01
3.260556757450103760e-01
5.950475335121154785e-01
3.958484530448913574e-01
3.508765697479248047e-01
4.129089117050170898e-01
6.345189213752746582e-01
3.690611422061920166e-01
6.523554325103759766e-01
6.522109508514404297e-01
4.120984375476837158e-01
3.467801511287689209e-01
3.879309594631195068e-01
6.294664144515991211e-01
3.555361032485961914e-01
3.310168683528900146e-01
4.579874873161315918e-01
3.445581197738647461e-01
4.854225814342498779e-01
3.914071321487426758e-01
3.338796794414520264e-01
3.622367084026336670e-01
6.476542353630065918e-01
6.341331601142883301e-01
6.303384900093078613e-01
4.176888167858123779e-01
6.263288259506225586e-01
4.419170916080474854e-01
3.914869129657745361e-01
3.503495454788208008e-01
3.240629732608795166e-01
4.863846600055694580e-01
3.572247028350830078e-01
6.443049311637878418e-01
6.048933863639831543e-01
6.304016113281250000e-01
5.070157647132873535e-01
3.515407741069793701e-01
5.877734422683715820e-01
4.032881855964660645e-01
5.189387202262878418e-01
6.341070532798767090e-01
5.516415834426879883e-01
3.973018825054168701e-01
3.498420119285583496e-01
3.640875518321990967e-01
6.125395894050598145e-01
5.036136507987976074e-01
3.637893795967102051e-01
5.329040884971618652e-01
3.544163405895233154e-01
6.246510744094848633e-01
6.325088143348693848e-01
6.276454329490661621e-01
4.043506681919097900e-01
5.249655842781066895e-01
5.983168482780456543e-01
3.410356938838958740e-01
5.926434397697448730e-01
6.455637812614440918e-01
3.980368375778198242e-01
6.200829744338989258e-01
5.156469345092773438e-01
6.069257855415344238e-01
3.485810756683349609e-01
4.369589984416961670e-01
5.133025646209716797e-01
3.339301943778991699e-01
6.143432855606079102e-01
3.824654221534729004e-01
3.573606908321380615e-01
4.067427217960357666e-01
3.242601156234741211e-01
3.467997014522552490e-01
4.096114337444305420e-01
5.062997937202453613e-01
6.058937311172485352e-01
4.421778321266174316e-01
6.160687804222106934e-01
6.529302597045898438e-01
5.615045428276062012e-01
3.420962989330291748e-01
4.654358029365539551e-01
3.351306319236755371e-01
3.548685908317565918e-01
6.291413307189941406e-01
4.462000727653503418e-01
4.279806911945343018e-01
5.515322685241699219e-01
4.825031161308288574e-01
3.526680171489715576e-01
4.664593935012817383e-01
3.563281297683715820e-01
5.129752755165100098e-01
4.679231047630310059e-01
4.870110750198364258e-01
3.651641607284545898e-01
3.542980849742889404e-01
4.224604666233062744e-01
3.498163223266601562e-01
6.229873299598693848e-01
3.360552787780761719e-01
4.751446247100830078e-01
3.279581964015960693e-01
5.174096226692199707e-01
3.212579190731048584e-01
3.516398668289184570e-01
3.290328085422515869e-01
4.831426143646240234e-01
3.698719441890716553e-01
6.270637512207031250e-01
3.356491923332214355e-01
6.217882037162780762e-01
4.960425794124603271e-01
3.233147263526916504e-01
3.460185527801513672e-01
6.391602754592895508e-01
5.616050958633422852e-01
6.095517873764038086e-01
3.679943680763244629e-01
3.325205147266387939e-01
3.923507034778594971e-01
5.074887871742248535e-01
3.741888105869293213e-01
3.205366432666778564e-01
3.857136368751525879e-01
6.002876162528991699e-01
3.661840856075286865e-01
3.472812771797180176e-01
3.582983613014221191e-01
6.428381204605102539e-01
5.436913371086120605e-01
3.487498164176940918e-01
5.716139674186706543e-01
4.947518110275268555e-01
5.836145281791687012e-01
3.896855413913726807e-01
6.509541869163513184e-01
5.924168825149536133e-01
3.831931352615356445e-01
3.923273384571075439e-01
6.392712593078613281e-01
6.442825794219970703e-01
6.210714578628540039e-01
5.363986492156982422e-01
3.692329227924346924e-01
5.976188778877258301e-01
3.484106063842773438e-01
5.623014569282531738e-01
6.191722750663757324e-01
3.888331949710845947e-01
3.640330135822296143e-01
5.852477550506591797e-01
3.413655161857604980e-01
3.346136212348937988e-01
3.483707308769226074e-01
6.400364041328430176e-01
6.265894174575805664e-01
5.645569562911987305e-01
3.458535671234130859e-01
5.193242430686950684e-01
3.594709634780883789e-01
3.277888596057891846e-01
4.985850155353546143e-01
3.467090129852294922e-01
6.051593422889709473e-01
6.273656487464904785e-01
6.014561653137207031e-01
3.495241701602935791e-01
5.386383533477783203e-01
3.538328707218170166e-01
5.993635058403015137e-01
6.152538061141967773e-01
6.493033170700073242e-01
3.686128556728363037e-01
3.972990810871124268e-01
6.451637744903564453e-01
6.551323533058166504e-01
3.917299509048461914e-01
5.590181946754455566e-01
5.908883810043334961e-01
3.280266523361206055e-01
6.310019493103027344e-01
3.628534972667694092e-01
3.395063877105712891e-01
6.395465135574340820e-01
4.515945911407470703e-01
6.057362556457519531e-01
3.271085023880004883e-01
4.824189245700836182e-01
3.377701342105865479e-01
3.449395298957824707e-01
3.499195873737335205e-01
3.702755868434906006e-01
3.858295083045959473e-01
3.487224280834197998e-01
3.575542867183685303e-01
3.915437757968902588e-01
3.651529550552368164e-01
3.451735079288482666e-01
3.177558779716491699e-01
5.941202044486999512e-01
3.490886688232421875e-01
5.834753513336181641e-01
3.310150206089019775e-01
6.398470401763916016e-01
3.606525361537933350e-01
6.187663078308105469e-01
4.924316108226776123e-01
3.594928085803985596e-01
4.953858256340026855e-01
5.875276923179626465e-01
3.310932517051696777e-01
6.344719529151916504e-01
4.992883801460266113e-01
3.327696323394775391e-01
3.894666731357574463e-01
5.965301990509033203e-01
5.234500765800476074e-01
5.313950777053833008e-01
5.116716623306274414e-01
3.348308801651000977e-01
6.026704311370849609e-01
3.534964621067047119e-01
6.058986186981201172e-01
4.912678003311157227e-01
3.463324308395385742e-01
4.628584682941436768e-01
5.370786190032958984e-01
4.161613583564758301e-01
6.156593561172485352e-01
3.432660102844238281e-01
3.404657542705535889e-01
6.395048499107360840e-01
4.341899454593658447e-01
5.260550975799560547e-01
6.499518752098083496e-01
5.944539904594421387e-01
6.402171850204467773e-01
3.220645785331726074e-01
3.673146367073059082e-01
3.537851572036743164e-01
4.463906884193420410e-01
4.452216327190399170e-01
6.414071917533874512e-01
3.432943224906921387e-01
3.411886096000671387e-01
3.388074934482574463e-01
5.747047066688537598e-01
3.396776616573333740e-01
6.352433562278747559e-01
5.873448848724365234e-01
3.377063572406768799e-01
3.417963385581970215e-01
6.294742226600646973e-01
6.254475712776184082e-01
3.517993688583374023e-01
4.708728790283203125e-01
6.431972384452819824e-01
4.656305313110351562e-01
4.243568480014801025e-01
6.427330970764160156e-01
5.568525195121765137e-01
3.462803959846496582e-01
6.525529623031616211e-01
3.666429221630096436e-01
6.208382844924926758e-01
4.873231947422027588e-01
5.901643633842468262e-01
6.482057571411132812e-01
6.278761625289916992e-01
6.333879828453063965e-01
5.836386084556579590e-01
3.313456177711486816e-01
4.361048638820648193e-01
5.640169382095336914e-01
3.239770829677581787e-01
5.991800427436828613e-01
4.944885671138763428e-01
6.004450917243957520e-01
5.905191302299499512e-01
5.137606263160705566e-01
3.788893818855285645e-01
6.519458293914794922e-01
3.759090006351470947e-01
3.684627711772918701e-01
4.830754995346069336e-01
5.237116813659667969e-01
3.228933811187744141e-01
3.360177576541900635e-01
5.481432676315307617e-01
5.617356896400451660e-01
5.891402363777160645e-01
5.329071283340454102e-01
5.353589653968811035e-01
3.398075401782989502e-01
4.649434387683868408e-01
6.121839284896850586e-01
5.078065991401672363e-01
5.292590856552124023e-01
3.607243001461029053e-01
6.157003641128540039e-01
5.457360148429870605e-01
3.355734646320343018e-01
3.290237188339233398e-01
5.455038547515869141e-01
4.325101077556610107e-01
5.585401058197021484e-01
4.800523817539215088e-01
3.768593072891235352e-01
4.047618806362152100e-01
6.280962824821472168e-01
3.366298973560333252e-01
3.389109969139099121e-01
6.524339318275451660e-01
4.645987749099731445e-01
6.302580833435058594e-01
3.369942307472229004e-01
4.328594207763671875e-01
3.249031007289886475e-01
6.275007128715515137e-01
6.285817623138427734e-01
3.285177350044250488e-01
6.487237215042114258e-01
3.616162240505218506e-01
4.766179323196411133e-01
5.594099164009094238e-01
6.287793517112731934e-01
3.217250704765319824e-01
6.446840763092041016e-01
6.341300010681152344e-01
3.376819491386413574e-01
5.619556307792663574e-01
6.479463577270507812e-01
5.821329355239868164e-01
3.993663787841796875e-01
3.549056351184844971e-01
4.456078708171844482e-01
6.037080883979797363e-01
4.031538665294647217e-01
3.397465348243713379e-01
3.313245475292205811e-01
3.337872028350830078e-01
5.942007899284362793e-01
6.492493748664855957e-01
3.837809562683105469e-01
6.313641071319580078e-01
4.931363761425018311e-01
4.743090867996215820e-01
5.213460326194763184e-01
3.368855118751525879e-01
6.028818488121032715e-01
3.903558254241943359e-01
6.264775991439819336e-01
3.949824571609497070e-01
6.323549151420593262e-01
4.821411371231079102e-01
4.062696993350982666e-01
5.872855186462402344e-01
4.395312964916229248e-01
5.657391548156738281e-01
3.952601552009582520e-01
3.528356850147247314e-01
6.353917717933654785e-01
6.200867295265197754e-01
6.234229207038879395e-01
4.505822062492370605e-01
3.460876345634460449e-01
5.825515985488891602e-01
3.641441762447357178e-01
4.316301643848419189e-01
3.279968798160552979e-01
3.349901437759399414e-01
4.152579605579376221e-01
4.050981998443603516e-01
6.322939991950988770e-01
6.481965780258178711e-01
6.526513695716857910e-01
6.110965609550476074e-01
5.991295576095581055e-01
5.240313410758972168e-01
3.575826585292816162e-01
5.398766994476318359e-01
4.063384234905242920e-01
5.293427109718322754e-01
3.939509093761444092e-01
6.131436228752136230e-01
3.842884302139282227e-01
5.957192778587341309e-01
4.324046671390533447e-01
6.437746286392211914e-01
4.086308181285858154e-01
6.435765027999877930e-01
3.427536487579345703e-01
3.365405201911926270e-01
6.014201641082763672e-01
4.501005709171295166e-01
3.264295160770416260e-01
5.413164496421813965e-01
4.282059669494628906e-01
4.320333898067474365e-01
5.202232003211975098e-01
6.447536945343017578e-01
6.395131945610046387e-01
3.506471216678619385e-01
5.763543248176574707e-01
6.381180286407470703e-01
3.513207733631134033e-01
3.500382602214813232e-01
5.608206391334533691e-01
6.513732075691223145e-01
6.148826479911804199e-01
3.667646050453186035e-01
5.533316731452941895e-01
6.136578917503356934e-01
4.464141130447387695e-01
5.964640378952026367e-01
3.212273716926574707e-01
6.250073313713073730e-01
3.217185735702514648e-01
3.367559909820556641e-01
4.938392937183380127e-01
5.868278741836547852e-01
3.711217343807220459e-01
3.992647826671600342e-01
3.234516382217407227e-01
4.113022983074188232e-01
6.433669328689575195e-01
3.213330805301666260e-01
5.332108736038208008e-01
3.402836918830871582e-01
6.366619467735290527e-01
3.524150848388671875e-01
3.479055464267730713e-01
5.798896551132202148e-01
3.651389181613922119e-01
4.188988208770751953e-01
3.454913198947906494e-01
6.435171961784362793e-01
6.317027211189270020e-01
3.238081932067871094e-01
5.527874231338500977e-01
3.878115415573120117e-01
6.417053341865539551e-01
6.287909150123596191e-01
4.833616912364959717e-01
3.184633851051330566e-01
6.171838045120239258e-01
3.381123244762420654e-01
3.544324934482574463e-01
6.420180797576904297e-01
3.387468159198760986e-01
6.493942737579345703e-01
5.380892157554626465e-01
5.687134861946105957e-01
6.289749145507812500e-01
4.602704644203186035e-01
6.329580545425415039e-01
3.402674496173858643e-01
3.809068202972412109e-01
4.443600773811340332e-01
4.154152572154998779e-01
6.403498053550720215e-01
4.145305752754211426e-01
3.415358364582061768e-01
6.422765254974365234e-01
5.381681919097900391e-01
5.896169543266296387e-01
6.331440806388854980e-01
5.325912237167358398e-01
3.845305740833282471e-01
5.957680344581604004e-01
6.005987524986267090e-01
3.469026684761047363e-01
6.065227985382080078e-01
