3.344916999340057373e-01
4.264617860317230225e-01
6.240285038948059082e-01
3.930776417255401611e-01
5.799323916435241699e-01
3.542801737785339355e-01
5.992403030395507812e-01
6.153662204742431641e-01
6.389572620391845703e-01
4.115307927131652832e-01
4.429247677326202393e-01
5.819945335388183594e-01
3.388280868530273438e-01
4.622301757335662842e-01
6.331990957260131836e-01
3.502693474292755127e-01
3.691211044788360596e-01
6.135206222534179688e-01
6.155236959457397461e-01
4.317246079444885254e-01
6.264718174934387207e-01
3.669587671756744385e-01
5.058877468109130859e-01
5.959008932113647461e-01
3.428800404071807861e-01
6.376317739486694336e-01
4.575602710247039795e-01
4.525633752346038818e-01
6.295700073242187500e-01
6.370481848716735840e-01
3.711074888706207275e-01
6.215030550956726074e-01
3.487001955509185791e-01
5.264573097229003906e-01
4.784732162952423096e-01
4.331523180007934570e-01
6.127692461013793945e-01
5.880742073059082031e-01
5.646821856498718262e-01
5.764159560203552246e-01
3.870847523212432861e-01
3.913836181163787842e-01
3.764921426773071289e-01
6.214478611946105957e-01
5.370730757713317871e-01
6.297920346260070801e-01
6.250961422920227051e-01
3.610751628875732422e-01
3.632699549198150635e-01
4.857880771160125732e-01
3.344480395317077637e-01
6.280729770660400391e-01
5.189638733863830566e-01
4.180317223072052002e-01
4.931834042072296143e-01
6.062037944793701172e-01
4.289090335369110107e-01
6.060952544212341309e-01
3.642651140689849854e-01
6.311453580856323242e-01
6.287357211112976074e-01
6.236028075218200684e-01
5.484675765037536621e-01
3.731369972229003906e-01
5.290132164955139160e-01
6.346423625946044922e-01
5.559622645378112793e-01
3.955821692943572998e-01
5.258337259292602539e-01
4.692229926586151123e-01
5.042095780372619629e-01
3.973893821239471436e-01
5.973511934280395508e-01
3.515089452266693115e-01
4.496559202671051025e-01
5.723268985748291016e-01
4.541770219802856445e-01
6.068773269653320312e-01
5.667369365692138672e-01
6.301361918449401855e-01
4.734144210815429688e-01
3.838195502758026123e-01
4.293927848339080811e-01
5.610160231590270996e-01
4.907279610633850098e-01
3.824141621589660645e-01
4.808002710342407227e-01
6.425372362136840820e-01
6.327058076858520508e-01
6.098975539207458496e-01
6.371708512306213379e-01
4.141581356525421143e-01
3.366033136844635010e-01
6.363599896430969238e-01
5.712550878524780273e-01
5.926296114921569824e-01
4.851448833942413330e-01
4.129101037979125977e-01
6.365679502487182617e-01
5.929207801818847656e-01
4.004702270030975342e-01
3.809018731117248535e-01
4.000430405139923096e-01
5.354490876197814941e-01
5.984626412391662598e-01
4.879616796970367432e-01
6.187971234321594238e-01
6.250697374343872070e-01
4.526275396347045898e-01
6.405341625213623047e-01
5.571565628051757812e-01
5.550909042358398438e-01
4.701016247272491455e-01
5.953820347785949707e-01
5.726428031921386719e-01
4.497762024402618408e-01
6.378813385963439941e-01
3.430778086185455322e-01
6.356203556060791016e-01
3.659368157386779785e-01
6.281654834747314453e-01
6.339364647865295410e-01
6.103487014770507812e-01
3.821411430835723877e-01
3.518799245357513428e-01
6.385045051574707031e-01
3.554110825061798096e-01
4.680331647396087646e-01
3.381612300872802734e-01
3.630774319171905518e-01
5.866379141807556152e-01
5.876858830451965332e-01
5.519587397575378418e-01
4.828017055988311768e-01
5.541182756423950195e-01
3.639054298400878906e-01
6.252492666244506836e-01
4.541568756103515625e-01
6.395057439804077148e-01
6.300199031829833984e-01
5.578052401542663574e-01
5.978654623031616211e-01
6.271471977233886719e-01
6.339772939682006836e-01
5.152158737182617188e-01
4.700242877006530762e-01
3.878305256366729736e-01
6.291934251785278320e-01
5.265329480171203613e-01
5.911833047866821289e-01
6.254401206970214844e-01
6.013545393943786621e-01
3.681381642818450928e-01
3.319356143474578857e-01
6.124915480613708496e-01
5.969848036766052246e-01
5.889274477958679199e-01
6.267197728157043457e-01
6.264108419418334961e-01
4.098536372184753418e-01
4.142552018165588379e-01
6.005526185035705566e-01
6.261123418807983398e-01
5.381217598915100098e-01
6.372900605201721191e-01
6.287352442741394043e-01
4.624687731266021729e-01
6.274006962776184082e-01
5.130858421325683594e-01
4.491574466228485107e-01
3.817413449287414551e-01
6.257812976837158203e-01
5.232979655265808105e-01
3.598225414752960205e-01
3.425287604331970215e-01
6.283485889434814453e-01
4.184796214103698730e-01
6.334000229835510254e-01
3.752673566341400146e-01
5.684004426002502441e-01
4.545381665229797363e-01
6.232312321662902832e-01
3.785492181777954102e-01
6.201472878456115723e-01
6.183050870895385742e-01
4.293190836906433105e-01
5.622528791427612305e-01
6.357870101928710938e-01
3.426525592803955078e-01
3.442201912403106689e-01
5.081723332405090332e-01
6.399075984954833984e-01
3.679545521736145020e-01
6.380878090858459473e-01
3.349192440509796143e-01
6.122592091560363770e-01
5.455759763717651367e-01
4.747572839260101318e-01
3.870272636413574219e-01
6.386641263961791992e-01
4.556505084037780762e-01
3.901638984680175781e-01
6.302382349967956543e-01
6.304830908775329590e-01
4.333302080631256104e-01
6.140385866165161133e-01
3.340000510215759277e-01
4.896764457225799561e-01
3.552934527397155762e-01
5.914243459701538086e-01
6.278159618377685547e-01
5.052583813667297363e-01
4.354689717292785645e-01
4.483734369277954102e-01
5.948939323425292969e-01
3.935022652149200439e-01
3.776631355285644531e-01
5.493420362472534180e-01
6.201790571212768555e-01
3.737372756004333496e-01
6.154389381408691406e-01
5.910019874572753906e-01
4.198589920997619629e-01
3.294839560985565186e-01
6.254789829254150391e-01
3.906221687793731689e-01
4.193607866764068604e-01
4.327400922775268555e-01
5.504826307296752930e-01
5.592479705810546875e-01
6.157805323600769043e-01
6.277213692665100098e-01
6.383103132247924805e-01
3.825096786022186279e-01
4.182574450969696045e-01
6.221035122871398926e-01
5.869846940040588379e-01
6.378099322319030762e-01
3.627314865589141846e-01
6.362105607986450195e-01
3.484019935131072998e-01
4.227004945278167725e-01
6.024165749549865723e-01
5.951370596885681152e-01
6.158556342124938965e-01
6.202771067619323730e-01
5.034289956092834473e-01
5.389385223388671875e-01
4.390233159065246582e-01
3.693364858627319336e-01
4.153788089752197266e-01
4.056722223758697510e-01
6.108875870704650879e-01
6.253873109817504883e-01
3.785093724727630615e-01
6.259026527404785156e-01
6.297064423561096191e-01
3.415044844150543213e-01
6.243862509727478027e-01
4.587897062301635742e-01
3.722034990787506104e-01
6.398892998695373535e-01
3.653788864612579346e-01
5.649195313453674316e-01
3.395096957683563232e-01
6.359434723854064941e-01
4.849150776863098145e-01
5.403433442115783691e-01
4.845321476459503174e-01
6.196893453598022461e-01
4.329664111137390137e-01
5.687566399574279785e-01
6.288799047470092773e-01
5.297030806541442871e-01
5.497531890869140625e-01
5.174782276153564453e-01
6.410777568817138672e-01
6.067531108856201172e-01
4.448874890804290771e-01
3.659265041351318359e-01
3.862674832344055176e-01
6.298968195915222168e-01
5.787428021430969238e-01
5.272386074066162109e-01
6.218686103820800781e-01
6.335398554801940918e-01
4.679259657859802246e-01
6.258482933044433594e-01
5.030372738838195801e-01
3.845569193363189697e-01
3.683854937553405762e-01
3.963083028793334961e-01
6.062793135643005371e-01
6.113629937171936035e-01
3.698863387107849121e-01
5.770474672317504883e-01
3.718640804290771484e-01
5.303524732589721680e-01
6.253218650817871094e-01
5.382248163223266602e-01
6.010758876800537109e-01
5.319343805313110352e-01
6.310395002365112305e-01
3.776649832725524902e-01
6.309927701950073242e-01
6.245242357254028320e-01
3.724196255207061768e-01
6.259842514991760254e-01
5.800103545188903809e-01
6.360619664192199707e-01
6.106567978858947754e-01
5.252038836479187012e-01
5.364882946014404297e-01
6.385929584503173828e-01
3.618051409721374512e-01
6.386893391609191895e-01
5.980948805809020996e-01
3.651598393917083740e-01
4.890726804733276367e-01
4.407616853713989258e-01
3.667464256286621094e-01
4.528393447399139404e-01
4.690760076045989990e-01
3.868371546268463135e-01
4.310916066169738770e-01
6.302351951599121094e-01
6.313971877098083496e-01
6.276512742042541504e-01
5.056806802749633789e-01
6.301952600479125977e-01
4.435076415538787842e-01
5.360613465309143066e-01
4.815779328346252441e-01
6.292384266853332520e-01
5.546151995658874512e-01
6.290627121925354004e-01
4.051509499549865723e-01
4.719362258911132812e-01
3.483627736568450928e-01
5.959840416908264160e-01
3.334549367427825928e-01
4.192871749401092529e-01
4.744858443737030029e-01
6.278997063636779785e-01
4.477947950363159180e-01
6.154467463493347168e-01
3.289773166179656982e-01
3.771099150180816650e-01
6.129506826400756836e-01
6.218335628509521484e-01
3.424856960773468018e-01
3.524422049522399902e-01
5.860436558723449707e-01
5.750757455825805664e-01
3.696748316287994385e-01
6.221918463706970215e-01
4.284531176090240479e-01
3.723161816596984863e-01
6.041089296340942383e-01
4.709870517253875732e-01
4.541359245777130127e-01
3.850043118000030518e-01
5.917933583259582520e-01
6.365234851837158203e-01
5.625377893447875977e-01
4.156124591827392578e-01
6.369233727455139160e-01
4.408787488937377930e-01
3.520686328411102295e-01
5.438739657402038574e-01
4.538804590702056885e-01
6.393857598304748535e-01
3.332285284996032715e-01
4.101637005805969238e-01
6.058252453804016113e-01
5.932457447052001953e-01
4.364213347434997559e-01
5.766690969467163086e-01
4.957054257392883301e-01
4.303054213523864746e-01
6.356914639472961426e-01
6.349607110023498535e-01
3.556290864944458008e-01
6.214268207550048828e-01
3.954795300960540771e-01
6.258935928344726562e-01
5.821971297264099121e-01
4.699195027351379395e-01
6.228704452514648438e-01
3.773682415485382080e-01
6.422649025917053223e-01
3.391731977462768555e-01
3.428267240524291992e-01
4.090029597282409668e-01
5.882328748703002930e-01
4.090767502784729004e-01
3.904973864555358887e-01
6.087957620620727539e-01
3.517128825187683105e-01
6.368836164474487305e-01
6.352084875106811523e-01
3.430034220218658447e-01
5.366654992103576660e-01
3.558391034603118896e-01
4.862533807754516602e-01
4.729350507259368896e-01
4.417871236801147461e-01
5.709514617919921875e-01
5.580531358718872070e-01
5.718815326690673828e-01
6.052274107933044434e-01
4.346046149730682373e-01
5.512583851814270020e-01
6.276226639747619629e-01
5.820701718330383301e-01
6.327750682830810547e-01
4.949267208576202393e-01
6.360512971878051758e-01
6.372374892234802246e-01
6.251024007797241211e-01
5.280830860137939453e-01
6.055205464363098145e-01
5.976727008819580078e-01
4.174309074878692627e-01
6.129096150398254395e-01
3.948433399200439453e-01
6.079304218292236328e-01
5.617951154708862305e-01
6.177869439125061035e-01
4.563329517841339111e-01
5.571683049201965332e-01
5.229271054267883301e-01
5.007115602493286133e-01
5.047909021377563477e-01
3.379058837890625000e-01
6.201664209365844727e-01
4.504917263984680176e-01
5.812237858772277832e-01
4.597713351249694824e-01
5.366644859313964844e-01
5.697304606437683105e-01
6.398586034774780273e-01
5.034584403038024902e-01
3.557370901107788086e-01
4.636313319206237793e-01
6.097083687782287598e-01
5.937914252281188965e-01
3.333653211593627930e-01
6.352851986885070801e-01
6.296439766883850098e-01
5.836854577064514160e-01
3.734650611877441406e-01
6.348042488098144531e-01
4.658606946468353271e-01
4.315007328987121582e-01
4.258330464363098145e-01
5.412011742591857910e-01
3.769180178642272949e-01
4.245360493659973145e-01
3.546625077724456787e-01
6.273275613784790039e-01
6.405164599418640137e-01
5.481502413749694824e-01
6.211939454078674316e-01
3.720878064632415771e-01
3.510238528251647949e-01
5.468379855155944824e-01
6.322485208511352539e-01
4.371594488620758057e-01
6.368445158004760742e-01
5.153326988220214844e-01
6.024311780929565430e-01
3.568366765975952148e-01
6.433129906654357910e-01
3.463614583015441895e-01
5.850509405136108398e-01
6.110383272171020508e-01
3.974484801292419434e-01
3.483821153640747070e-01
6.218565106391906738e-01
4.510992765426635742e-01
6.269108057022094727e-01
6.310101747512817383e-01
3.330437242984771729e-01
4.137578606605529785e-01
3.665552437305450439e-01
6.392375230789184570e-01
5.109807252883911133e-01
5.248560309410095215e-01
5.519472956657409668e-01
6.273735761642456055e-01
5.770499110221862793e-01
3.832221329212188721e-01
3.746463656425476074e-01
3.387130498886108398e-01
3.313550651073455811e-01
4.849705994129180908e-01
3.448366522789001465e-01
6.297733783721923828e-01
5.874727368354797363e-01
3.655802011489868164e-01
5.453478097915649414e-01
5.813421010971069336e-01
5.075363516807556152e-01
6.289123892784118652e-01
6.394459605216979980e-01
3.502238690853118896e-01
3.676528632640838623e-01
6.321327090263366699e-01
5.272842645645141602e-01
3.320288658142089844e-01
3.948932290077209473e-01
6.353389620780944824e-01
6.240256428718566895e-01
5.778610706329345703e-01
6.294918656349182129e-01
6.370990276336669922e-01
4.456396102905273438e-01
5.245214700698852539e-01
3.668238222599029541e-01
4.336632192134857178e-01
6.407356262207031250e-01
5.641217231750488281e-01
6.213271617889404297e-01
4.114968776702880859e-01
6.259686350822448730e-01
6.314214468002319336e-01
3.555247485637664795e-01
5.452268719673156738e-01
5.962760448455810547e-01
5.857228040695190430e-01
6.267738938331604004e-01
5.412431955337524414e-01
6.090010404586791992e-01
6.207934617996215820e-01
5.583724975585937500e-01
6.082831621170043945e-01
3.603874444961547852e-01
3.338586688041687012e-01
6.113176345825195312e-01
6.117177009582519531e-01
6.012141704559326172e-01
4.168260991573333740e-01
3.933661282062530518e-01
5.140505433082580566e-01
6.309009194374084473e-01
3.466773927211761475e-01
4.747045338153839111e-01
6.146922707557678223e-01
6.119470596313476562e-01
6.110041737556457520e-01
4.263736307621002197e-01
6.112675666809082031e-01
3.665662705898284912e-01
4.005738794803619385e-01
5.088774561882019043e-01
3.687764406204223633e-01
3.372422456741333008e-01
6.336197853088378906e-01
6.272796988487243652e-01
4.322483837604522705e-01
3.995618522167205811e-01
6.228070259094238281e-01
5.736327767372131348e-01
6.323288083076477051e-01
4.772782325744628906e-01
4.398170709609985352e-01
6.298211216926574707e-01
6.317280530929565430e-01
5.630521178245544434e-01
6.350593566894531250e-01
5.646415352821350098e-01
6.028926968574523926e-01
4.172091484069824219e-01
6.183070540428161621e-01
6.324232220649719238e-01
3.384996652603149414e-01
5.771156549453735352e-01
6.027960181236267090e-01
3.794611394405364990e-01
5.900648832321166992e-01
4.629690647125244141e-01
3.483742177486419678e-01
4.180704951286315918e-01
5.560882687568664551e-01
6.355613470077514648e-01
6.413868665695190430e-01
6.341561675071716309e-01
5.131778717041015625e-01
5.176639556884765625e-01
6.271311044692993164e-01
6.294703483581542969e-01
6.199955940246582031e-01
3.552929759025573730e-01
6.251197457313537598e-01
5.854778885841369629e-01
5.334298610687255859e-01
3.612983524799346924e-01
5.646518468856811523e-01
4.065489768981933594e-01
3.998230695724487305e-01
6.274538636207580566e-01
4.006134569644927979e-01
3.772871196269989014e-01
6.377208232879638672e-01
5.773730874061584473e-01
5.959692597389221191e-01
5.816183090209960938e-01
3.483134806156158447e-01
6.119287610054016113e-01
3.688741326332092285e-01
4.375176429748535156e-01
3.466404080390930176e-01
6.162555813789367676e-01
4.084876179695129395e-01
4.073378443717956543e-01
6.403287053108215332e-01
5.980675816535949707e-01
6.326197981834411621e-01
3.648459315299987793e-01
5.515388250350952148e-01
6.127256155014038086e-01
5.286479592323303223e-01
6.224945187568664551e-01
6.137629151344299316e-01
6.247472167015075684e-01
3.699622750282287598e-01
6.287598013877868652e-01
6.379160881042480469e-01
4.229476451873779297e-01
3.926571905612945557e-01
6.315990686416625977e-01
6.224815845489501953e-01
6.100861430168151855e-01
6.316276192665100098e-01
5.759655237197875977e-01
5.667287111282348633e-01
4.525237381458282471e-01
5.275664925575256348e-01
5.859690904617309570e-01
4.349521100521087646e-01
3.441933095455169678e-01
5.959112644195556641e-01
6.278094649314880371e-01
3.581614792346954346e-01
5.479736924171447754e-01
4.940444529056549072e-01
6.190764307975769043e-01
6.369603276252746582e-01
6.374319195747375488e-01
3.608019351959228516e-01
3.960906863212585449e-01
6.399567127227783203e-01
3.978308439254760742e-01
4.924113750457763672e-01
5.160476565361022949e-01
3.275716304779052734e-01
5.184373855590820312e-01
6.238855719566345215e-01
4.447269141674041748e-01
6.191322803497314453e-01
6.416557431221008301e-01
3.962237238883972168e-01
6.088684201240539551e-01
3.394180238246917725e-01
4.356351494789123535e-01
3.681794404983520508e-01
5.629023313522338867e-01
6.295289397239685059e-01
6.197683215141296387e-01
5.425105094909667969e-01
5.891823768615722656e-01
6.245638728141784668e-01
6.424912214279174805e-01
3.546360433101654053e-01
5.619343519210815430e-01
6.394240260124206543e-01
4.364946484565734863e-01
6.359707713127136230e-01
6.304633021354675293e-01
4.031149148941040039e-01
3.751355707645416260e-01
3.625690937042236328e-01
6.323157548904418945e-01
6.351987719535827637e-01
3.552375137805938721e-01
4.015969932079315186e-01
4.247241616249084473e-01
3.560989201068878174e-01
5.210926532745361328e-01
5.330618619918823242e-01
3.544282615184783936e-01
6.417807936668395996e-01
5.339636802673339844e-01
3.399346768856048584e-01
6.354508399963378906e-01
4.313761591911315918e-01
6.388283371925354004e-01
3.569734692573547363e-01
6.124219298362731934e-01
6.163320541381835938e-01
5.786525607109069824e-01
6.192229390144348145e-01
4.555734992027282715e-01
6.399260759353637695e-01
4.668378829956054688e-01
3.412332236766815186e-01
6.022571921348571777e-01
4.822307229042053223e-01
5.683523416519165039e-01
3.833925426006317139e-01
6.257371902465820312e-01
6.344385743141174316e-01
6.387397050857543945e-01
4.286779165267944336e-01
4.543461799621582031e-01
6.101580858230590820e-01
3.622995316982269287e-01
4.399034082889556885e-01
6.346216797828674316e-01
5.789110660552978516e-01
4.374612867832183838e-01
3.332215845584869385e-01
6.344284415245056152e-01
5.402817130088806152e-01
5.007812380790710449e-01
4.357318282127380371e-01
5.139902830123901367e-01
5.197444558143615723e-01
6.424362063407897949e-01
6.282672286033630371e-01
3.867512643337249756e-01
5.648055672645568848e-01
6.366595029830932617e-01
3.815921843051910400e-01
6.205990910530090332e-01
3.845933973789215088e-01
3.323039412498474121e-01
3.620143830776214600e-01
6.399486660957336426e-01
3.863645195960998535e-01
4.922949671745300293e-01
6.380161046981811523e-01
3.856238424777984619e-01
3.558202683925628662e-01
6.296686530113220215e-01
5.868633985519409180e-01
6.332601308822631836e-01
3.615829348564147949e-01
6.295233964920043945e-01
5.280186533927917480e-01
6.253522634506225586e-01
5.344049930572509766e-01
6.241219043731689453e-01
5.886175632476806641e-01
5.440272688865661621e-01
3.612501323223114014e-01
3.717845678329467773e-01
6.150966286659240723e-01
6.378480792045593262e-01
4.563663303852081299e-01
6.114258170127868652e-01
4.621738195419311523e-01
6.349465847015380859e-01
6.186868548393249512e-01
6.424039006233215332e-01
6.097092032432556152e-01
6.085852980613708496e-01
5.846838355064392090e-01
4.918775856494903564e-01
4.142735600471496582e-01
5.115889906883239746e-01
5.513023138046264648e-01
6.227779984474182129e-01
4.448281228542327881e-01
4.551548659801483154e-01
3.410251736640930176e-01
6.272560954093933105e-01
5.091620087623596191e-01
6.303158998489379883e-01
6.289439797401428223e-01
6.324756741523742676e-01
6.279053688049316406e-01
3.354523777961730957e-01
5.251598358154296875e-01
3.676072061061859131e-01
6.182585954666137695e-01
6.335765719413757324e-01
5.048862099647521973e-01
3.422700762748718262e-01
3.682990670204162598e-01
4.911910593509674072e-01
6.332207918167114258e-01
4.878958463668823242e-01
4.788826704025268555e-01
4.675982594490051270e-01
4.839116334915161133e-01
6.312054395675659180e-01
3.335849344730377197e-01
4.873715639114379883e-01
6.314259171485900879e-01
4.645161628723144531e-01
5.792183279991149902e-01
3.674145936965942383e-01
4.306701123714447021e-01
6.167247891426086426e-01
5.200818777084350586e-01
3.753960728645324707e-01
6.115975379943847656e-01
6.277377605438232422e-01
5.789451003074645996e-01
5.944629311561584473e-01
5.471901893615722656e-01
5.980879664421081543e-01
3.491396903991699219e-01
6.337871551513671875e-01
4.572044610977172852e-01
5.649060606956481934e-01
3.640230894088745117e-01
3.453224003314971924e-01
5.590301156044006348e-01
6.296396255493164062e-01
6.136271953582763672e-01
4.828459322452545166e-01
5.137322545051574707e-01
6.241111159324645996e-01
6.381804943084716797e-01
6.393754482269287109e-01
6.072100400924682617e-01
5.237188339233398438e-01
5.344543457031250000e-01
6.114550232887268066e-01
6.364652514457702637e-01
6.373272538185119629e-01
6.154049038887023926e-01
3.644221127033233643e-01
6.318405866622924805e-01
5.300832390785217285e-01
5.844457149505615234e-01
3.374246358871459961e-01
4.977457821369171143e-01
3.398203551769256592e-01
3.806042075157165527e-01
4.541526436805725098e-01
6.313568949699401855e-01
5.638838410377502441e-01
5.386248230934143066e-01
3.724118471145629883e-01
3.715097606182098389e-01
5.800027251243591309e-01
3.537189662456512451e-01
5.427417159080505371e-01
6.201327443122863770e-01
3.435313403606414795e-01
6.354654431343078613e-01
4.093236923217773438e-01
6.170907616615295410e-01
6.186902523040771484e-01
6.302880048751831055e-01
6.163610219955444336e-01
4.574860036373138428e-01
4.538971781730651855e-01
4.200691580772399902e-01
6.294213533401489258e-01
3.463304638862609863e-01
3.765935599803924561e-01
6.328513622283935547e-01
5.777151584625244141e-01
3.744482994079589844e-01
6.410604119300842285e-01
3.835766911506652832e-01
6.191025376319885254e-01
4.252606332302093506e-01
6.305171847343444824e-01
5.783964991569519043e-01
4.035040438175201416e-01
6.110869646072387695e-01
3.425568044185638428e-01
4.449806511402130127e-01
4.603879749774932861e-01
5.437252521514892578e-01
5.617282390594482422e-01
6.382235288619995117e-01
6.274590492248535156e-01
3.410966694355010986e-01
6.336680650711059570e-01
3.974471092224121094e-01
6.400290131568908691e-01
5.626870393753051758e-01
3.670296370983123779e-01
6.367521286010742188e-01
4.759081304073333740e-01
3.547586798667907715e-01
6.362791061401367188e-01
4.127528369426727295e-01
6.047665476799011230e-01
5.998904705047607422e-01
6.424348950386047363e-01
6.200675964355468750e-01
3.499098718166351318e-01
3.460334539413452148e-01
3.871889412403106689e-01
6.208572387695312500e-01
4.645695090293884277e-01
3.822203278541564941e-01
5.235813856124877930e-01
6.288131475448608398e-01
6.224218010902404785e-01
5.374185442924499512e-01
5.315234065055847168e-01
6.224950551986694336e-01
4.496488869190216064e-01
6.263990998268127441e-01
5.783614516258239746e-01
3.656445145606994629e-01
3.290311992168426514e-01
4.554894566535949707e-01
5.365966558456420898e-01
4.125477969646453857e-01
4.087910354137420654e-01
3.367803394794464111e-01
6.277670860290527344e-01
6.290601491928100586e-01
4.197671413421630859e-01
6.357689499855041504e-01
4.812800884246826172e-01
6.161805391311645508e-01
5.328521132469177246e-01
5.972504019737243652e-01
3.995901942253112793e-01
6.383811235427856445e-01
3.341493308544158936e-01
6.166320443153381348e-01
3.638507127761840820e-01
6.062543392181396484e-01
3.943659365177154541e-01
4.068124294281005859e-01
4.253084957599639893e-01
6.411939263343811035e-01
5.868731141090393066e-01
6.407589316368103027e-01
3.445339798927307129e-01
5.892786383628845215e-01
5.039436221122741699e-01
5.814016461372375488e-01
6.324134469032287598e-01
5.855694413185119629e-01
6.278511881828308105e-01
3.452794551849365234e-01
6.268787384033203125e-01
6.162931919097900391e-01
4.510248303413391113e-01
3.545585274696350098e-01
4.836554527282714844e-01
6.407800316810607910e-01
3.710114061832427979e-01
5.019350647926330566e-01
6.072124838829040527e-01
5.621563792228698730e-01
6.311462521553039551e-01
4.256270229816436768e-01
4.807393252849578857e-01
4.295914471149444580e-01
3.387503921985626221e-01
4.971076548099517822e-01
6.284012198448181152e-01
5.940868258476257324e-01
6.210919618606567383e-01
4.628539681434631348e-01
6.157174110412597656e-01
6.405371427536010742e-01
6.250949501991271973e-01
4.487185180187225342e-01
5.044860839843750000e-01
6.366909742355346680e-01
6.214439868927001953e-01
3.629275262355804443e-01
6.077145934104919434e-01
4.316038787364959717e-01
6.146341562271118164e-01
5.749496817588806152e-01
3.762426972389221191e-01
6.328756809234619141e-01
5.571113228797912598e-01
5.642035603523254395e-01
3.754165768623352051e-01
5.193210244178771973e-01
6.380947232246398926e-01
5.629996657371520996e-01
6.072402596473693848e-01
6.229462027549743652e-01
6.047150492668151855e-01
5.619262456893920898e-01
6.143594980239868164e-01
5.644615888595581055e-01
5.999667644500732422e-01
6.074355840682983398e-01
6.333854794502258301e-01
6.189571022987365723e-01
6.106805801391601562e-01
5.256364345550537109e-01
4.950851500034332275e-01
3.757618963718414307e-01
3.407183587551116943e-01
6.227324008941650391e-01
3.650127053260803223e-01
4.267083704471588135e-01
6.221395730972290039e-01
5.890982151031494141e-01
6.125463247299194336e-01
5.020036101341247559e-01
6.362884044647216797e-01
6.401542425155639648e-01
5.654150247573852539e-01
6.366954445838928223e-01
6.074420809745788574e-01
4.421376287937164307e-01
3.947024345397949219e-01
5.287921428680419922e-01
3.533656597137451172e-01
6.289106607437133789e-01
5.833499431610107422e-01
5.219359397888183594e-01
3.346754312515258789e-01
3.445062637329101562e-01
3.848279118537902832e-01
6.179203987121582031e-01
5.393666625022888184e-01
6.325920820236206055e-01
4.637307822704315186e-01
6.251814961433410645e-01
5.995410680770874023e-01
3.350387811660766602e-01
4.024271965026855469e-01
6.330603361129760742e-01
4.771626293659210205e-01
3.547077775001525879e-01
6.358622908592224121e-01
6.224170327186584473e-01
5.865641236305236816e-01
6.219060420989990234e-01
4.661003649234771729e-01
5.389984846115112305e-01
3.769527971744537354e-01
4.817217290401458740e-01
4.323051273822784424e-01
3.798538744449615479e-01
5.896142125129699707e-01
5.966885685920715332e-01
6.350424885749816895e-01
6.301417350769042969e-01
3.537071049213409424e-01
5.967588424682617188e-01
6.115959882736206055e-01
6.233354806900024414e-01
4.890782833099365234e-01
3.982847332954406738e-01
3.349547982215881348e-01
4.453570842742919922e-01
4.035269320011138916e-01
3.739390075206756592e-01
4.516533315181732178e-01
5.593629479408264160e-01
3.389751911163330078e-01
5.652473568916320801e-01
6.330972313880920410e-01
5.588477849960327148e-01
6.222076416015625000e-01
3.386001288890838623e-01
4.011988937854766846e-01
6.373998522758483887e-01
3.364230096340179443e-01
3.536612987518310547e-01
3.646134138107299805e-01
4.049808382987976074e-01
4.144633412361145020e-01
6.133607029914855957e-01
6.222912669181823730e-01
6.388871669769287109e-01
5.158388614654541016e-01
3.542285263538360596e-01
3.905929923057556152e-01
5.115423798561096191e-01
6.313767433166503906e-01
3.318907320499420166e-01
4.923487305641174316e-01
3.822950720787048340e-01
3.333690166473388672e-01
5.503529906272888184e-01
5.864368677139282227e-01
5.021601319313049316e-01
6.256901621818542480e-01
6.011558175086975098e-01
6.342394948005676270e-01
4.198938310146331787e-01
4.126749932765960693e-01
6.278743147850036621e-01
3.630069792270660400e-01
5.595930814743041992e-01
4.272639751434326172e-01
6.082686185836791992e-01
3.472022116184234619e-01
6.302218437194824219e-01
3.987760245800018311e-01
6.311345696449279785e-01
4.984761476516723633e-01
5.910665392875671387e-01
6.273419260978698730e-01
5.791919231414794922e-01
6.188390851020812988e-01
5.032119750976562500e-01
4.155332744121551514e-01
3.293938636779785156e-01
3.801327347755432129e-01
4.619932770729064941e-01
3.347997069358825684e-01
4.534102380275726318e-01
6.329332590103149414e-01
5.764368176460266113e-01
5.779356956481933594e-01
5.480811595916748047e-01
6.233817934989929199e-01
5.798950195312500000e-01
5.958057045936584473e-01
6.363770961761474609e-01
3.512317240238189697e-01
3.603887557983398438e-01
3.585034608840942383e-01
6.432908177375793457e-01
4.264059364795684814e-01
4.654219150543212891e-01
3.563395738601684570e-01
3.686946034431457520e-01
4.669938683509826660e-01
5.383461117744445801e-01
4.671373665332794189e-01
6.274504065513610840e-01
4.119619429111480713e-01
6.163544654846191406e-01
6.298910379409790039e-01
3.601557612419128418e-01
4.931551218032836914e-01
6.215084791183471680e-01
6.275199055671691895e-01
3.748794198036193848e-01
5.422181487083435059e-01
6.281082630157470703e-01
5.266091823577880859e-01
6.354447007179260254e-01
6.258131861686706543e-01
3.979354500770568848e-01
3.765260279178619385e-01
5.682420730590820312e-01
4.597408473491668701e-01
3.388945460319519043e-01
6.390928030014038086e-01
6.404594182968139648e-01
6.323717832565307617e-01
4.798168838024139404e-01
6.314532756805419922e-01
4.889346063137054443e-01
5.879601836204528809e-01
6.116566061973571777e-01
6.113502979278564453e-01
6.152892112731933594e-01
6.036909222602844238e-01
3.410196304321289062e-01
3.394007682800292969e-01
6.138520240783691406e-01
6.395639777183532715e-01
5.199428796768188477e-01
3.461055159568786621e-01
6.412892937660217285e-01
3.331406712532043457e-01
6.138467788696289062e-01
6.202609539031982422e-01
6.239461898803710938e-01
6.149309277534484863e-01
3.658018112182617188e-01
5.951508879661560059e-01
3.469207584857940674e-01
4.039381742477416992e-01
4.607492387294769287e-01
6.357045769691467285e-01
4.590294361114501953e-01
3.985158801078796387e-01
3.758133947849273682e-01
5.769233107566833496e-01
3.821562826633453369e-01
6.217567920684814453e-01
3.378145098686218262e-01
5.072442889213562012e-01
6.000524759292602539e-01
3.539815247058868408e-01
3.459776639938354492e-01
3.871585726737976074e-01
4.670245945453643799e-01
5.384559035301208496e-01
5.124838352203369141e-01
5.938651561737060547e-01
6.054846048355102539e-01
3.864205479621887207e-01
3.273127675056457520e-01
4.407133758068084717e-01
6.329042315483093262e-01
3.515099883079528809e-01
4.389702975749969482e-01
6.302489042282104492e-01
5.728734135627746582e-01
5.968357324600219727e-01
5.986947417259216309e-01
3.551239669322967529e-01
4.850312769412994385e-01
6.347215175628662109e-01
3.687147200107574463e-01
3.311221599578857422e-01
5.383135676383972168e-01
3.999305069446563721e-01
4.363593161106109619e-01
6.288352012634277344e-01
4.047025442123413086e-01
4.235291779041290283e-01
5.896291732788085938e-01
6.168302893638610840e-01
6.024548411369323730e-01
6.151243448257446289e-01
4.001210629940032959e-01
5.274422764778137207e-01
6.340147852897644043e-01
5.311145186424255371e-01
6.362033486366271973e-01
5.463010072708129883e-01
6.191824674606323242e-01
3.794145584106445312e-01
3.265419900417327881e-01
6.107789278030395508e-01
6.371777653694152832e-01
5.011717081069946289e-01
6.391465663909912109e-01
6.396128535270690918e-01
5.976279377937316895e-01
6.388985514640808105e-01
3.593824505805969238e-01
3.393595218658447266e-01
6.318266987800598145e-01
3.799693882465362549e-01
3.922724425792694092e-01
3.643279969692230225e-01
3.567055463790893555e-01
4.061929881572723389e-01
6.066960692405700684e-01
5.065392255783081055e-01
4.305891096591949463e-01
6.360267996788024902e-01
6.278546452522277832e-01
4.278783500194549561e-01
4.349766373634338379e-01
6.377031803131103516e-01
4.321316182613372803e-01
3.375627696514129639e-01
6.426352858543395996e-01
6.404049992561340332e-01
4.108216464519500732e-01
6.355624198913574219e-01
5.767449736595153809e-01
4.616987407207489014e-01
4.135895371437072754e-01
3.399482667446136475e-01
5.236450433731079102e-01
4.625974893569946289e-01
3.993241786956787109e-01
5.962378978729248047e-01
4.206897914409637451e-01
3.697114586830139160e-01
6.389577388763427734e-01
4.233583509922027588e-01
6.136090755462646484e-01
4.249788522720336914e-01
3.581757545471191406e-01
6.225882172584533691e-01
3.785807490348815918e-01
6.159955859184265137e-01
5.551344752311706543e-01
3.609188795089721680e-01
6.233825683593750000e-01
4.354733228683471680e-01
3.280037045478820801e-01
4.634064733982086182e-01
6.203407049179077148e-01
6.303418278694152832e-01
5.708516836166381836e-01
6.131195425987243652e-01
5.417736768722534180e-01
6.165520548820495605e-01
4.006480276584625244e-01
6.367079615592956543e-01
4.555095434188842773e-01
3.519059121608734131e-01
3.570215702056884766e-01
6.354748606681823730e-01
3.713455796241760254e-01
6.317415237426757812e-01
4.288909137248992920e-01
5.844528079032897949e-01
5.326557159423828125e-01
4.791271388530731201e-01
5.464156270027160645e-01
6.343582272529602051e-01
3.825266063213348389e-01
4.405133128166198730e-01
6.034199595451354980e-01
4.193858504295349121e-01
6.219259500503540039e-01
3.880214691162109375e-01
4.557333886623382568e-01
5.358039736747741699e-01
4.418938457965850830e-01
5.153404474258422852e-01
6.176705360412597656e-01
5.461480617523193359e-01
5.668011307716369629e-01
4.510464966297149658e-01
5.749907493591308594e-01
6.368260979652404785e-01
4.366634190082550049e-01
6.219679713249206543e-01
6.223060488700866699e-01
5.722795128822326660e-01
3.515351712703704834e-01
5.413718819618225098e-01
5.339990258216857910e-01
3.602818548679351807e-01
4.505993425846099854e-01
6.049205660820007324e-01
6.408903002738952637e-01
6.270049810409545898e-01
6.394721865653991699e-01
6.291099786758422852e-01
5.224563479423522949e-01
6.081981062889099121e-01
3.327167034149169922e-01
3.513247966766357422e-01
6.404671072959899902e-01
5.284031033515930176e-01
6.413692235946655273e-01
4.247632026672363281e-01
4.585182070732116699e-01
5.793385505676269531e-01
4.183159172534942627e-01
4.378693401813507080e-01
3.515714704990386963e-01
4.482685029506683350e-01
5.176983475685119629e-01
6.216114759445190430e-01
3.586748242378234863e-01
6.379507780075073242e-01
6.182373762130737305e-01
6.426078677177429199e-01
6.366831660270690918e-01
4.833615422248840332e-01
5.935017466545104980e-01
6.256809234619140625e-01
6.347588300704956055e-01
4.613248705863952637e-01
6.408428549766540527e-01
6.335724592208862305e-01
6.303166151046752930e-01
5.653411149978637695e-01
5.194753408432006836e-01
6.109474897384643555e-01
5.392364263534545898e-01
4.101037383079528809e-01
6.242760419845581055e-01
5.764794945716857910e-01
3.640277087688446045e-01
4.284073412418365479e-01
4.974453449249267578e-01
4.435784518718719482e-01
5.796724557876586914e-01
6.367413997650146484e-01
4.377691149711608887e-01
3.387087285518646240e-01
4.014994204044342041e-01
3.754286468029022217e-01
4.725234210491180420e-01
3.692110180854797363e-01
5.813264250755310059e-01
6.422468423843383789e-01
5.864548087120056152e-01
5.000082850456237793e-01
6.395272016525268555e-01
3.975831568241119385e-01
3.780362904071807861e-01
4.791675508022308350e-01
6.221879124641418457e-01
3.901151120662689209e-01
3.434683382511138916e-01
3.921754956245422363e-01
3.621343374252319336e-01
5.521743297576904297e-01
6.054713129997253418e-01
3.637121021747589111e-01
5.412658452987670898e-01
6.090961694717407227e-01
3.726248741149902344e-01
6.428824663162231445e-01
6.229183077812194824e-01
6.180399656295776367e-01
6.148656010627746582e-01
5.471361875534057617e-01
5.619765520095825195e-01
3.435772061347961426e-01
6.397371292114257812e-01
4.231135249137878418e-01
3.637379705905914307e-01
6.393586397171020508e-01
4.964982569217681885e-01
3.414333760738372803e-01
4.241608977317810059e-01
6.300925016403198242e-01
6.054877638816833496e-01
5.810944437980651855e-01
5.417175889015197754e-01
4.339521825313568115e-01
3.729424476623535156e-01
3.327017128467559814e-01
6.397650241851806641e-01
5.280617475509643555e-01
3.822561502456665039e-01
3.670682013034820557e-01
6.181888580322265625e-01
4.768642783164978027e-01
6.322805285453796387e-01
4.016317427158355713e-01
6.279601454734802246e-01
6.333398222923278809e-01
5.345364809036254883e-01
5.872144103050231934e-01
5.905787348747253418e-01
6.210946440696716309e-01
6.387124061584472656e-01
6.411299109458923340e-01
5.762761831283569336e-01
3.699767291545867920e-01
6.436528563499450684e-01
6.302497386932373047e-01
4.688766896724700928e-01
6.400285363197326660e-01
4.871229529380798340e-01
6.163513660430908203e-01
3.355310559272766113e-01
6.279477477073669434e-01
6.277855038642883301e-01
3.780793249607086182e-01
6.194709539413452148e-01
6.105707883834838867e-01
5.895754694938659668e-01
6.366484761238098145e-01
6.371447443962097168e-01
6.380766630172729492e-01
3.776708245277404785e-01
5.244280099868774414e-01
4.344614148139953613e-01
4.790320396423339844e-01
5.164832472801208496e-01
3.743966221809387207e-01
5.031664967536926270e-01
4.591568410396575928e-01
5.250983834266662598e-01
3.807047605514526367e-01
3.490978777408599854e-01
6.007525324821472168e-01
5.401074886322021484e-01
3.300525248050689697e-01
5.333827137947082520e-01
5.818524956703186035e-01
3.516210913658142090e-01
6.366333365440368652e-01
5.148774981498718262e-01
4.729910492897033691e-01
4.076533019542694092e-01
5.172303318977355957e-01
3.686043918132781982e-01
4.623263180255889893e-01
6.194617748260498047e-01
5.352219939231872559e-01
5.604779720306396484e-01
6.241415143013000488e-01
6.401655673980712891e-01
6.374636292457580566e-01
5.832244157791137695e-01
6.057125926017761230e-01
3.394688367843627930e-01
6.254859566688537598e-01
6.263658404350280762e-01
6.044220328330993652e-01
4.036988914012908936e-01
5.894976258277893066e-01
6.348366141319274902e-01
4.689851999282836914e-01
6.238280534744262695e-01
3.279342651367187500e-01
4.493642747402191162e-01
3.426512777805328369e-01
3.544641733169555664e-01
6.255825757980346680e-01
6.226125955581665039e-01
4.631073474884033203e-01
4.076037108898162842e-01
6.005868315696716309e-01
4.370692074298858643e-01
6.289736032485961914e-01
6.354265809059143066e-01
4.388818144798278809e-01
3.752737939357757568e-01
6.354367136955261230e-01
6.403564214706420898e-01
6.161171197891235352e-01
5.580127835273742676e-01
6.015096306800842285e-01
5.588537454605102539e-01
5.026613473892211914e-01
3.747231960296630859e-01
6.332461833953857422e-01
6.356531381607055664e-01
5.599774718284606934e-01
3.738248050212860107e-01
4.847390055656433105e-01
5.886940956115722656e-01
3.411264121532440186e-01
3.546328246593475342e-01
6.363775730133056641e-01
3.832934200763702393e-01
5.677312016487121582e-01
3.651705086231231689e-01
6.264706850051879883e-01
4.575692415237426758e-01
5.331988930702209473e-01
6.037155985832214355e-01
4.401817023754119873e-01
6.269308328628540039e-01
3.687176406383514404e-01
3.577367663383483887e-01
5.518659353256225586e-01
3.455292284488677979e-01
6.175402998924255371e-01
5.786185264587402344e-01
5.970681309700012207e-01
5.652600526809692383e-01
3.702714443206787109e-01
6.080313324928283691e-01
6.092696189880371094e-01
5.150826573371887207e-01
5.155588984489440918e-01
3.873604536056518555e-01
4.765613377094268799e-01
3.581674098968505859e-01
6.250560879707336426e-01
6.343907117843627930e-01
3.853075504302978516e-01
4.270250499248504639e-01
6.048875451087951660e-01
6.143715977668762207e-01
6.400123834609985352e-01
6.376372575759887695e-01
6.161673069000244141e-01
6.263650655746459961e-01
3.509957194328308105e-01
4.782798588275909424e-01
4.890544414520263672e-01
5.480008721351623535e-01
5.570662021636962891e-01
6.125761270523071289e-01
6.361767649650573730e-01
6.262215375900268555e-01
3.553167283535003662e-01
6.351613998413085938e-01
4.967771172523498535e-01
6.397052407264709473e-01
6.201556324958801270e-01
3.609651029109954834e-01
4.050383865833282471e-01
4.809451103210449219e-01
6.422746777534484863e-01
6.105045080184936523e-01
6.059585809707641602e-01
6.323724985122680664e-01
4.800949096679687500e-01
3.889769613742828369e-01
6.354203820228576660e-01
5.617921948432922363e-01
4.008268117904663086e-01
3.822687566280364990e-01
6.152158379554748535e-01
3.408111333847045898e-01
3.489903807640075684e-01
6.349712610244750977e-01
4.345695972442626953e-01
6.357452869415283203e-01
3.576553463935852051e-01
4.129392802715301514e-01
6.305668354034423828e-01
3.902931511402130127e-01
5.993747115135192871e-01
6.405390501022338867e-01
3.595505952835083008e-01
5.062643885612487793e-01
5.181919336318969727e-01
5.955113768577575684e-01
3.728148341178894043e-01
6.296809315681457520e-01
5.906761884689331055e-01
3.476799726486206055e-01
3.912889659404754639e-01
4.444263577461242676e-01
6.332786083221435547e-01
4.900791347026824951e-01
6.143233180046081543e-01
4.069972932338714600e-01
4.580865800380706787e-01
5.103775858879089355e-01
3.877274692058563232e-01
4.777369499206542969e-01
3.683936595916748047e-01
3.506327569484710693e-01
5.896534323692321777e-01
4.711132049560546875e-01
5.957841873168945312e-01
4.049887955188751221e-01
