5.464723706245422363e-01
3.369629085063934326e-01
3.979469835758209229e-01
3.411843776702880859e-01
6.400455832481384277e-01
4.287852048873901367e-01
4.665805101394653320e-01
3.362213969230651855e-01
3.383268713951110840e-01
3.803512752056121826e-01
4.765046536922454834e-01
5.222266912460327148e-01
5.887717008590698242e-01
3.418634235858917236e-01
3.324520885944366455e-01
6.058502197265625000e-01
4.580581784248352051e-01
4.727542996406555176e-01
4.909719824790954590e-01
4.614424109458923340e-01
3.383409678936004639e-01
6.351603269577026367e-01
5.817573070526123047e-01
5.007020831108093262e-01
6.261834502220153809e-01
4.166751801967620850e-01
3.451564013957977295e-01
3.403400778770446777e-01
3.487149775028228760e-01
4.799942970275878906e-01
3.446297049522399902e-01
4.329418241977691650e-01
4.983811378479003906e-01
3.676066100597381592e-01
6.393882036209106445e-01
6.252233386039733887e-01
5.227638483047485352e-01
6.177087426185607910e-01
3.909315168857574463e-01
6.094223260879516602e-01
3.634192645549774170e-01
3.416054844856262207e-01
6.421023607254028320e-01
6.128289103507995605e-01
5.094902515411376953e-01
3.989795744419097900e-01
6.131795644760131836e-01
6.377778649330139160e-01
4.988304972648620605e-01
6.011992096900939941e-01
3.737103939056396484e-01
6.031892299652099609e-01
6.262590289115905762e-01
5.264664888381958008e-01
3.737721145153045654e-01
5.606757998466491699e-01
4.214532971382141113e-01
5.785369873046875000e-01
6.100696325302124023e-01
4.330290257930755615e-01
3.881500065326690674e-01
4.242641627788543701e-01
3.368375301361083984e-01
4.496985673904418945e-01
5.983654260635375977e-01
6.261337399482727051e-01
6.265404820442199707e-01
3.392448723316192627e-01
5.358567237854003906e-01
3.523216545581817627e-01
3.642210960388183594e-01
6.267543435096740723e-01
3.283315002918243408e-01
6.012401580810546875e-01
3.826628625392913818e-01
3.626893162727355957e-01
4.169814586639404297e-01
3.486544489860534668e-01
4.565682113170623779e-01
4.780838191509246826e-01
3.666077852249145508e-01
3.496354222297668457e-01
6.280715465545654297e-01
5.821044445037841797e-01
3.393785357475280762e-01
3.667669296264648438e-01
3.663521409034729004e-01
3.883787691593170166e-01
3.711616992950439453e-01
3.380783796310424805e-01
5.622229576110839844e-01
4.030937254428863525e-01
6.443657875061035156e-01
3.496181666851043701e-01
3.398725092411041260e-01
3.637446463108062744e-01
5.917708277702331543e-01
3.678365647792816162e-01
3.759824037551879883e-01
3.352288305759429932e-01
3.774437606334686279e-01
6.029751300811767578e-01
3.793492019176483154e-01
4.816179573535919189e-01
6.071497201919555664e-01
5.426739454269409180e-01
3.491606414318084717e-01
3.397395014762878418e-01
6.320748329162597656e-01
3.316874504089355469e-01
3.303864300251007080e-01
3.942762017250061035e-01
3.327323198318481445e-01
6.225593090057373047e-01
4.750132262706756592e-01
6.042543649673461914e-01
6.210711598396301270e-01
4.365062117576599121e-01
3.519641458988189697e-01
5.905247926712036133e-01
6.274507045745849609e-01
6.195776462554931641e-01
5.644765496253967285e-01
6.237749457359313965e-01
4.622644782066345215e-01
3.777769505977630615e-01
4.675825238227844238e-01
5.730463862419128418e-01
3.815917968750000000e-01
4.882153570652008057e-01
4.202910363674163818e-01
6.413671970367431641e-01
3.898580372333526611e-01
5.982186198234558105e-01
6.162714362144470215e-01
5.951308012008666992e-01
6.196146011352539062e-01
4.774619340896606445e-01
3.341907262802124023e-01
5.848270058631896973e-01
4.838990569114685059e-01
4.531700909137725830e-01
6.209765076637268066e-01
3.603315055370330811e-01
6.233290433883666992e-01
4.663819074630737305e-01
6.169929504394531250e-01
3.630152344703674316e-01
6.155723929405212402e-01
6.371929049491882324e-01
4.762525558471679688e-01
6.289532184600830078e-01
4.470827281475067139e-01
6.000850796699523926e-01
3.531833291053771973e-01
6.377810835838317871e-01
3.377842307090759277e-01
3.877491652965545654e-01
5.308977365493774414e-01
5.777854919433593750e-01
6.382082104682922363e-01
5.040244460105895996e-01
6.351507902145385742e-01
6.104620695114135742e-01
3.712361156940460205e-01
5.374422073364257812e-01
6.031860113143920898e-01
3.865874707698822021e-01
4.278975129127502441e-01
4.871191084384918213e-01
6.112181544303894043e-01
4.054391384124755859e-01
3.608883321285247803e-01
3.534468710422515869e-01
5.420596003532409668e-01
3.548526763916015625e-01
4.201477468013763428e-01
4.468365013599395752e-01
4.702584147453308105e-01
5.938968658447265625e-01
3.623028695583343506e-01
5.409954786300659180e-01
6.289839744567871094e-01
3.923332095146179199e-01
3.495418131351470947e-01
3.309748470783233643e-01
6.405380368232727051e-01
5.728556513786315918e-01
3.484006822109222412e-01
6.276506781578063965e-01
3.457852900028228760e-01
3.681061565876007080e-01
3.787116408348083496e-01
4.756667613983154297e-01
6.238852143287658691e-01
3.636507093906402588e-01
6.398794054985046387e-01
3.651522696018218994e-01
5.772162079811096191e-01
3.352620005607604980e-01
3.824255168437957764e-01
5.615395307540893555e-01
5.323628187179565430e-01
4.206633567810058594e-01
3.735150098800659180e-01
4.324352741241455078e-01
5.883911848068237305e-01
5.753248333930969238e-01
6.274025440216064453e-01
4.125575721263885498e-01
3.834112584590911865e-01
5.983203649520874023e-01
6.082390546798706055e-01
4.379556477069854736e-01
6.348956227302551270e-01
5.060181021690368652e-01
3.359510600566864014e-01
3.468838334083557129e-01
5.054639577865600586e-01
5.785214304924011230e-01
6.201220750808715820e-01
6.434299945831298828e-01
3.349967598915100098e-01
4.973331689834594727e-01
4.415581226348876953e-01
5.907327532768249512e-01
3.695169985294342041e-01
6.383267045021057129e-01
6.423188447952270508e-01
3.530467450618743896e-01
3.995072245597839355e-01
6.201062798500061035e-01
6.001561284065246582e-01
6.434066295623779297e-01
5.053626894950866699e-01
6.420904994010925293e-01
6.354081630706787109e-01
4.161224067211151123e-01
3.819953203201293945e-01
5.813027024269104004e-01
3.318631649017333984e-01
4.355982840061187744e-01
5.715070366859436035e-01
4.343815445899963379e-01
4.355032444000244141e-01
5.865440368652343750e-01
5.680311918258666992e-01
5.215635299682617188e-01
6.192668080329895020e-01
6.369405388832092285e-01
5.698174834251403809e-01
3.443886339664459229e-01
4.029493927955627441e-01
4.549704492092132568e-01
3.510540127754211426e-01
3.668056428432464600e-01
3.960941135883331299e-01
5.146201252937316895e-01
6.282149553298950195e-01
3.809397518634796143e-01
5.801844000816345215e-01
6.314783096313476562e-01
3.842732012271881104e-01
3.860463500022888184e-01
6.265897154808044434e-01
3.588429391384124756e-01
3.489554822444915771e-01
3.408838808536529541e-01
4.797892272472381592e-01
4.426117539405822754e-01
6.326067447662353516e-01
3.512739539146423340e-01
6.299040913581848145e-01
6.417431831359863281e-01
6.267559528350830078e-01
6.239763498306274414e-01
5.894969701766967773e-01
3.395068943500518799e-01
6.447597742080688477e-01
5.875911712646484375e-01
5.519412755966186523e-01
3.824015557765960693e-01
6.011456847190856934e-01
4.844360053539276123e-01
6.393593549728393555e-01
6.247369647026062012e-01
3.481733798980712891e-01
4.342811703681945801e-01
3.686779141426086426e-01
5.350034236907958984e-01
4.272051453590393066e-01
6.349691748619079590e-01
5.010023713111877441e-01
3.354821205139160156e-01
3.392508029937744141e-01
6.180707216262817383e-01
3.662490546703338623e-01
3.638383746147155762e-01
6.099071502685546875e-01
6.373455524444580078e-01
6.043325066566467285e-01
4.265429675579071045e-01
4.841898679733276367e-01
4.170557260513305664e-01
3.442208766937255859e-01
4.199105203151702881e-01
3.588997721672058105e-01
4.442607462406158447e-01
3.582491278648376465e-01
6.279540061950683594e-01
4.849716424942016602e-01
5.410965681076049805e-01
6.448284387588500977e-01
6.207292675971984863e-01
4.978160560131072998e-01
4.083865582942962646e-01
6.381964683532714844e-01
4.333128631114959717e-01
3.385060727596282959e-01
6.306288838386535645e-01
5.949670076370239258e-01
3.296447992324829102e-01
6.288449764251708984e-01
6.184334158897399902e-01
6.304870247840881348e-01
3.592706620693206787e-01
3.800468444824218750e-01
6.333117485046386719e-01
4.907144308090209961e-01
5.663208365440368652e-01
4.607008993625640869e-01
3.378205299377441406e-01
3.683157861232757568e-01
6.045300960540771484e-01
3.707333803176879883e-01
3.325991034507751465e-01
6.092796325683593750e-01
4.986531138420104980e-01
3.624394834041595459e-01
5.815849304199218750e-01
5.794657468795776367e-01
4.417596757411956787e-01
5.726835131645202637e-01
6.356242299079895020e-01
3.466605246067047119e-01
3.283072710037231445e-01
4.594737291336059570e-01
3.443432748317718506e-01
3.878764212131500244e-01
3.328733444213867188e-01
5.096663832664489746e-01
3.350712954998016357e-01
6.432139277458190918e-01
6.258959770202636719e-01
5.625923275947570801e-01
4.238484203815460205e-01
4.545163810253143311e-01
5.469998717308044434e-01
3.584508895874023438e-01
3.624481260776519775e-01
4.740662574768066406e-01
6.464830636978149414e-01
6.093780398368835449e-01
3.360418677330017090e-01
6.280055046081542969e-01
4.359405040740966797e-01
6.156608462333679199e-01
3.347665369510650635e-01
6.411135792732238770e-01
4.370068609714508057e-01
4.662605822086334229e-01
5.008609890937805176e-01
5.595296621322631836e-01
6.047344803810119629e-01
3.250722587108612061e-01
4.101318120956420898e-01
6.340795159339904785e-01
4.335710704326629639e-01
6.326436400413513184e-01
4.114406406879425049e-01
3.539837598800659180e-01
4.791029691696166992e-01
4.409831464290618896e-01
5.079229474067687988e-01
3.644062280654907227e-01
6.335430741310119629e-01
3.381080925464630127e-01
3.627324402332305908e-01
6.428039073944091797e-01
6.126330494880676270e-01
4.975126683712005615e-01
6.364561915397644043e-01
5.547900795936584473e-01
5.826401114463806152e-01
3.404999375343322754e-01
6.398250460624694824e-01
5.667328834533691406e-01
5.752136707305908203e-01
4.851746261119842529e-01
3.972097635269165039e-01
3.600435853004455566e-01
3.571806252002716064e-01
6.066015958786010742e-01
5.038895606994628906e-01
6.260572671890258789e-01
3.620380759239196777e-01
6.336295008659362793e-01
6.439074277877807617e-01
5.830965638160705566e-01
6.230111122131347656e-01
5.936065316200256348e-01
6.033517122268676758e-01
3.564128279685974121e-01
3.447809219360351562e-01
5.976136326789855957e-01
4.856748878955841064e-01
3.346659541130065918e-01
3.875441253185272217e-01
4.620338082313537598e-01
3.749775290489196777e-01
3.563315272331237793e-01
4.145619571208953857e-01
6.366654038429260254e-01
6.313757300376892090e-01
4.274938702583312988e-01
5.842860937118530273e-01
5.169686675071716309e-01
3.490361571311950684e-01
3.886165916919708252e-01
6.014912128448486328e-01
3.426277637481689453e-01
6.305842399597167969e-01
5.245676040649414062e-01
6.334196329116821289e-01
4.352179169654846191e-01
4.555528163909912109e-01
5.873121023178100586e-01
6.113589406013488770e-01
6.241162419319152832e-01
4.154168069362640381e-01
5.013856291770935059e-01
5.899344086647033691e-01
4.462296962738037109e-01
5.948059558868408203e-01
3.583488464355468750e-01
6.408539414405822754e-01
6.231891512870788574e-01
6.254447102546691895e-01
4.864267408847808838e-01
3.431675732135772705e-01
5.416454076766967773e-01
6.225131154060363770e-01
4.465990662574768066e-01
6.239663958549499512e-01
4.638628065586090088e-01
6.135998368263244629e-01
3.971059322357177734e-01
6.405128240585327148e-01
4.136783778667449951e-01
5.542238354682922363e-01
3.384352624416351318e-01
3.521527349948883057e-01
4.520383775234222412e-01
3.559005260467529297e-01
5.058046579360961914e-01
3.530574440956115723e-01
4.017525613307952881e-01
5.888519883155822754e-01
4.043511748313903809e-01
6.198064684867858887e-01
4.168718159198760986e-01
3.355137109756469727e-01
6.119948625564575195e-01
6.339344382286071777e-01
6.291813254356384277e-01
3.755527436733245850e-01
3.583258390426635742e-01
5.091120004653930664e-01
5.286327004432678223e-01
4.763874709606170654e-01
5.714834332466125488e-01
3.591618835926055908e-01
4.544770419597625732e-01
4.515898227691650391e-01
3.782732188701629639e-01
6.365186572074890137e-01
3.486820459365844727e-01
3.690915405750274658e-01
6.405875086784362793e-01
3.791119456291198730e-01
3.758044242858886719e-01
3.447153568267822266e-01
4.814044833183288574e-01
5.115749239921569824e-01
6.313429474830627441e-01
5.234676599502563477e-01
6.166188120841979980e-01
6.134539246559143066e-01
3.780560791492462158e-01
6.257150173187255859e-01
6.384742259979248047e-01
3.435982167720794678e-01
4.414988458156585693e-01
6.284962296485900879e-01
3.395294249057769775e-01
6.358578205108642578e-01
3.820518851280212402e-01
5.074740648269653320e-01
6.174357533454895020e-01
6.030547022819519043e-01
4.705675840377807617e-01
5.014665126800537109e-01
5.876613855361938477e-01
4.073518514633178711e-01
4.649648666381835938e-01
4.144887030124664307e-01
3.626002669334411621e-01
4.225076138973236084e-01
5.565597414970397949e-01
3.343667089939117432e-01
6.257449388504028320e-01
6.416043043136596680e-01
4.356866478919982910e-01
3.392360210418701172e-01
5.491738319396972656e-01
3.294652998447418213e-01
6.360437273979187012e-01
6.347854137420654297e-01
6.245627403259277344e-01
5.362935662269592285e-01
3.466077744960784912e-01
3.365302085876464844e-01
4.909564852714538574e-01
4.644251167774200439e-01
6.137133240699768066e-01
6.372129321098327637e-01
3.712957799434661865e-01
4.033288657665252686e-01
4.019415080547332764e-01
6.441600918769836426e-01
3.786271512508392334e-01
3.842574059963226318e-01
6.079597473144531250e-01
6.243242621421813965e-01
4.405928552150726318e-01
5.758516788482666016e-01
6.030240654945373535e-01
3.529658317565917969e-01
6.343474388122558594e-01
5.540626049041748047e-01
3.750582039356231689e-01
5.842591524124145508e-01
5.445486903190612793e-01
5.858547091484069824e-01
6.390761137008666992e-01
4.773951470851898193e-01
4.235316812992095947e-01
5.707964897155761719e-01
6.238093972206115723e-01
5.579525828361511230e-01
5.940754413604736328e-01
4.339205622673034668e-01
4.768601357936859131e-01
4.631360769271850586e-01
6.341090798377990723e-01
6.242555975914001465e-01
5.893437862396240234e-01
6.089422106742858887e-01
4.740846753120422363e-01
4.170679748058319092e-01
3.408851027488708496e-01
5.362172722816467285e-01
4.209900796413421631e-01
3.295917212963104248e-01
5.743771195411682129e-01
3.738318681716918945e-01
6.255695223808288574e-01
4.720671176910400391e-01
3.286939561367034912e-01
4.140917658805847168e-01
4.904266297817230225e-01
5.744498372077941895e-01
3.402310609817504883e-01
5.003059506416320801e-01
6.427299380302429199e-01
3.407681584358215332e-01
5.307198762893676758e-01
4.427061080932617188e-01
5.055588483810424805e-01
6.418753266334533691e-01
6.379027962684631348e-01
5.683135390281677246e-01
3.581418395042419434e-01
5.930283069610595703e-01
5.559089779853820801e-01
5.905303359031677246e-01
3.479390144348144531e-01
5.195912122726440430e-01
5.680082440376281738e-01
4.283972680568695068e-01
3.472811877727508545e-01
3.538800179958343506e-01
6.018073558807373047e-01
3.518143892288208008e-01
6.363273262977600098e-01
3.426337242126464844e-01
3.745691478252410889e-01
4.753494560718536377e-01
3.417580425739288330e-01
5.467565059661865234e-01
3.649696409702301025e-01
5.797077417373657227e-01
4.388232231140136719e-01
3.825064003467559814e-01
6.381544470787048340e-01
5.576319098472595215e-01
4.567790329456329346e-01
3.534741699695587158e-01
4.933582544326782227e-01
3.707588911056518555e-01
6.315005421638488770e-01
5.563468337059020996e-01
3.644770979881286621e-01
5.924313068389892578e-01
6.348667740821838379e-01
5.985511541366577148e-01
6.190778017044067383e-01
5.186766982078552246e-01
6.335358023643493652e-01
5.515530705451965332e-01
5.703411698341369629e-01
3.313609659671783447e-01
4.612142443656921387e-01
4.678063094615936279e-01
4.683333039283752441e-01
3.530371189117431641e-01
3.340688645839691162e-01
3.414460420608520508e-01
3.499486446380615234e-01
4.992948472499847412e-01
6.099811196327209473e-01
5.187797546386718750e-01
5.232466459274291992e-01
3.390760421752929688e-01
6.363050341606140137e-01
6.350221037864685059e-01
6.134454607963562012e-01
3.383114039897918701e-01
5.684386491775512695e-01
6.163542866706848145e-01
6.212567687034606934e-01
3.753948509693145752e-01
6.229831576347351074e-01
3.506756126880645752e-01
4.297408163547515869e-01
5.764335989952087402e-01
3.316024243831634521e-01
6.314515471458435059e-01
6.267392635345458984e-01
5.863973498344421387e-01
5.247415304183959961e-01
4.634883403778076172e-01
4.160945415496826172e-01
3.660954535007476807e-01
3.668817579746246338e-01
6.173263192176818848e-01
3.811801075935363770e-01
5.684691071510314941e-01
6.358930468559265137e-01
4.886239469051361084e-01
5.235583186149597168e-01
4.339888095855712891e-01
4.101822674274444580e-01
5.689862966537475586e-01
6.276332736015319824e-01
3.283049166202545166e-01
3.550332486629486084e-01
6.427465081214904785e-01
6.409589052200317383e-01
6.368330121040344238e-01
5.757959485054016113e-01
5.310540199279785156e-01
4.929414689540863037e-01
3.605600595474243164e-01
3.537492156028747559e-01
4.603995084762573242e-01
6.267976164817810059e-01
6.085205078125000000e-01
5.058242082595825195e-01
6.418957114219665527e-01
5.981363654136657715e-01
4.133614301681518555e-01
6.335045099258422852e-01
6.356704235076904297e-01
5.212521553039550781e-01
6.141577959060668945e-01
5.220654606819152832e-01
6.303631663322448730e-01
6.212900280952453613e-01
6.291683316230773926e-01
6.437510848045349121e-01
5.692196488380432129e-01
4.568879008293151855e-01
5.829638242721557617e-01
6.151547431945800781e-01
4.599010050296783447e-01
4.053319096565246582e-01
5.755434036254882812e-01
4.110505580902099609e-01
4.333325624465942383e-01
5.452975034713745117e-01
5.037822723388671875e-01
4.114646911621093750e-01
5.136125683784484863e-01
4.142536818981170654e-01
6.274746060371398926e-01
3.414130806922912598e-01
3.697211146354675293e-01
6.058695316314697266e-01
3.978836536407470703e-01
5.996884107589721680e-01
4.824876785278320312e-01
6.276751160621643066e-01
4.061611890792846680e-01
6.224333047866821289e-01
5.377873182296752930e-01
5.910790562629699707e-01
3.649836778640747070e-01
4.892517626285552979e-01
5.270527005195617676e-01
6.209437251091003418e-01
6.126950979232788086e-01
4.892263114452362061e-01
6.379196047782897949e-01
6.373530030250549316e-01
4.010011553764343262e-01
5.018068552017211914e-01
6.341415643692016602e-01
3.664157688617706299e-01
6.154987812042236328e-01
3.807492554187774658e-01
5.976026058197021484e-01
4.298257827758789062e-01
4.592582881450653076e-01
4.089016020298004150e-01
6.359642148017883301e-01
3.443063497543334961e-01
6.389430761337280273e-01
6.162923574447631836e-01
6.190434098243713379e-01
5.856040716171264648e-01
3.407391607761383057e-01
4.187495112419128418e-01
4.960028231143951416e-01
6.347325444221496582e-01
3.483796417713165283e-01
5.574196577072143555e-01
5.768548250198364258e-01
3.333201408386230469e-01
3.634233772754669189e-01
5.448022484779357910e-01
5.977870821952819824e-01
3.427935242652893066e-01
3.790434598922729492e-01
4.610144495964050293e-01
3.894985914230346680e-01
4.160510301589965820e-01
3.886913061141967773e-01
3.686196804046630859e-01
5.090402960777282715e-01
6.093229055404663086e-01
6.083955764770507812e-01
3.592386543750762939e-01
3.995528221130371094e-01
4.477995634078979492e-01
3.974600136280059814e-01
3.335287272930145264e-01
3.425752818584442139e-01
5.833830237388610840e-01
3.323456048965454102e-01
5.527901649475097656e-01
6.159580349922180176e-01
6.447180509567260742e-01
6.206799745559692383e-01
3.860312104225158691e-01
3.433840870857238770e-01
6.126000881195068359e-01
6.411262154579162598e-01
6.387467980384826660e-01
6.305937170982360840e-01
4.430834949016571045e-01
3.400964140892028809e-01
4.523074626922607422e-01
5.707852244377136230e-01
5.422611236572265625e-01
5.112685561180114746e-01
4.900155067443847656e-01
6.155741810798645020e-01
3.574796617031097412e-01
5.659119486808776855e-01
4.699510931968688965e-01
6.372006535530090332e-01
5.523146986961364746e-01
3.471103906631469727e-01
5.955103635787963867e-01
5.742224454879760742e-01
5.849289894104003906e-01
3.951293826103210449e-01
5.428880453109741211e-01
5.862496495246887207e-01
6.330157518386840820e-01
3.553331792354583740e-01
5.607838034629821777e-01
3.502928018569946289e-01
4.022979736328125000e-01
6.141690015792846680e-01
6.405290961265563965e-01
5.923323631286621094e-01
5.740656852722167969e-01
6.395782828330993652e-01
6.120107769966125488e-01
3.537070453166961670e-01
3.288289606571197510e-01
3.979476690292358398e-01
6.401181817054748535e-01
3.382097184658050537e-01
3.392663300037384033e-01
4.499952495098114014e-01
5.659204125404357910e-01
6.301557421684265137e-01
3.381580412387847900e-01
4.433361887931823730e-01
6.459121108055114746e-01
3.338651955127716064e-01
4.730250835418701172e-01
3.665446043014526367e-01
6.272495388984680176e-01
4.619808793067932129e-01
4.483979046344757080e-01
5.078333616256713867e-01
3.277583718299865723e-01
5.196548104286193848e-01
5.225447416305541992e-01
3.431755304336547852e-01
3.725146651268005371e-01
3.433507680892944336e-01
6.286625862121582031e-01
4.457668364048004150e-01
6.203916668891906738e-01
3.611820042133331299e-01
3.650136291980743408e-01
5.986701846122741699e-01
6.228265166282653809e-01
3.515959680080413818e-01
6.107931137084960938e-01
6.215251684188842773e-01
3.846211135387420654e-01
3.778692781925201416e-01
3.433894217014312744e-01
5.775483250617980957e-01
5.491085052490234375e-01
5.493226051330566406e-01
4.827230274677276611e-01
6.416299939155578613e-01
6.197656393051147461e-01
5.859002470970153809e-01
4.095554351806640625e-01
3.973203897476196289e-01
6.288691163063049316e-01
4.002339839935302734e-01
6.130710244178771973e-01
5.978266596794128418e-01
4.246716201305389404e-01
4.058358669281005859e-01
3.860934078693389893e-01
4.067241847515106201e-01
6.194940805435180664e-01
3.424887359142303467e-01
5.273010134696960449e-01
3.874786496162414551e-01
3.687898814678192139e-01
6.367099881172180176e-01
5.736114978790283203e-01
3.396778702735900879e-01
3.411905467510223389e-01
4.424599111080169678e-01
3.805136084556579590e-01
4.425234496593475342e-01
6.222959160804748535e-01
6.256509423255920410e-01
4.123615324497222900e-01
3.777903616428375244e-01
5.403333306312561035e-01
4.252628386020660400e-01
5.950053930282592773e-01
3.562175929546356201e-01
6.318663358688354492e-01
3.388035297393798828e-01
5.389769673347473145e-01
6.381150484085083008e-01
4.942266643047332764e-01
4.412961900234222412e-01
3.335720896720886230e-01
3.546950817108154297e-01
5.297023057937622070e-01
5.857393145561218262e-01
6.275296807289123535e-01
4.433985650539398193e-01
4.612909853458404541e-01
6.158243417739868164e-01
6.370791196823120117e-01
4.863454103469848633e-01
4.624338746070861816e-01
6.217742562294006348e-01
6.329700946807861328e-01
3.373921513557434082e-01
3.408243358135223389e-01
3.604660034179687500e-01
3.979926705360412598e-01
5.406765937805175781e-01
4.269885122776031494e-01
6.339643001556396484e-01
5.924106240272521973e-01
3.794614970684051514e-01
5.755599737167358398e-01
4.007961750030517578e-01
6.173487901687622070e-01
5.614655613899230957e-01
3.834067583084106445e-01
3.302632868289947510e-01
3.701238930225372314e-01
3.724343180656433105e-01
5.044914484024047852e-01
3.978079557418823242e-01
5.556133389472961426e-01
6.431107521057128906e-01
4.826856851577758789e-01
5.851606130599975586e-01
4.672486186027526855e-01
6.260524988174438477e-01
3.615763783454895020e-01
5.069748163223266602e-01
6.206005215644836426e-01
5.527164340019226074e-01
4.677810966968536377e-01
6.097361445426940918e-01
6.147579550743103027e-01
4.013545215129852295e-01
3.677768707275390625e-01
4.300767779350280762e-01
3.409862816333770752e-01
5.246935486793518066e-01
4.782043993473052979e-01
3.715988695621490479e-01
5.751035213470458984e-01
5.618411898612976074e-01
5.705161094665527344e-01
6.003068685531616211e-01
5.945469737052917480e-01
3.313245475292205811e-01
5.938882231712341309e-01
3.917340934276580811e-01
6.271324753761291504e-01
6.296991705894470215e-01
5.204220414161682129e-01
6.397557854652404785e-01
3.997278511524200439e-01
5.814265012741088867e-01
5.622577667236328125e-01
5.552638769149780273e-01
6.093655824661254883e-01
3.546411991119384766e-01
3.399009704589843750e-01
5.830986499786376953e-01
5.315879583358764648e-01
6.312687993049621582e-01
5.765835642814636230e-01
4.562769532203674316e-01
5.019978880882263184e-01
5.183014869689941406e-01
4.363321661949157715e-01
6.088980436325073242e-01
6.299340724945068359e-01
6.435220241546630859e-01
4.953894615173339844e-01
4.418328404426574707e-01
3.915531337261199951e-01
6.051918864250183105e-01
4.733726382255554199e-01
3.745132982730865479e-01
6.309536099433898926e-01
4.210571944713592529e-01
6.300873160362243652e-01
5.896697044372558594e-01
5.564527511596679688e-01
6.364625096321105957e-01
4.868793487548828125e-01
6.315274238586425781e-01
6.270165443420410156e-01
6.090716123580932617e-01
3.404463827610015869e-01
3.334109187126159668e-01
6.181932687759399414e-01
3.409234583377838135e-01
6.292421221733093262e-01
3.300895392894744873e-01
4.648936986923217773e-01
5.381045937538146973e-01
3.483486473560333252e-01
3.435685336589813232e-01
3.284964561462402344e-01
5.033868551254272461e-01
6.104829907417297363e-01
5.532170534133911133e-01
6.106929183006286621e-01
3.569326400756835938e-01
5.566186904907226562e-01
4.840715825557708740e-01
3.830285966396331787e-01
3.944351375102996826e-01
6.100893020629882812e-01
3.479539155960083008e-01
3.368902206420898438e-01
6.451994776725769043e-01
6.391868591308593750e-01
3.866463005542755127e-01
6.183194518089294434e-01
6.230068802833557129e-01
6.014184951782226562e-01
3.374327421188354492e-01
6.357493400573730469e-01
6.063317060470581055e-01
4.054025113582611084e-01
5.738157033920288086e-01
3.817388713359832764e-01
3.851833343505859375e-01
4.090636372566223145e-01
6.024187803268432617e-01
6.215843558311462402e-01
5.109108686447143555e-01
3.461658060550689697e-01
6.285941600799560547e-01
4.203903973102569580e-01
6.244838833808898926e-01
3.464117646217346191e-01
3.547519445419311523e-01
6.392707824707031250e-01
6.208509206771850586e-01
5.042572021484375000e-01
5.116696357727050781e-01
4.344199597835540771e-01
3.638238012790679932e-01
3.508525788784027100e-01
6.196974515914916992e-01
3.588518202304840088e-01
6.415653228759765625e-01
3.295057117938995361e-01
5.919780731201171875e-01
6.126560568809509277e-01
6.331719756126403809e-01
5.638148784637451172e-01
6.081333160400390625e-01
4.094074070453643799e-01
3.498424887657165527e-01
5.066215991973876953e-01
3.875590860843658447e-01
3.466791212558746338e-01
5.976194739341735840e-01
4.636625945568084717e-01
3.310060203075408936e-01
4.515207409858703613e-01
3.623452186584472656e-01
3.369625210762023926e-01
5.314154624938964844e-01
3.465460240840911865e-01
6.273746490478515625e-01
3.311286866664886475e-01
5.392413735389709473e-01
3.319051265716552734e-01
6.290395855903625488e-01
4.100803136825561523e-01
5.676623582839965820e-01
6.357018351554870605e-01
4.380079507827758789e-01
6.071930527687072754e-01
3.746263682842254639e-01
6.143521666526794434e-01
3.334980010986328125e-01
5.952157974243164062e-01
6.116349101066589355e-01
6.403247117996215820e-01
5.646631717681884766e-01
3.447310328483581543e-01
6.357194185256958008e-01
5.643694400787353516e-01
5.655199289321899414e-01
5.229586362838745117e-01
6.134053468704223633e-01
6.361104846000671387e-01
6.150987148284912109e-01
5.774644613265991211e-01
3.994195461273193359e-01
6.057780385017395020e-01
4.157915711402893066e-01
3.811007738113403320e-01
3.749625980854034424e-01
4.545397162437438965e-01
3.651440739631652832e-01
6.109993457794189453e-01
5.443042516708374023e-01
6.347839832305908203e-01
5.776086449623107910e-01
3.847297132015228271e-01
3.991662561893463135e-01
3.384404480457305908e-01
5.462032556533813477e-01
6.234684586524963379e-01
3.426189124584197998e-01
5.291562676429748535e-01
3.544764220714569092e-01
5.494101047515869141e-01
6.345937252044677734e-01
6.227610111236572266e-01
6.267961263656616211e-01
5.136676430702209473e-01
6.048706769943237305e-01
6.212617754936218262e-01
6.041857600212097168e-01
3.486204445362091064e-01
4.408137500286102295e-01
4.937618076801300049e-01
3.338689804077148438e-01
5.983837246894836426e-01
3.395777940750122070e-01
5.773828625679016113e-01
6.104191541671752930e-01
4.116723537445068359e-01
4.392028152942657471e-01
6.368052959442138672e-01
3.631715774536132812e-01
5.528031587600708008e-01
4.572589695453643799e-01
4.770822525024414062e-01
3.454452753067016602e-01
6.264222264289855957e-01
5.711309313774108887e-01
3.645784258842468262e-01
3.647052347660064697e-01
3.412438631057739258e-01
3.709521591663360596e-01
3.556811511516571045e-01
4.762858748435974121e-01
3.545199334621429443e-01
3.291604220867156982e-01
3.807704448699951172e-01
6.362758278846740723e-01
6.384398341178894043e-01
4.077249765396118164e-01
3.528133034706115723e-01
4.702910184860229492e-01
6.369867920875549316e-01
3.845750689506530762e-01
6.415810585021972656e-01
3.320249915122985840e-01
3.551808595657348633e-01
5.978155136108398438e-01
6.406566500663757324e-01
4.418342113494873047e-01
6.099335551261901855e-01
5.696102976799011230e-01
3.749620020389556885e-01
4.445206522941589355e-01
3.315793275833129883e-01
6.364564299583435059e-01
4.342899918556213379e-01
6.310941576957702637e-01
6.290026307106018066e-01
6.425811648368835449e-01
3.379916250705718994e-01
3.310561776161193848e-01
4.407122135162353516e-01
6.410781741142272949e-01
5.938169956207275391e-01
3.907952010631561279e-01
3.288174271583557129e-01
4.034163355827331543e-01
6.220891475677490234e-01
5.301955342292785645e-01
6.389296650886535645e-01
5.834529399871826172e-01
3.793841898441314697e-01
3.371583819389343262e-01
5.343795418739318848e-01
4.931809306144714355e-01
5.472524762153625488e-01
6.056858301162719727e-01
3.771937489509582520e-01
5.358176231384277344e-01
3.489575684070587158e-01
4.046733379364013672e-01
6.142067909240722656e-01
4.975043535232543945e-01
6.084508299827575684e-01
6.350120306015014648e-01
3.584630191326141357e-01
3.513001501560211182e-01
6.159090995788574219e-01
6.275407075881958008e-01
3.323417603969573975e-01
6.061292290687561035e-01
4.571567475795745850e-01
6.317206621170043945e-01
6.129646897315979004e-01
5.933945178985595703e-01
3.665865659713745117e-01
3.426414430141448975e-01
6.276921033859252930e-01
3.813979029655456543e-01
6.414097547531127930e-01
5.085688829421997070e-01
6.343976855278015137e-01
4.815130233764648438e-01
3.273486495018005371e-01
6.405540108680725098e-01
3.650185167789459229e-01
5.168370604515075684e-01
4.196681082248687744e-01
5.616852045059204102e-01
5.638455152511596680e-01
5.582187175750732422e-01
5.728744864463806152e-01
6.133326292037963867e-01
3.312999308109283447e-01
4.211463928222656250e-01
4.193599522113800049e-01
6.406472325325012207e-01
3.587398529052734375e-01
4.845266044139862061e-01
3.421326577663421631e-01
6.405999064445495605e-01
4.053954482078552246e-01
3.332391977310180664e-01
5.811992287635803223e-01
3.548801541328430176e-01
4.578749537467956543e-01
5.514197945594787598e-01
3.319904506206512451e-01
5.111013650894165039e-01
5.774312615394592285e-01
5.349151492118835449e-01
5.573708415031433105e-01
4.058358371257781982e-01
4.038448035717010498e-01
3.692026734352111816e-01
3.969610631465911865e-01
3.855123221874237061e-01
6.192729473114013672e-01
3.435401022434234619e-01
6.368924379348754883e-01
6.401289701461791992e-01
3.697770535945892334e-01
6.120105385780334473e-01
3.346469104290008545e-01
5.757706761360168457e-01
6.337297558784484863e-01
6.058400273323059082e-01
3.775580227375030518e-01
3.360506594181060791e-01
6.401240229606628418e-01
6.402269601821899414e-01
5.148219466209411621e-01
3.516621589660644531e-01
5.931872725486755371e-01
6.075030565261840820e-01
6.414768099784851074e-01
6.110730171203613281e-01
6.285102367401123047e-01
4.335091710090637207e-01
6.408665180206298828e-01
3.516527414321899414e-01
6.243525743484497070e-01
6.375184059143066406e-01
3.281043171882629395e-01
3.372905552387237549e-01
3.613789379596710205e-01
5.790280103683471680e-01
5.424371361732482910e-01
6.348997354507446289e-01
3.442572355270385742e-01
3.594634234905242920e-01
3.748975694179534912e-01
6.341489553451538086e-01
6.225931048393249512e-01
3.835784792900085449e-01
3.442147076129913330e-01
3.882489502429962158e-01
5.374685525894165039e-01
5.907364487648010254e-01
6.156741976737976074e-01
5.923009514808654785e-01
3.932262063026428223e-01
3.397939503192901611e-01
5.989277362823486328e-01
4.812935590744018555e-01
5.592690706253051758e-01
5.599344372749328613e-01
3.506478071212768555e-01
3.641643822193145752e-01
3.706009089946746826e-01
6.172319054603576660e-01
4.753599762916564941e-01
6.350606083869934082e-01
4.182456731796264648e-01
4.260522723197937012e-01
3.963480293750762939e-01
6.156414747238159180e-01
5.596250891685485840e-01
4.098404645919799805e-01
5.308514237403869629e-01
6.068999171257019043e-01
5.202322602272033691e-01
6.316108703613281250e-01
3.985858261585235596e-01
3.446125984191894531e-01
4.228040277957916260e-01
5.378096699714660645e-01
4.036439657211303711e-01
5.121136903762817383e-01
6.417368054389953613e-01
3.806915283203125000e-01
3.354596495628356934e-01
5.526762604713439941e-01
3.703524768352508545e-01
5.525991916656494141e-01
3.789840340614318848e-01
4.127562940120697021e-01
6.263194084167480469e-01
3.921112120151519775e-01
5.890777111053466797e-01
4.284906685352325439e-01
6.421744823455810547e-01
5.694411993026733398e-01
6.292905807495117188e-01
6.323603391647338867e-01
6.420705914497375488e-01
3.352341651916503906e-01
3.928309381008148193e-01
4.543459713459014893e-01
3.540399670600891113e-01
6.226273179054260254e-01
5.401537418365478516e-01
3.834947943687438965e-01
5.991724133491516113e-01
3.531596362590789795e-01
3.310904204845428467e-01
5.954594612121582031e-01
4.679113626480102539e-01
6.433407068252563477e-01
6.323712468147277832e-01
4.090560078620910645e-01
6.016529798507690430e-01
3.256961405277252197e-01
5.625997185707092285e-01
6.352210640907287598e-01
5.958511233329772949e-01
5.406795144081115723e-01
5.788190364837646484e-01
5.213705301284790039e-01
3.775000572204589844e-01
5.241429805755615234e-01
5.921328067779541016e-01
3.927126228809356689e-01
5.136233568191528320e-01
3.765715062618255615e-01
4.501551687717437744e-01
4.889311790466308594e-01
6.149785518646240234e-01
6.408243775367736816e-01
3.769204020500183105e-01
4.651519656181335449e-01
6.168487071990966797e-01
4.054032564163208008e-01
3.730897903442382812e-01
6.121080517768859863e-01
3.595067262649536133e-01
4.029263257980346680e-01
5.272017717361450195e-01
5.498718023300170898e-01
6.363196372985839844e-01
3.704521656036376953e-01
5.151375532150268555e-01
4.423944652080535889e-01
4.934681951999664307e-01
3.271088898181915283e-01
3.651277422904968262e-01
3.399909734725952148e-01
6.084820628166198730e-01
3.539004325866699219e-01
5.228254795074462891e-01
6.277907490730285645e-01
3.350635170936584473e-01
6.307539939880371094e-01
4.633202552795410156e-01
4.731850624084472656e-01
6.245399713516235352e-01
4.693334102630615234e-01
3.439976572990417480e-01
6.273581385612487793e-01
5.652949810028076172e-01
3.292910158634185791e-01
5.900568962097167969e-01
5.953860878944396973e-01
6.406610608100891113e-01
4.109148383140563965e-01
4.396338760852813721e-01
3.742296099662780762e-01
3.958494961261749268e-01
3.265306055545806885e-01
5.239613056182861328e-01
3.395242094993591309e-01
4.705718755722045898e-01
5.670160651206970215e-01
3.448255360126495361e-01
6.324027180671691895e-01
5.667192339897155762e-01
4.515393674373626709e-01
3.451063334941864014e-01
5.856997370719909668e-01
6.161234974861145020e-01
3.779700994491577148e-01
3.535535931587219238e-01
6.417464613914489746e-01
6.178596615791320801e-01
3.875388503074645996e-01
4.639710783958435059e-01
6.287397742271423340e-01
4.013796448707580566e-01
3.576070368289947510e-01
5.130091309547424316e-01
6.133138537406921387e-01
5.411720871925354004e-01
5.704954862594604492e-01
3.502324223518371582e-01
5.273521542549133301e-01
5.528352260589599609e-01
3.512521386146545410e-01
4.762355983257293701e-01
3.435518145561218262e-01
4.324332475662231445e-01
6.350069642066955566e-01
6.299808025360107422e-01
6.216425895690917969e-01
3.627950549125671387e-01
3.688126802444458008e-01
3.719089329242706299e-01
3.427975475788116455e-01
5.296547412872314453e-01
5.726791024208068848e-01
4.407146275043487549e-01
3.483017086982727051e-01
6.275473237037658691e-01
6.071825623512268066e-01
6.238259673118591309e-01
5.564691424369812012e-01
3.917588293552398682e-01
5.860627293586730957e-01
3.634054660797119141e-01
6.087096929550170898e-01
3.421266674995422363e-01
6.182528734207153320e-01
3.390654325485229492e-01
4.086087346076965332e-01
4.853018820285797119e-01
5.393320322036743164e-01
6.380009055137634277e-01
4.962065517902374268e-01
3.728810548782348633e-01
5.665786862373352051e-01
5.950672030448913574e-01
5.024306178092956543e-01
6.307731270790100098e-01
6.190622448921203613e-01
3.585660457611083984e-01
5.046963691711425781e-01
6.002078652381896973e-01
3.488463163375854492e-01
6.181711554527282715e-01
3.739351332187652588e-01
4.083257615566253662e-01
5.559157133102416992e-01
3.266187012195587158e-01
3.672444224357604980e-01
5.680451393127441406e-01
3.996801972389221191e-01
4.118229448795318604e-01
6.119129061698913574e-01
3.382701277732849121e-01
3.399822711944580078e-01
6.341915726661682129e-01
6.190272569656372070e-01
4.306289553642272949e-01
4.132474064826965332e-01
5.877355337142944336e-01
5.348753333091735840e-01
3.579397201538085938e-01
3.862489759922027588e-01
6.415156126022338867e-01
3.601401746273040771e-01
5.400238037109375000e-01
4.336555004119873047e-01
3.483630120754241943e-01
3.293531537055969238e-01
4.336249828338623047e-01
3.785312473773956299e-01
3.847395181655883789e-01
6.181392669677734375e-01
5.338200330734252930e-01
3.406517803668975830e-01
5.754442214965820312e-01
4.405159652233123779e-01
3.471747934818267822e-01
6.152238249778747559e-01
3.625076115131378174e-01
6.068071126937866211e-01
6.162582039833068848e-01
3.458682894706726074e-01
3.657805025577545166e-01
3.695314228534698486e-01
3.785389661788940430e-01
6.116526126861572266e-01
6.453282833099365234e-01
3.902979493141174316e-01
6.099694967269897461e-01
3.491142094135284424e-01
6.244546771049499512e-01
6.257215738296508789e-01
6.355838775634765625e-01
6.263579726219177246e-01
4.899022579193115234e-01
3.865949511528015137e-01
6.389346718788146973e-01
5.910483002662658691e-01
3.372615873813629150e-01
3.307322263717651367e-01
3.573638200759887695e-01
5.866167545318603516e-01
5.431194901466369629e-01
6.140842437744140625e-01
4.230236411094665527e-01
5.912280082702636719e-01
6.287707686424255371e-01
3.319586813449859619e-01
6.318859457969665527e-01
3.850262761116027832e-01
5.802305936813354492e-01
5.588559508323669434e-01
4.552837610244750977e-01
5.458633303642272949e-01
4.163334667682647705e-01
5.453933477401733398e-01
5.449762344360351562e-01
6.428873538970947266e-01
5.333102345466613770e-01
6.342839598655700684e-01
6.113103032112121582e-01
6.408236026763916016e-01
4.860632419586181641e-01
6.350374221801757812e-01
6.170259118080139160e-01
6.286745071411132812e-01
3.475551605224609375e-01
4.731860458850860596e-01
4.451988637447357178e-01
5.871330499649047852e-01
3.787911236286163330e-01
4.463326036930084229e-01
3.603955209255218506e-01
6.260971426963806152e-01
4.208961725234985352e-01
3.943761587142944336e-01
3.681850135326385498e-01
4.333390295505523682e-01
5.427370071411132812e-01
6.324613690376281738e-01
6.116758584976196289e-01
5.997058749198913574e-01
4.414277076721191406e-01
6.415528059005737305e-01
5.470075011253356934e-01
6.370417475700378418e-01
5.607826709747314453e-01
5.235679149627685547e-01
3.479231595993041992e-01
6.451221108436584473e-01
4.768923521041870117e-01
4.566389322280883789e-01
4.163585007190704346e-01
6.295138597488403320e-01
6.105197072029113770e-01
5.806889533996582031e-01
4.939165711402893066e-01
5.419743657112121582e-01
4.330605566501617432e-01
4.698269665241241455e-01
3.723198175430297852e-01
5.337219238281250000e-01
3.292289674282073975e-01
3.931846618652343750e-01
5.885937809944152832e-01
5.041167140007019043e-01
5.425359010696411133e-01
5.914556980133056641e-01
3.967888355255126953e-01
5.805969834327697754e-01
5.449560284614562988e-01
5.296548008918762207e-01
5.305079221725463867e-01
4.745165407657623291e-01
4.020192027091979980e-01
3.728794157505035400e-01
3.483196794986724854e-01
5.335077643394470215e-01
6.348120570182800293e-01
3.736298680305480957e-01
6.386861205101013184e-01
5.807604789733886719e-01
3.296899497509002686e-01
6.353535056114196777e-01
