6.049241423606872559e-01
3.565028607845306396e-01
5.927005410194396973e-01
5.833653211593627930e-01
4.481085836887359619e-01
5.991663336753845215e-01
6.048584580421447754e-01
6.200816035270690918e-01
4.733632206916809082e-01
5.310562849044799805e-01
3.524574637413024902e-01
5.299296379089355469e-01
5.885866880416870117e-01
3.667955994606018066e-01
5.939580202102661133e-01
5.595543384552001953e-01
5.967566370964050293e-01
3.439433574676513672e-01
3.753306269645690918e-01
6.205921769142150879e-01
4.035200178623199463e-01
5.660622715950012207e-01
3.566285371780395508e-01
4.829002916812896729e-01
6.288388967514038086e-01
5.744545459747314453e-01
5.088425278663635254e-01
4.053663611412048340e-01
5.375394821166992188e-01
5.042560696601867676e-01
6.124240159988403320e-01
4.053323864936828613e-01
3.684117794036865234e-01
3.837966918945312500e-01
3.691890537738800049e-01
3.614544272422790527e-01
6.134391427040100098e-01
4.202619194984436035e-01
5.957529544830322266e-01
5.534227490425109863e-01
3.426582813262939453e-01
4.301443397998809814e-01
3.447609245777130127e-01
3.405254185199737549e-01
3.405796885490417480e-01
6.019631028175354004e-01
5.581672787666320801e-01
5.003741979598999023e-01
6.043940186500549316e-01
3.519930243492126465e-01
5.923743247985839844e-01
5.470103621482849121e-01
3.533200025558471680e-01
6.108174920082092285e-01
3.522996306419372559e-01
3.686907291412353516e-01
6.199436187744140625e-01
3.436483442783355713e-01
5.900656580924987793e-01
3.652883172035217285e-01
3.505714535713195801e-01
4.917598068714141846e-01
4.145134389400482178e-01
3.535178601741790771e-01
6.025460362434387207e-01
5.688315629959106445e-01
6.206197142601013184e-01
3.735094070434570312e-01
4.309519827365875244e-01
3.842301070690155029e-01
3.437906801700592041e-01
4.050916433334350586e-01
3.549485206604003906e-01
5.985621213912963867e-01
5.278729796409606934e-01
3.489895164966583252e-01
4.652020931243896484e-01
5.005936026573181152e-01
3.518683612346649170e-01
3.433111310005187988e-01
3.823146820068359375e-01
4.324046671390533447e-01
3.602276444435119629e-01
4.798871576786041260e-01
5.815382599830627441e-01
4.273178279399871826e-01
6.165525317192077637e-01
5.724880099296569824e-01
5.976394414901733398e-01
5.399087071418762207e-01
4.253468811511993408e-01
3.711612820625305176e-01
5.885267853736877441e-01
4.613792896270751953e-01
6.108341217041015625e-01
5.396466255187988281e-01
3.816532194614410400e-01
3.769134879112243652e-01
5.750042200088500977e-01
6.259580850601196289e-01
3.457204401493072510e-01
3.938467502593994141e-01
3.675678968429565430e-01
6.013358831405639648e-01
4.174565076828002930e-01
5.145652294158935547e-01
5.517045259475708008e-01
6.287805438041687012e-01
5.477541089057922363e-01
3.466257750988006592e-01
4.894381165504455566e-01
3.417222499847412109e-01
3.420077264308929443e-01
6.127936244010925293e-01
3.570822179317474365e-01
5.854099392890930176e-01
4.703904390335083008e-01
5.916048288345336914e-01
5.659676790237426758e-01
3.515981137752532959e-01
5.422998666763305664e-01
6.111768484115600586e-01
6.113870739936828613e-01
3.435538411140441895e-01
3.548888266086578369e-01
4.515867233276367188e-01
3.493649363517761230e-01
3.460092842578887939e-01
5.238058567047119141e-01
4.146212637424468994e-01
6.071650981903076172e-01
5.470746159553527832e-01
6.152394413948059082e-01
4.152799546718597412e-01
3.460316658020019531e-01
3.437108993530273438e-01
5.929821729660034180e-01
3.814884722232818604e-01
3.730377256870269775e-01
4.782570600509643555e-01
4.626020789146423340e-01
4.255868494510650635e-01
5.778973102569580078e-01
5.953506827354431152e-01
4.711043238639831543e-01
3.406818211078643799e-01
3.597644567489624023e-01
4.060938060283660889e-01
3.579660058021545410e-01
4.000242352485656738e-01
3.699271976947784424e-01
5.397126674652099609e-01
3.421337604522705078e-01
3.629459142684936523e-01
5.184439420700073242e-01
3.679347038269042969e-01
6.071828603744506836e-01
3.816088438034057617e-01
3.437941670417785645e-01
3.447134792804718018e-01
4.976643323898315430e-01
6.091386675834655762e-01
4.475767910480499268e-01
3.804605007171630859e-01
3.636222481727600098e-01
4.897745549678802490e-01
3.492585122585296631e-01
3.437313437461853027e-01
3.710739612579345703e-01
5.463227033615112305e-01
4.229123294353485107e-01
6.040954589843750000e-01
5.809550285339355469e-01
5.667177438735961914e-01
6.255418062210083008e-01
4.140422940254211426e-01
5.675621032714843750e-01
6.264712810516357422e-01
3.427997231483459473e-01
5.676425695419311523e-01
5.249536633491516113e-01
3.448942601680755615e-01
3.879630267620086670e-01
4.099224805831909180e-01
3.393991291522979736e-01
3.418659865856170654e-01
3.918339908123016357e-01
6.103351712226867676e-01
3.442880213260650635e-01
4.830317795276641846e-01
3.545872569084167480e-01
5.473899841308593750e-01
4.786858856678009033e-01
5.964604020118713379e-01
4.947388470172882080e-01
3.812309205532073975e-01
6.095191240310668945e-01
3.377436995506286621e-01
4.855647683143615723e-01
3.582140505313873291e-01
6.221768856048583984e-01
3.576953113079071045e-01
3.400759398937225342e-01
3.420710861682891846e-01
3.548497259616851807e-01
6.113141179084777832e-01
6.101453900337219238e-01
3.960368335247039795e-01
4.641140103340148926e-01
3.698564469814300537e-01
3.637576401233673096e-01
5.943754315376281738e-01
4.465237557888031006e-01
5.143108963966369629e-01
3.594162464141845703e-01
3.827630877494812012e-01
4.350550472736358643e-01
3.533954024314880371e-01
3.515531420707702637e-01
3.508816361427307129e-01
3.745986521244049072e-01
4.188592731952667236e-01
5.954180359840393066e-01
3.585739731788635254e-01
3.532029390335083008e-01
3.516534864902496338e-01
4.521178901195526123e-01
5.004690289497375488e-01
6.099306941032409668e-01
5.982988476753234863e-01
6.048249006271362305e-01
4.358042776584625244e-01
3.413628339767456055e-01
3.427363634109497070e-01
3.513690531253814697e-01
3.491517007350921631e-01
3.454240560531616211e-01
4.109911918640136719e-01
3.706583976745605469e-01
6.267061829566955566e-01
3.556771576404571533e-01
4.605684578418731689e-01
4.479523897171020508e-01
3.479670286178588867e-01
6.267355084419250488e-01
5.850459933280944824e-01
5.357797145843505859e-01
3.546535670757293701e-01
3.434039950370788574e-01
5.741320848464965820e-01
6.019420027732849121e-01
3.655857741832733154e-01
3.827878832817077637e-01
4.939686357975006104e-01
6.132503151893615723e-01
5.704885721206665039e-01
3.836160898208618164e-01
3.413384854793548584e-01
3.408522009849548340e-01
3.579240441322326660e-01
5.996751785278320312e-01
3.911550641059875488e-01
5.921322107315063477e-01
3.690916299819946289e-01
3.804841935634613037e-01
5.142638683319091797e-01
3.432699143886566162e-01
3.580635190010070801e-01
3.907184600830078125e-01
3.874059915542602539e-01
5.263944268226623535e-01
6.278758049011230469e-01
5.682985186576843262e-01
5.768371820449829102e-01
3.832146525382995605e-01
3.663935363292694092e-01
3.815878629684448242e-01
4.194103479385375977e-01
4.147123098373413086e-01
5.800425410270690918e-01
5.756354928016662598e-01
3.415393531322479248e-01
3.540372550487518311e-01
6.201933622360229492e-01
4.135636687278747559e-01
3.603835105895996094e-01
5.586917400360107422e-01
3.407419919967651367e-01
3.448997139930725098e-01
5.638161897659301758e-01
3.489755690097808838e-01
6.164251565933227539e-01
4.929078221321105957e-01
3.412452340126037598e-01
3.793819546699523926e-01
3.988552987575531006e-01
3.783499300479888916e-01
5.345098376274108887e-01
3.410064280033111572e-01
5.347854495048522949e-01
3.538010716438293457e-01
3.453629612922668457e-01
3.886717855930328369e-01
5.223574638366699219e-01
6.188062429428100586e-01
4.611798524856567383e-01
3.424257040023803711e-01
3.617687225341796875e-01
3.655698299407958984e-01
3.469117879867553711e-01
3.786374330520629883e-01
3.528422713279724121e-01
3.506982326507568359e-01
5.808641910552978516e-01
5.398503541946411133e-01
5.829164385795593262e-01
6.084972620010375977e-01
4.049525856971740723e-01
6.083163022994995117e-01
3.602301180362701416e-01
4.261187613010406494e-01
3.427228033542633057e-01
3.598096668720245361e-01
5.891823172569274902e-01
3.611639738082885742e-01
3.553632497787475586e-01
3.381792604923248291e-01
3.614846765995025635e-01
4.950656890869140625e-01
3.422356843948364258e-01
3.682672977447509766e-01
4.299891293048858643e-01
3.822916746139526367e-01
5.990225672721862793e-01
3.450145125389099121e-01
3.808184266090393066e-01
3.520818650722503662e-01
5.961400270462036133e-01
3.773737549781799316e-01
3.973926007747650146e-01
4.280398190021514893e-01
6.156206130981445312e-01
3.917327821254730225e-01
3.596607148647308350e-01
3.481780886650085449e-01
5.461955666542053223e-01
5.381261706352233887e-01
4.597073495388031006e-01
5.572786331176757812e-01
5.643345117568969727e-01
5.604093074798583984e-01
3.491856455802917480e-01
4.025907814502716064e-01
5.924068093299865723e-01
5.928396582603454590e-01
5.972313880920410156e-01
3.445826768875122070e-01
4.204038083553314209e-01
5.881292819976806641e-01
3.882265388965606689e-01
3.412800729274749756e-01
3.671627342700958252e-01
4.015698432922363281e-01
3.705489933490753174e-01
5.950509309768676758e-01
3.575989007949829102e-01
3.416330218315124512e-01
3.824667334556579590e-01
6.095050573348999023e-01
4.152486026287078857e-01
3.551246225833892822e-01
6.189153194427490234e-01
6.216000318527221680e-01
4.299987256526947021e-01
4.063178002834320068e-01
6.199674606323242188e-01
4.404761791229248047e-01
3.446548879146575928e-01
4.984158575534820557e-01
3.917153775691986084e-01
4.317566156387329102e-01
3.501474261283874512e-01
4.142218232154846191e-01
6.071569323539733887e-01
3.904711604118347168e-01
5.655059814453125000e-01
3.416619300842285156e-01
6.220399141311645508e-01
3.488337397575378418e-01
6.185176968574523926e-01
4.771437048912048340e-01
3.443540036678314209e-01
5.971743464469909668e-01
3.595856428146362305e-01
3.711489140987396240e-01
3.578709959983825684e-01
3.923240900039672852e-01
3.595394194126129150e-01
5.667185783386230469e-01
4.912481307983398438e-01
3.544268012046813965e-01
6.110550165176391602e-01
3.897003829479217529e-01
5.888791084289550781e-01
3.498998582363128662e-01
4.011006355285644531e-01
3.886851966381072998e-01
5.533176660537719727e-01
4.162456095218658447e-01
5.276238918304443359e-01
5.155066251754760742e-01
3.598525822162628174e-01
4.160476028919219971e-01
6.066529750823974609e-01
5.979251861572265625e-01
5.790832042694091797e-01
3.457845151424407959e-01
3.388230502605438232e-01
5.392835140228271484e-01
5.747373104095458984e-01
6.259887814521789551e-01
3.651137948036193848e-01
3.413138389587402344e-01
3.954751193523406982e-01
5.463541746139526367e-01
5.853917598724365234e-01
5.362029075622558594e-01
3.627951145172119141e-01
3.753588497638702393e-01
5.732171535491943359e-01
6.234130859375000000e-01
5.531448721885681152e-01
5.219388008117675781e-01
3.781143128871917725e-01
4.221571087837219238e-01
3.417008221149444580e-01
3.388269841670989990e-01
6.212158203125000000e-01
3.433604538440704346e-01
3.609725236892700195e-01
6.181409955024719238e-01
6.061500906944274902e-01
4.918626248836517334e-01
3.442727625370025635e-01
3.830890357494354248e-01
3.520962893962860107e-01
5.616159439086914062e-01
4.800874888896942139e-01
6.235832571983337402e-01
4.624354243278503418e-01
3.860823810100555420e-01
3.521319925785064697e-01
5.952190756797790527e-01
3.984223008155822754e-01
4.239641129970550537e-01
5.754749774932861328e-01
5.666632652282714844e-01
3.476188778877258301e-01
3.562698960304260254e-01
6.000785827636718750e-01
5.918354988098144531e-01
6.181772351264953613e-01
3.428335785865783691e-01
4.046719372272491455e-01
3.493278324604034424e-01
3.377056121826171875e-01
3.520530760288238525e-01
4.081010520458221436e-01
6.061670184135437012e-01
5.717628002166748047e-01
6.192238330841064453e-01
3.781441748142242432e-01
5.297752618789672852e-01
4.152987599372863770e-01
3.417406380176544189e-01
3.419108092784881592e-01
4.966782629489898682e-01
4.187554121017456055e-01
4.504671394824981689e-01
3.854180872440338135e-01
5.047371983528137207e-01
4.026762545108795166e-01
3.900147974491119385e-01
4.711010456085205078e-01
6.006765961647033691e-01
3.512082099914550781e-01
3.411716818809509277e-01
4.464852511882781982e-01
6.220452189445495605e-01
6.032504439353942871e-01
3.674161732196807861e-01
5.724793076515197754e-01
3.872579634189605713e-01
3.571853935718536377e-01
3.467601239681243896e-01
3.759829699993133545e-01
4.458284378051757812e-01
3.462917208671569824e-01
6.218878626823425293e-01
5.285277366638183594e-01
3.485561609268188477e-01
3.382800519466400146e-01
6.260773539543151855e-01
3.471053540706634521e-01
3.824121356010437012e-01
3.638442456722259521e-01
3.479388952255249023e-01
3.692248463630676270e-01
5.540212988853454590e-01
3.445678651332855225e-01
6.143564581871032715e-01
4.653391838073730469e-01
3.700128197669982910e-01
5.615451335906982422e-01
3.480191528797149658e-01
3.379954099655151367e-01
6.076356172561645508e-01
4.261910319328308105e-01
3.992344737052917480e-01
3.670081198215484619e-01
3.404085338115692139e-01
3.592469096183776855e-01
3.473595976829528809e-01
3.531250059604644775e-01
5.244725346565246582e-01
4.107725322246551514e-01
5.142943859100341797e-01
3.647405207157135010e-01
3.548419773578643799e-01
5.326077342033386230e-01
6.184467077255249023e-01
3.747145831584930420e-01
4.899441301822662354e-01
3.472972512245178223e-01
5.851927399635314941e-01
5.429381728172302246e-01
5.759524106979370117e-01
3.471270799636840820e-01
3.547877967357635498e-01
3.790284693241119385e-01
5.282066464424133301e-01
3.424159586429595947e-01
3.786465823650360107e-01
5.545550584793090820e-01
3.626241385936737061e-01
5.472651124000549316e-01
3.414678871631622314e-01
4.872528910636901855e-01
5.481591224670410156e-01
5.529518723487854004e-01
6.134601235389709473e-01
3.959159255027770996e-01
6.165314912796020508e-01
5.489060878753662109e-01
6.022142171859741211e-01
3.433296680450439453e-01
3.732896447181701660e-01
4.924114942550659180e-01
3.459523320198059082e-01
3.533924520015716553e-01
5.098984241485595703e-01
3.484369218349456787e-01
6.099407672882080078e-01
5.463239550590515137e-01
5.474773049354553223e-01
3.841812908649444580e-01
4.589009881019592285e-01
6.160702109336853027e-01
3.555434346199035645e-01
4.842143058776855469e-01
3.584846556186676025e-01
3.891113996505737305e-01
3.630563914775848389e-01
3.864192366600036621e-01
5.987186431884765625e-01
3.418107032775878906e-01
5.435435771942138672e-01
4.534842073917388916e-01
6.019073128700256348e-01
3.446584045886993408e-01
3.732520341873168945e-01
5.568956136703491211e-01
6.217480897903442383e-01
4.421131014823913574e-01
3.481639027595520020e-01
5.024859905242919922e-01
5.256472826004028320e-01
3.458541035652160645e-01
5.526354312896728516e-01
3.425458371639251709e-01
3.791775107383728027e-01
4.395337402820587158e-01
4.113566577434539795e-01
5.430928468704223633e-01
3.946151137351989746e-01
5.325357913970947266e-01
5.102934837341308594e-01
6.207768917083740234e-01
3.722283244132995605e-01
3.656847476959228516e-01
3.771713674068450928e-01
3.637406826019287109e-01
3.524083197116851807e-01
4.726319313049316406e-01
3.482066690921783447e-01
5.278038382530212402e-01
5.849676132202148438e-01
4.095596969127655029e-01
3.473489284515380859e-01
4.370271265506744385e-01
3.403252959251403809e-01
3.751331269741058350e-01
4.174737930297851562e-01
5.218352675437927246e-01
5.601396560668945312e-01
3.805215358734130859e-01
3.588628470897674561e-01
3.474709689617156982e-01
3.709679543972015381e-01
3.461284935474395752e-01
5.753477215766906738e-01
3.426142930984497070e-01
5.759946703910827637e-01
3.653911650180816650e-01
3.979474604129791260e-01
3.460166156291961670e-01
5.510758161544799805e-01
3.669127225875854492e-01
6.189306378364562988e-01
5.525719523429870605e-01
3.753900527954101562e-01
5.165145993232727051e-01
5.519502758979797363e-01
3.668788373470306396e-01
3.419251143932342529e-01
5.789238810539245605e-01
4.710871875286102295e-01
5.749900341033935547e-01
3.459043502807617188e-01
4.500623643398284912e-01
5.618117451667785645e-01
5.688298344612121582e-01
6.141919493675231934e-01
4.009880721569061279e-01
3.437926173210144043e-01
4.307821094989776611e-01
5.809567570686340332e-01
3.407261371612548828e-01
4.654021859169006348e-01
3.554266393184661865e-01
3.554518818855285645e-01
3.737727403640747070e-01
4.816669225692749023e-01
4.749183356761932373e-01
3.411108255386352539e-01
3.773119151592254639e-01
6.031506061553955078e-01
5.717850923538208008e-01
6.215642690658569336e-01
3.893311321735382080e-01
3.550111353397369385e-01
6.029484868049621582e-01
5.315985679626464844e-01
4.090433120727539062e-01
3.410399854183197021e-01
6.094080805778503418e-01
3.628572523593902588e-01
4.439889490604400635e-01
4.427054226398468018e-01
3.765048682689666748e-01
5.633380413055419922e-01
5.238851904869079590e-01
3.418325781822204590e-01
3.554693758487701416e-01
6.099373698234558105e-01
3.628295660018920898e-01
5.675194859504699707e-01
4.669908881187438965e-01
5.535625219345092773e-01
5.556281208992004395e-01
3.456517159938812256e-01
6.194888353347778320e-01
6.250154972076416016e-01
5.497229099273681641e-01
5.723350048065185547e-01
3.424870073795318604e-01
6.257199645042419434e-01
3.917534053325653076e-01
3.603702783584594727e-01
3.547075390815734863e-01
3.408191502094268799e-01
3.417292237281799316e-01
6.236229538917541504e-01
3.625943660736083984e-01
4.984085261821746826e-01
3.616430759429931641e-01
6.047281622886657715e-01
3.432286977767944336e-01
5.421432256698608398e-01
6.059858798980712891e-01
5.855113863945007324e-01
3.448763787746429443e-01
4.002182781696319580e-01
3.426662385463714600e-01
5.701742768287658691e-01
4.357833564281463623e-01
5.739772319793701172e-01
3.421010076999664307e-01
5.675737857818603516e-01
3.622067570686340332e-01
3.536262810230255127e-01
5.980448126792907715e-01
3.524182736873626709e-01
6.044305562973022461e-01
4.152925908565521240e-01
3.387578725814819336e-01
5.847955346107482910e-01
4.601062238216400146e-01
3.400475978851318359e-01
3.863635659217834473e-01
3.430734872817993164e-01
6.128089427947998047e-01
5.444444417953491211e-01
3.509071469306945801e-01
3.825761377811431885e-01
3.609400093555450439e-01
4.425260424613952637e-01
3.645254969596862793e-01
4.627241790294647217e-01
3.955289125442504883e-01
3.502997756004333496e-01
5.882375240325927734e-01
4.598432779312133789e-01
6.092263460159301758e-01
4.443842768669128418e-01
5.997209548950195312e-01
3.618211746215820312e-01
5.204139947891235352e-01
5.281063318252563477e-01
5.864645242691040039e-01
3.496604859828948975e-01
6.042364835739135742e-01
3.798179626464843750e-01
4.595104157924652100e-01
5.731976032257080078e-01
4.210124909877777100e-01
5.789453387260437012e-01
3.809216022491455078e-01
4.047611951828002930e-01
3.461914956569671631e-01
5.697568655014038086e-01
3.445262610912322998e-01
3.386452794075012207e-01
5.992357730865478516e-01
3.623310029506683350e-01
3.631998598575592041e-01
5.259063839912414551e-01
5.672136545181274414e-01
3.367639780044555664e-01
3.486162722110748291e-01
6.104198694229125977e-01
3.413532972335815430e-01
5.879060626029968262e-01
3.404649496078491211e-01
4.717370271682739258e-01
3.558760583400726318e-01
4.140977263450622559e-01
5.565655827522277832e-01
3.476335406303405762e-01
5.084174275398254395e-01
5.245870947837829590e-01
3.526234626770019531e-01
3.787592053413391113e-01
5.711140632629394531e-01
6.148751974105834961e-01
5.979321599006652832e-01
3.459626138210296631e-01
6.237565279006958008e-01
3.910115957260131836e-01
3.423579633235931396e-01
4.057712554931640625e-01
6.105418205261230469e-01
3.882232606410980225e-01
3.623765408992767334e-01
3.425526320934295654e-01
3.554016649723052979e-01
3.477559387683868408e-01
4.347272217273712158e-01
3.388678729534149170e-01
4.258183538913726807e-01
4.242971837520599365e-01
3.813764750957489014e-01
6.073026061058044434e-01
3.767536878585815430e-01
3.924124240875244141e-01
3.405283987522125244e-01
4.996539354324340820e-01
4.962940514087677002e-01
3.404818475246429443e-01
4.609053432941436768e-01
3.455722033977508545e-01
3.868928551673889160e-01
5.888745188713073730e-01
5.171296596527099609e-01
3.388613164424896240e-01
3.638320565223693848e-01
5.858464241027832031e-01
3.747051358222961426e-01
5.182090997695922852e-01
3.774401545524597168e-01
4.430680871009826660e-01
5.414481759071350098e-01
5.121494531631469727e-01
6.251762509346008301e-01
4.033499956130981445e-01
5.695077180862426758e-01
3.463917970657348633e-01
3.583897352218627930e-01
6.126437783241271973e-01
3.479587733745574951e-01
3.447787165641784668e-01
5.391671061515808105e-01
5.773250460624694824e-01
5.189100503921508789e-01
3.703568577766418457e-01
3.458499908447265625e-01
3.417525589466094971e-01
3.449852764606475830e-01
3.489514887332916260e-01
5.884543061256408691e-01
3.530154824256896973e-01
3.510189652442932129e-01
5.152106285095214844e-01
3.853962719440460205e-01
4.811667799949645996e-01
5.877965688705444336e-01
3.596431314945220947e-01
6.214225888252258301e-01
3.520841896533966064e-01
3.396553099155426025e-01
5.354477167129516602e-01
4.473933875560760498e-01
4.789850413799285889e-01
6.008685827255249023e-01
5.287584066390991211e-01
3.456781804561614990e-01
3.410498499870300293e-01
4.513570368289947510e-01
6.219432950019836426e-01
3.426133096218109131e-01
3.484500944614410400e-01
5.416013598442077637e-01
5.758533477783203125e-01
3.694724142551422119e-01
5.891695022583007812e-01
3.442644774913787842e-01
3.655668199062347412e-01
5.835241675376892090e-01
3.441311717033386230e-01
3.681705594062805176e-01
5.069611668586730957e-01
5.191153883934020996e-01
6.008045077323913574e-01
3.548656702041625977e-01
3.836964368820190430e-01
4.965810179710388184e-01
3.690076470375061035e-01
6.175474524497985840e-01
3.679490685462951660e-01
4.889861941337585449e-01
4.175463616847991943e-01
3.459241986274719238e-01
4.471977949142456055e-01
3.750492036342620850e-01
4.627893269062042236e-01
3.386564254760742188e-01
4.097586870193481445e-01
3.563641905784606934e-01
5.308188796043395996e-01
3.581680357456207275e-01
3.748598992824554443e-01
4.219765365123748779e-01
5.157395601272583008e-01
5.023810863494873047e-01
3.747813701629638672e-01
4.547269344329833984e-01
3.824865520000457764e-01
3.744054138660430908e-01
3.413500785827636719e-01
3.657665252685546875e-01
3.462069928646087646e-01
5.705114603042602539e-01
3.417221903800964355e-01
3.661246895790100098e-01
3.546654284000396729e-01
5.662883520126342773e-01
3.383861184120178223e-01
5.459890365600585938e-01
3.587130010128021240e-01
3.642369210720062256e-01
4.621463119983673096e-01
4.793061912059783936e-01
4.249697029590606689e-01
3.935822844505310059e-01
3.565882146358489990e-01
3.437407612800598145e-01
5.770797729492187500e-01
4.972434937953948975e-01
4.764405488967895508e-01
5.342069864273071289e-01
3.456207513809204102e-01
3.665166497230529785e-01
5.590028166770935059e-01
3.425439894199371338e-01
3.577917218208312988e-01
3.518245220184326172e-01
6.129568815231323242e-01
5.882945060729980469e-01
5.514928102493286133e-01
3.610072135925292969e-01
3.815936446189880371e-01
6.041733026504516602e-01
3.621282577514648438e-01
3.651517033576965332e-01
3.444805443286895752e-01
3.418397605419158936e-01
6.125764250755310059e-01
5.071168541908264160e-01
3.745235502719879150e-01
3.442613482475280762e-01
5.535646677017211914e-01
5.295438170433044434e-01
4.658105969429016113e-01
5.897653102874755859e-01
5.062184333801269531e-01
3.449599146842956543e-01
3.863910436630249023e-01
3.448013365268707275e-01
3.870948255062103271e-01
4.240024685859680176e-01
3.557659983634948730e-01
5.859768390655517578e-01
5.986190438270568848e-01
6.126590371131896973e-01
3.444959521293640137e-01
3.877094686031341553e-01
4.117308259010314941e-01
5.770338177680969238e-01
3.850313127040863037e-01
3.437487483024597168e-01
4.887275099754333496e-01
5.995661020278930664e-01
3.781134188175201416e-01
6.059145927429199219e-01
3.523721992969512939e-01
5.704344511032104492e-01
5.733304023742675781e-01
4.023703932762145996e-01
5.109479427337646484e-01
3.866147696971893311e-01
5.346286296844482422e-01
4.626128971576690674e-01
4.713864326477050781e-01
5.829268693923950195e-01
4.492677152156829834e-01
4.002553522586822510e-01
5.970455408096313477e-01
6.104151606559753418e-01
5.886162519454956055e-01
3.622709512710571289e-01
3.382728099822998047e-01
3.681754469871520996e-01
3.582783639430999756e-01
6.282542347908020020e-01
5.650606751441955566e-01
5.363293290138244629e-01
6.196202039718627930e-01
5.893278717994689941e-01
5.149562954902648926e-01
5.801562666893005371e-01
5.333588719367980957e-01
4.161997735500335693e-01
4.377108812332153320e-01
3.431358039379119873e-01
4.581176042556762695e-01
3.932273089885711670e-01
5.831010341644287109e-01
4.860353767871856689e-01
4.369812309741973877e-01
3.515987694263458252e-01
3.728363811969757080e-01
4.887200593948364258e-01
3.436748087406158447e-01
3.455082774162292480e-01
3.437370359897613525e-01
3.720742762088775635e-01
5.703492760658264160e-01
5.733659863471984863e-01
3.873432576656341553e-01
5.153986811637878418e-01
6.129621863365173340e-01
3.802831470966339111e-01
3.473469913005828857e-01
3.566014468669891357e-01
3.516412675380706787e-01
3.535479009151458740e-01
5.175359845161437988e-01
4.313164949417114258e-01
4.466826021671295166e-01
4.930184185504913330e-01
3.473054766654968262e-01
3.450563251972198486e-01
3.895083665847778320e-01
3.558785915374755859e-01
3.548566997051239014e-01
6.103533506393432617e-01
6.125773787498474121e-01
3.470910191535949707e-01
3.453090488910675049e-01
6.293014883995056152e-01
4.402824342250823975e-01
5.425693392753601074e-01
5.348062515258789062e-01
5.211621522903442383e-01
3.412172198295593262e-01
4.167301654815673828e-01
3.555771410465240479e-01
4.449603557586669922e-01
3.522867262363433838e-01
4.830422401428222656e-01
5.968354344367980957e-01
3.451749086380004883e-01
3.422884345054626465e-01
3.396784663200378418e-01
3.784220218658447266e-01
3.676953017711639404e-01
5.615279078483581543e-01
3.381114304065704346e-01
4.912073910236358643e-01
3.975101411342620850e-01
3.733589053153991699e-01
6.181716918945312500e-01
5.990914702415466309e-01
3.799226582050323486e-01
3.781871199607849121e-01
3.970507085323333740e-01
3.391526937484741211e-01
6.080797314643859863e-01
3.681910932064056396e-01
6.041806340217590332e-01
3.523620367050170898e-01
3.388901650905609131e-01
3.663692176342010498e-01
6.275024414062500000e-01
5.425012111663818359e-01
3.413977324962615967e-01
3.674037158489227295e-01
4.345045387744903564e-01
4.201188981533050537e-01
3.574868142604827881e-01
3.412227630615234375e-01
6.036527752876281738e-01
3.437419831752777100e-01
6.211032271385192871e-01
4.568541049957275391e-01
5.369247794151306152e-01
4.438186883926391602e-01
5.369582772254943848e-01
3.460964858531951904e-01
5.963079333305358887e-01
3.441438376903533936e-01
4.823647141456604004e-01
3.593623936176300049e-01
3.492135405540466309e-01
3.595809936523437500e-01
3.475370109081268311e-01
3.440369665622711182e-01
5.089824795722961426e-01
6.027837395668029785e-01
3.910095691680908203e-01
4.052554070949554443e-01
3.422918617725372314e-01
5.779656767845153809e-01
4.123152792453765869e-01
3.761506676673889160e-01
6.206650137901306152e-01
3.426508307456970215e-01
3.998678922653198242e-01
3.681656122207641602e-01
3.372460305690765381e-01
4.420312345027923584e-01
3.799614608287811279e-01
3.947983086109161377e-01
4.411963820457458496e-01
3.406902551651000977e-01
3.655354976654052734e-01
5.409851670265197754e-01
5.287598967552185059e-01
3.968737721443176270e-01
6.199276447296142578e-01
3.646597564220428467e-01
3.445884585380554199e-01
3.647790253162384033e-01
6.111411452293395996e-01
3.444594144821166992e-01
3.903159797191619873e-01
6.159131526947021484e-01
4.951770305633544922e-01
4.018407166004180908e-01
4.042865633964538574e-01
3.511564135551452637e-01
5.969468951225280762e-01
6.004198193550109863e-01
3.505299389362335205e-01
3.541251420974731445e-01
3.710481822490692139e-01
4.229958355426788330e-01
5.549720525741577148e-01
6.293269991874694824e-01
6.247968673706054688e-01
4.342193901538848877e-01
3.387268483638763428e-01
5.557484030723571777e-01
3.994276225566864014e-01
3.802944719791412354e-01
3.570732176303863525e-01
3.773440420627593994e-01
3.420990705490112305e-01
5.082661509513854980e-01
6.296973824501037598e-01
3.680479526519775391e-01
3.389669954776763916e-01
3.455963432788848877e-01
5.304784178733825684e-01
5.735405087471008301e-01
5.836473703384399414e-01
3.995066881179809570e-01
4.888507127761840820e-01
4.435946941375732422e-01
3.503707051277160645e-01
3.683530986309051514e-01
3.760191500186920166e-01
4.379386603832244873e-01
4.188038706779479980e-01
4.208706915378570557e-01
4.720815718173980713e-01
4.927904903888702393e-01
3.488872647285461426e-01
5.027071833610534668e-01
5.735573768615722656e-01
5.422053933143615723e-01
3.438307344913482666e-01
4.745561778545379639e-01
4.870718121528625488e-01
4.024455547332763672e-01
5.692861080169677734e-01
6.133683323860168457e-01
4.685808122158050537e-01
4.609259963035583496e-01
5.577319264411926270e-01
3.651952445507049561e-01
3.524610400199890137e-01
3.483108282089233398e-01
3.532131016254425049e-01
3.414937555789947510e-01
3.605203628540039062e-01
5.025804638862609863e-01
6.098114848136901855e-01
5.351133942604064941e-01
3.455296158790588379e-01
6.043322682380676270e-01
3.748203217983245850e-01
3.687704801559448242e-01
3.384006917476654053e-01
3.567904233932495117e-01
3.692873716354370117e-01
5.848714113235473633e-01
4.237007200717926025e-01
3.684325516223907471e-01
4.819067120552062988e-01
5.266298055648803711e-01
5.676232576370239258e-01
5.787011384963989258e-01
3.690381646156311035e-01
3.549175858497619629e-01
3.492742776870727539e-01
4.150331318378448486e-01
3.495509028434753418e-01
3.480200171470642090e-01
3.565036654472351074e-01
3.522067368030548096e-01
3.877793550491333008e-01
4.327158033847808838e-01
5.860911607742309570e-01
3.439777791500091553e-01
3.807489573955535889e-01
5.607827305793762207e-01
3.451026678085327148e-01
6.009433865547180176e-01
3.481296300888061523e-01
5.463751554489135742e-01
5.891597867012023926e-01
3.423773646354675293e-01
4.118134677410125732e-01
5.856373310089111328e-01
3.440495133399963379e-01
5.586036443710327148e-01
3.753322958946228027e-01
3.791162371635437012e-01
5.748695731163024902e-01
4.950496256351470947e-01
3.507055044174194336e-01
4.290119409561157227e-01
3.763558268547058105e-01
5.850135684013366699e-01
4.887832701206207275e-01
5.746747851371765137e-01
3.948705196380615234e-01
3.420612812042236328e-01
4.805793166160583496e-01
5.971554517745971680e-01
3.925284743309020996e-01
3.466301560401916504e-01
3.745589852333068848e-01
4.610037207603454590e-01
3.782618641853332520e-01
6.242547631263732910e-01
3.396639823913574219e-01
3.893432021141052246e-01
3.747693002223968506e-01
3.458577394485473633e-01
6.059733629226684570e-01
3.525470495223999023e-01
4.103939235210418701e-01
4.487413763999938965e-01
5.144540071487426758e-01
3.483637273311614990e-01
4.137544333934783936e-01
3.406169116497039795e-01
3.694289326667785645e-01
4.465668499469757080e-01
5.885124206542968750e-01
3.443991243839263916e-01
3.417856991291046143e-01
3.450250625610351562e-01
3.586459457874298096e-01
3.458825051784515381e-01
5.639412403106689453e-01
3.384770452976226807e-01
5.020220279693603516e-01
3.484171330928802490e-01
5.049968957901000977e-01
3.701022565364837646e-01
4.111979603767395020e-01
4.106163978576660156e-01
3.819274902343750000e-01
4.078262448310852051e-01
3.423349261283874512e-01
3.404715657234191895e-01
5.455251336097717285e-01
5.140591859817504883e-01
3.424508273601531982e-01
5.145850777626037598e-01
3.438697457313537598e-01
3.493756055831909180e-01
3.501704633235931396e-01
5.514838099479675293e-01
6.236426234245300293e-01
5.499411821365356445e-01
3.439346551895141602e-01
3.451493680477142334e-01
3.469835817813873291e-01
5.851496458053588867e-01
3.429876863956451416e-01
3.555621206760406494e-01
3.438978791236877441e-01
3.510165810585021973e-01
5.627303123474121094e-01
6.165039539337158203e-01
4.230274856090545654e-01
5.573168396949768066e-01
5.265304446220397949e-01
6.014725565910339355e-01
3.440524041652679443e-01
3.527151048183441162e-01
4.020176529884338379e-01
5.764388442039489746e-01
4.363532662391662598e-01
6.060028076171875000e-01
3.588998615741729736e-01
3.472648859024047852e-01
3.430943787097930908e-01
3.729645907878875732e-01
5.280707478523254395e-01
4.199081659317016602e-01
3.503111004829406738e-01
3.389968276023864746e-01
3.437106609344482422e-01
3.506124019622802734e-01
4.125020503997802734e-01
6.068147420883178711e-01
3.829521536827087402e-01
3.626202046871185303e-01
3.457434177398681641e-01
5.556759238243103027e-01
3.977424502372741699e-01
3.571688830852508545e-01
6.098144650459289551e-01
3.639825880527496338e-01
3.386807739734649658e-01
6.238904595375061035e-01
5.406005382537841797e-01
5.850936174392700195e-01
5.741836428642272949e-01
5.411059856414794922e-01
4.032192528247833252e-01
4.300381541252136230e-01
3.595169186592102051e-01
5.359533429145812988e-01
3.554758131504058838e-01
3.414200246334075928e-01
5.107378959655761719e-01
3.673835694789886475e-01
4.329787492752075195e-01
5.965458750724792480e-01
5.391106605529785156e-01
3.771796524524688721e-01
3.934738039970397949e-01
4.310386180877685547e-01
5.246986150741577148e-01
3.495671153068542480e-01
4.557983577251434326e-01
6.048484444618225098e-01
3.558747172355651855e-01
5.129052400588989258e-01
5.261545181274414062e-01
3.676378726959228516e-01
3.519188165664672852e-01
5.391946434974670410e-01
5.627963542938232422e-01
6.068935394287109375e-01
3.514140546321868896e-01
5.930667519569396973e-01
3.445312380790710449e-01
3.599780201911926270e-01
5.891627073287963867e-01
3.415068089962005615e-01
4.247911870479583740e-01
5.962861776351928711e-01
3.488753437995910645e-01
6.099985241889953613e-01
6.013658642768859863e-01
5.482637286186218262e-01
5.435819625854492188e-01
4.775346815586090088e-01
3.514973521232604980e-01
3.418661653995513916e-01
3.486463129520416260e-01
4.001105129718780518e-01
3.682434856891632080e-01
5.797698497772216797e-01
4.211615324020385742e-01
5.517491102218627930e-01
6.099827289581298828e-01
5.530424714088439941e-01
4.230218529701232910e-01
6.058966517448425293e-01
5.043494105339050293e-01
3.617955148220062256e-01
3.438334465026855469e-01
4.136060774326324463e-01
5.940755605697631836e-01
4.621523618698120117e-01
3.632152676582336426e-01
5.433455109596252441e-01
3.381962776184082031e-01
5.632926821708679199e-01
3.659199774265289307e-01
4.861333370208740234e-01
6.156608462333679199e-01
4.668152332305908203e-01
5.971351265907287598e-01
4.184249937534332275e-01
4.396981000900268555e-01
3.501242995262145996e-01
3.886965513229370117e-01
5.331752896308898926e-01
3.471084237098693848e-01
3.802618384361267090e-01
5.653491616249084473e-01
3.541214168071746826e-01
3.747020065784454346e-01
5.810549855232238770e-01
5.820481777191162109e-01
3.492844402790069580e-01
5.101733803749084473e-01
3.468997776508331299e-01
6.050441861152648926e-01
4.787433445453643799e-01
3.408258557319641113e-01
5.223004221916198730e-01
3.366117775440216064e-01
5.715728402137756348e-01
4.340137839317321777e-01
5.399696230888366699e-01
3.755670189857482910e-01
4.055040180683135986e-01
3.569220602512359619e-01
5.525521039962768555e-01
3.561231493949890137e-01
5.317417383193969727e-01
3.408259749412536621e-01
4.445212185382843018e-01
3.780002295970916748e-01
3.765143752098083496e-01
5.572501420974731445e-01
4.242027699947357178e-01
5.621828436851501465e-01
3.618826270103454590e-01
5.623854398727416992e-01
3.413591682910919189e-01
6.146578192710876465e-01
6.024816036224365234e-01
6.047424674034118652e-01
4.049509763717651367e-01
3.421905934810638428e-01
5.186532139778137207e-01
3.531174063682556152e-01
3.456375002861022949e-01
6.030754446983337402e-01
3.915733993053436279e-01
5.138390660285949707e-01
4.923158884048461914e-01
4.039895832538604736e-01
3.515361845493316650e-01
3.508080542087554932e-01
3.652876913547515869e-01
3.446017205715179443e-01
4.535568952560424805e-01
4.388053119182586670e-01
4.254792630672454834e-01
3.472546935081481934e-01
3.538246750831604004e-01
3.662896156311035156e-01
6.194518804550170898e-01
4.873490035533905029e-01
5.119958519935607910e-01
5.899814963340759277e-01
6.122387647628784180e-01
3.394868671894073486e-01
3.403296768665313721e-01
3.433558046817779541e-01
4.180507063865661621e-01
5.690888166427612305e-01
5.749161243438720703e-01
4.887464642524719238e-01
5.945820808410644531e-01
6.163033843040466309e-01
5.462797284126281738e-01
3.487076163291931152e-01
3.523397743701934814e-01
3.598901033401489258e-01
5.456662178039550781e-01
5.258851647377014160e-01
4.630564749240875244e-01
3.916154801845550537e-01
3.392681181430816650e-01
3.979411423206329346e-01
4.255700111389160156e-01
3.550980091094970703e-01
6.099027395248413086e-01
4.095685482025146484e-01
4.932360649108886719e-01
4.495006799697875977e-01
3.894308209419250488e-01
5.931840538978576660e-01
5.311160087585449219e-01
3.983980119228363037e-01
3.508560657501220703e-01
3.407773375511169434e-01
4.865657687187194824e-01
3.414990603923797607e-01
3.937471508979797363e-01
5.405260324478149414e-01
6.242879033088684082e-01
4.776223897933959961e-01
3.631023466587066650e-01
4.437735974788665771e-01
5.831143856048583984e-01
5.364708900451660156e-01
4.084170162677764893e-01
3.648519814014434814e-01
3.447102308273315430e-01
3.618698716163635254e-01
4.637456536293029785e-01
5.917709469795227051e-01
3.821834027767181396e-01
3.554057478904724121e-01
3.446432948112487793e-01
6.230268478393554688e-01
6.137756705284118652e-01
3.547003865242004395e-01
3.647046983242034912e-01
3.429764509201049805e-01
4.223878681659698486e-01
4.931795895099639893e-01
5.120028257369995117e-01
3.525891602039337158e-01
3.479867875576019287e-01
3.438159227371215820e-01
6.104233264923095703e-01
5.579400658607482910e-01
6.169427633285522461e-01
3.552894592285156250e-01
3.480646014213562012e-01
3.429118394851684570e-01
5.829461812973022461e-01
5.405297875404357910e-01
4.633709490299224854e-01
3.672217428684234619e-01
3.411150276660919189e-01
6.227171421051025391e-01
3.621997237205505371e-01
3.485991656780242920e-01
6.187230348587036133e-01
5.864084362983703613e-01
3.485619723796844482e-01
4.227159917354583740e-01
3.681808114051818848e-01
5.630285143852233887e-01
4.813367426395416260e-01
6.201464533805847168e-01
3.518785834312438965e-01
3.645786046981811523e-01
5.866971015930175781e-01
4.295794665813446045e-01
5.027927756309509277e-01
5.802649259567260742e-01
5.175572633743286133e-01
3.505661189556121826e-01
3.589225709438323975e-01
4.636496007442474365e-01
3.521874547004699707e-01
3.714934885501861572e-01
5.977473258972167969e-01
5.793230533599853516e-01
3.840788006782531738e-01
5.376238822937011719e-01
6.230127811431884766e-01
3.505617976188659668e-01
4.583439826965332031e-01
3.646463751792907715e-01
3.477110862731933594e-01
3.457790017127990723e-01
3.736730515956878662e-01
3.961067497730255127e-01
3.519350886344909668e-01
3.498012721538543701e-01
4.691537022590637207e-01
3.376967310905456543e-01
3.472780287265777588e-01
4.056926369667053223e-01
3.471552431583404541e-01
4.897886812686920166e-01
3.399855792522430420e-01
5.921805500984191895e-01
3.449178636074066162e-01
3.709289133548736572e-01
4.673107862472534180e-01
3.472189605236053467e-01
5.154556035995483398e-01
3.579289615154266357e-01
4.832481443881988525e-01
6.241893768310546875e-01
3.531746864318847656e-01
6.035956144332885742e-01
3.962962031364440918e-01
3.398592770099639893e-01
6.123387217521667480e-01
4.115231931209564209e-01
5.249195694923400879e-01
3.643758893013000488e-01
4.540576636791229248e-01
5.075888633728027344e-01
4.116590321063995361e-01
3.568925559520721436e-01
3.916187584400177002e-01
3.509163558483123779e-01
3.921541273593902588e-01
4.765450954437255859e-01
6.076265573501586914e-01
3.423995971679687500e-01
5.475416183471679688e-01
3.442639410495758057e-01
5.513241887092590332e-01
3.730917870998382568e-01
4.821445941925048828e-01
5.424178242683410645e-01
3.889456093311309814e-01
3.540757894515991211e-01
4.532035887241363525e-01
3.515497148036956787e-01
4.795899689197540283e-01
6.249204874038696289e-01
5.037817955017089844e-01
3.452135920524597168e-01
3.411039412021636963e-01
6.290667653083801270e-01
3.663189113140106201e-01
3.451291322708129883e-01
3.468353450298309326e-01
3.810089230537414551e-01
6.148580312728881836e-01
3.431767225265502930e-01
5.992938876152038574e-01
3.704918324947357178e-01
5.805143713951110840e-01
3.442842960357666016e-01
3.498087823390960693e-01
3.483188152313232422e-01
5.485255718231201172e-01
5.814585089683532715e-01
4.361310303211212158e-01
3.491631448268890381e-01
3.535108268260955811e-01
4.225838184356689453e-01
6.066277027130126953e-01
5.553029179573059082e-01
6.278775334358215332e-01
