3.538969159126281738e-01
3.363792002201080322e-01
3.601453602313995361e-01
6.104506850242614746e-01
6.246457099914550781e-01
5.658078789710998535e-01
5.796620845794677734e-01
5.863929986953735352e-01
4.354462921619415283e-01
5.147686600685119629e-01
3.398414254188537598e-01
3.234359622001647949e-01
3.753478825092315674e-01
3.308369219303131104e-01
3.383809328079223633e-01
5.918895006179809570e-01
4.209530353546142578e-01
4.547004103660583496e-01
5.903280973434448242e-01
6.313700079917907715e-01
3.473245799541473389e-01
3.216686546802520752e-01
5.919600725173950195e-01
3.450876772403717041e-01
3.635281324386596680e-01
3.321730196475982666e-01
6.088556051254272461e-01
3.277880251407623291e-01
5.016425848007202148e-01
4.936102330684661865e-01
3.477638065814971924e-01
5.502699017524719238e-01
3.285502195358276367e-01
3.959316611289978027e-01
4.051905572414398193e-01
3.206898272037506104e-01
3.748240768909454346e-01
4.226993024349212646e-01
3.190225362777709961e-01
6.282658576965332031e-01
6.338114738464355469e-01
4.127584099769592285e-01
6.096805334091186523e-01
5.775588750839233398e-01
5.873907208442687988e-01
4.972401261329650879e-01
6.468073725700378418e-01
3.594574332237243652e-01
6.286839842796325684e-01
3.777722418308258057e-01
3.400000631809234619e-01
3.377073109149932861e-01
5.243340730667114258e-01
6.097198128700256348e-01
5.348057746887207031e-01
6.385797262191772461e-01
6.273137331008911133e-01
3.371504843235015869e-01
5.538431406021118164e-01
6.215676665306091309e-01
6.037531495094299316e-01
3.557973802089691162e-01
5.329015254974365234e-01
3.330135941505432129e-01
3.279156088829040527e-01
6.292152404785156250e-01
4.618519544601440430e-01
3.327013254165649414e-01
3.327640295028686523e-01
3.220516443252563477e-01
3.772699832916259766e-01
3.432738780975341797e-01
5.607077479362487793e-01
4.860062599182128906e-01
3.351500332355499268e-01
5.521621108055114746e-01
5.166567564010620117e-01
5.509064197540283203e-01
5.391882061958312988e-01
3.488660454750061035e-01
5.704087018966674805e-01
6.169962286949157715e-01
6.150571107864379883e-01
6.322850584983825684e-01
3.219140768051147461e-01
4.136385619640350342e-01
5.715451836585998535e-01
5.877619385719299316e-01
5.232195258140563965e-01
5.884259343147277832e-01
3.861537575721740723e-01
3.420830965042114258e-01
3.322210311889648438e-01
3.930913209915161133e-01
3.618011176586151123e-01
3.285422325134277344e-01
6.037153601646423340e-01
3.387938737869262695e-01
3.879936039447784424e-01
3.556971549987792969e-01
5.888389348983764648e-01
6.286475062370300293e-01
5.581194758415222168e-01
3.327054679393768311e-01
3.308233022689819336e-01
4.386412203311920166e-01
4.010235667228698730e-01
4.412654936313629150e-01
4.711132049560546875e-01
5.932724475860595703e-01
5.596490502357482910e-01
3.339691758155822754e-01
4.151329994201660156e-01
3.404096662998199463e-01
4.489528536796569824e-01
5.831013321876525879e-01
6.315056681632995605e-01
5.117045640945434570e-01
3.225767314434051514e-01
3.372044563293457031e-01
4.518137872219085693e-01
6.222476959228515625e-01
4.154523611068725586e-01
6.260706782341003418e-01
3.610126972198486328e-01
3.478540182113647461e-01
3.322948813438415527e-01
6.453241109848022461e-01
6.294001936912536621e-01
6.297698616981506348e-01
6.484073400497436523e-01
4.403871595859527588e-01
3.223483562469482422e-01
6.412370204925537109e-01
3.655135035514831543e-01
4.775851368904113770e-01
5.948668122291564941e-01
3.435956239700317383e-01
3.453775346279144287e-01
3.485645949840545654e-01
3.363022208213806152e-01
3.386315703392028809e-01
3.237689733505249023e-01
5.059686899185180664e-01
5.640260577201843262e-01
6.438096165657043457e-01
6.113808155059814453e-01
3.573942482471466064e-01
3.238189518451690674e-01
3.615329265594482422e-01
3.368501067161560059e-01
3.307234644889831543e-01
3.479754030704498291e-01
3.260732591152191162e-01
3.320134580135345459e-01
6.427865028381347656e-01
6.139938831329345703e-01
4.624229371547698975e-01
3.505812287330627441e-01
6.311980485916137695e-01
4.511456787586212158e-01
3.255290985107421875e-01
6.244223117828369141e-01
3.392076492309570312e-01
6.434345245361328125e-01
3.247151374816894531e-01
4.692603051662445068e-01
6.096954941749572754e-01
6.197295784950256348e-01
3.400578498840332031e-01
4.856136143207550049e-01
3.505471944808959961e-01
4.277975261211395264e-01
3.317643105983734131e-01
3.549610972404479980e-01
5.092025995254516602e-01
5.544316768646240234e-01
3.221618831157684326e-01
5.732900500297546387e-01
4.777877926826477051e-01
3.346652388572692871e-01
4.253778755664825439e-01
3.311263024806976318e-01
4.173307120800018311e-01
5.096349120140075684e-01
4.920550584793090820e-01
3.223464787006378174e-01
5.843148827552795410e-01
5.286139845848083496e-01
6.336116790771484375e-01
3.332535922527313232e-01
6.398311853408813477e-01
3.877583742141723633e-01
3.887319862842559814e-01
3.315288722515106201e-01
6.101341247558593750e-01
6.045220494270324707e-01
6.148365736007690430e-01
3.377502262592315674e-01
3.667239248752593994e-01
4.982502460479736328e-01
3.861609101295471191e-01
3.626895844936370850e-01
4.125380516052246094e-01
6.284353733062744141e-01
6.321476697921752930e-01
3.754337131977081299e-01
5.589856505393981934e-01
6.379793286323547363e-01
4.895534515380859375e-01
3.591562211513519287e-01
6.507424116134643555e-01
4.438040256500244141e-01
3.338932394981384277e-01
3.289157450199127197e-01
4.307754635810852051e-01
3.351689577102661133e-01
5.116770863533020020e-01
5.250776410102844238e-01
6.177126169204711914e-01
3.271168470382690430e-01
6.180708408355712891e-01
4.302456080913543701e-01
3.374185264110565186e-01
3.366541564464569092e-01
3.740150332450866699e-01
3.412239551544189453e-01
6.159955859184265137e-01
3.413751423358917236e-01
3.417479991912841797e-01
4.085620045661926270e-01
4.056280255317687988e-01
4.461607933044433594e-01
3.647715151309967041e-01
3.836095333099365234e-01
3.404762744903564453e-01
4.657783210277557373e-01
3.527053296566009521e-01
6.398410201072692871e-01
3.992568254470825195e-01
3.357895314693450928e-01
4.109167754650115967e-01
6.086806058883666992e-01
6.440378427505493164e-01
5.824818611145019531e-01
4.186528921127319336e-01
6.329304575920104980e-01
3.207574486732482910e-01
5.435196161270141602e-01
6.314966678619384766e-01
5.395435690879821777e-01
4.185482263565063477e-01
6.458154320716857910e-01
5.493929982185363770e-01
3.412417769432067871e-01
3.939557969570159912e-01
3.562992513179779053e-01
6.423792243003845215e-01
3.329392671585083008e-01
6.168912649154663086e-01
5.925397872924804688e-01
5.370729565620422363e-01
3.321895599365234375e-01
3.928291201591491699e-01
6.253755092620849609e-01
3.668483495712280273e-01
6.431381106376647949e-01
4.056735932826995850e-01
6.464928388595581055e-01
6.267036795616149902e-01
6.324116587638854980e-01
6.151841282844543457e-01
4.341360330581665039e-01
3.369029164314270020e-01
5.030236840248107910e-01
6.005337238311767578e-01
6.261578798294067383e-01
4.853969514369964600e-01
6.344482898712158203e-01
6.010758280754089355e-01
4.055491685867309570e-01
5.394120216369628906e-01
3.780698180198669434e-01
6.042635440826416016e-01
3.496544063091278076e-01
4.948624968528747559e-01
4.796541929244995117e-01
4.025055170059204102e-01
3.869732916355133057e-01
6.454112529754638672e-01
6.425448656082153320e-01
5.689026117324829102e-01
4.355445504188537598e-01
3.361896574497222900e-01
3.454287350177764893e-01
3.403379321098327637e-01
4.256182014942169189e-01
3.183779418468475342e-01
3.222943842411041260e-01
5.670037269592285156e-01
3.878312408924102783e-01
6.437580585479736328e-01
5.430153012275695801e-01
3.822182416915893555e-01
5.889305472373962402e-01
3.567526042461395264e-01
6.144905090332031250e-01
6.131538152694702148e-01
5.460644960403442383e-01
5.484411716461181641e-01
6.096236705780029297e-01
3.512447178363800049e-01
5.824725031852722168e-01
6.250977516174316406e-01
3.281018733978271484e-01
6.242903470993041992e-01
3.230681121349334717e-01
4.048595130443572998e-01
3.899838924407958984e-01
3.642143309116363525e-01
4.770364761352539062e-01
4.339252412319183350e-01
3.223001062870025635e-01
6.328520178794860840e-01
3.418732285499572754e-01
4.949590265750885010e-01
3.851210474967956543e-01
3.328692913055419922e-01
3.422950208187103271e-01
5.431826710700988770e-01
6.115432381629943848e-01
5.004162192344665527e-01
3.693470954895019531e-01
3.494861423969268799e-01
6.490997672080993652e-01
3.233799934387207031e-01
6.201009750366210938e-01
3.170136213302612305e-01
4.438000917434692383e-01
3.970258831977844238e-01
6.245923638343811035e-01
6.410723924636840820e-01
3.361341655254364014e-01
5.955809950828552246e-01
4.647518396377563477e-01
4.097175598144531250e-01
6.115689873695373535e-01
4.265712499618530273e-01
3.234120905399322510e-01
6.436310410499572754e-01
3.804536759853363037e-01
3.462237417697906494e-01
3.309475183486938477e-01
6.093610525131225586e-01
6.482184529304504395e-01
6.068133711814880371e-01
3.829524815082550049e-01
3.289760053157806396e-01
4.936037361621856689e-01
5.988639593124389648e-01
3.983634710311889648e-01
6.508491039276123047e-01
4.268400967121124268e-01
3.454805612564086914e-01
3.647925853729248047e-01
3.214786946773529053e-01
6.197661757469177246e-01
5.258980393409729004e-01
6.508118510246276855e-01
3.514893352985382080e-01
4.114465415477752686e-01
5.960867404937744141e-01
6.087556481361389160e-01
4.649113714694976807e-01
3.254051804542541504e-01
5.744737982749938965e-01
6.345791220664978027e-01
6.529985666275024414e-01
6.213535666465759277e-01
3.472499251365661621e-01
4.649702906608581543e-01
3.618270158767700195e-01
3.712247908115386963e-01
3.704113364219665527e-01
3.471678197383880615e-01
6.432998776435852051e-01
5.784313678741455078e-01
4.694901108741760254e-01
3.915388882160186768e-01
5.662862062454223633e-01
3.317826986312866211e-01
3.356414735317230225e-01
3.310831785202026367e-01
3.350706696510314941e-01
4.482449293136596680e-01
3.471649587154388428e-01
5.566550493240356445e-01
5.100712180137634277e-01
5.564649105072021484e-01
3.479188382625579834e-01
5.947108864784240723e-01
4.067163765430450439e-01
6.467309594154357910e-01
6.436485648155212402e-01
5.442308783531188965e-01
6.079865694046020508e-01
3.783648014068603516e-01
3.657400012016296387e-01
5.004890561103820801e-01
5.290882587432861328e-01
4.845644831657409668e-01
3.350380659103393555e-01
4.589616358280181885e-01
5.241256356239318848e-01
5.972352027893066406e-01
4.102434217929840088e-01
6.175315380096435547e-01
5.623549818992614746e-01
4.467971622943878174e-01
6.484264731407165527e-01
5.551018714904785156e-01
4.045819938182830811e-01
4.265281260013580322e-01
5.125572085380554199e-01
4.780513048171997070e-01
3.868933320045471191e-01
4.395949840545654297e-01
5.766686201095581055e-01
4.191501438617706299e-01
5.189943909645080566e-01
4.100084900856018066e-01
3.334561884403228760e-01
3.579283058643341064e-01
6.497328281402587891e-01
3.707911074161529541e-01
3.238837420940399170e-01
3.498403131961822510e-01
6.219885349273681641e-01
4.140252172946929932e-01
3.251301050186157227e-01
4.633831679821014404e-01
3.400846123695373535e-01
3.871372640132904053e-01
3.257621228694915771e-01
6.215000152587890625e-01
6.126128435134887695e-01
3.761715590953826904e-01
3.245687186717987061e-01
6.353459954261779785e-01
6.188945174217224121e-01
3.467631638050079346e-01
6.293751597404479980e-01
6.078870892524719238e-01
3.250279128551483154e-01
3.255336880683898926e-01
3.239258229732513428e-01
3.305971324443817139e-01
3.631987273693084717e-01
4.719090461730957031e-01
3.443275988101959229e-01
3.906622231006622314e-01
3.356672525405883789e-01
6.093497276306152344e-01
3.484450280666351318e-01
3.442577421665191650e-01
3.521170914173126221e-01
4.088521599769592285e-01
6.429117321968078613e-01
5.952187776565551758e-01
3.230744302272796631e-01
5.935029387474060059e-01
4.560082852840423584e-01
3.356292843818664551e-01
5.777564048767089844e-01
5.726044178009033203e-01
6.030516028404235840e-01
6.423779726028442383e-01
3.934251666069030762e-01
5.015018582344055176e-01
5.795055627822875977e-01
6.428387761116027832e-01
5.166944265365600586e-01
3.361383974552154541e-01
5.523241758346557617e-01
3.518264293670654297e-01
6.533102393150329590e-01
5.991379618644714355e-01
5.602827072143554688e-01
3.418311774730682373e-01
5.375447869300842285e-01
5.701629519462585449e-01
6.492326855659484863e-01
3.188215792179107666e-01
6.544374227523803711e-01
3.369724154472351074e-01
3.583589196205139160e-01
6.442227959632873535e-01
3.304721117019653320e-01
3.432184755802154541e-01
3.870078921318054199e-01
3.630420565605163574e-01
6.176311969757080078e-01
5.337184667587280273e-01
3.354854285717010498e-01
4.218311309814453125e-01
5.901755094528198242e-01
4.015437662601470947e-01
3.234108984470367432e-01
5.259699821472167969e-01
3.272521793842315674e-01
5.303699374198913574e-01
3.383348882198333740e-01
6.201689243316650391e-01
3.290877938270568848e-01
3.470843732357025146e-01
4.891506135463714600e-01
6.167303919792175293e-01
3.852833509445190430e-01
3.264400064945220947e-01
3.741835057735443115e-01
6.450453996658325195e-01
3.312132358551025391e-01
3.560779988765716553e-01
6.084521412849426270e-01
3.249621093273162842e-01
4.025314748287200928e-01
6.465165615081787109e-01
3.345327079296112061e-01
5.955487489700317383e-01
3.398581445217132568e-01
6.289860010147094727e-01
6.473010182380676270e-01
3.235513567924499512e-01
6.116435527801513672e-01
6.305508613586425781e-01
3.390695750713348389e-01
4.399359822273254395e-01
3.306217193603515625e-01
5.921272635459899902e-01
6.178292632102966309e-01
6.143835186958312988e-01
6.192340254783630371e-01
3.708256781101226807e-01
3.872403502464294434e-01
3.413652181625366211e-01
6.060069203376770020e-01
6.303771734237670898e-01
3.325086534023284912e-01
3.419669866561889648e-01
3.256282806396484375e-01
4.761436879634857178e-01
5.400012731552124023e-01
3.903202414512634277e-01
5.236622095108032227e-01
6.449960470199584961e-01
3.421387374401092529e-01
6.209298372268676758e-01
3.299778699874877930e-01
5.744782686233520508e-01
3.453699052333831787e-01
5.265996456146240234e-01
5.676698088645935059e-01
5.675668716430664062e-01
3.350206017494201660e-01
5.553846955299377441e-01
3.206132352352142334e-01
3.856139183044433594e-01
3.243333101272583008e-01
5.512272119522094727e-01
3.771592378616333008e-01
4.692533910274505615e-01
3.269564509391784668e-01
3.340733349323272705e-01
3.608970344066619873e-01
3.202983438968658447e-01
6.367056369781494141e-01
5.033745169639587402e-01
5.597079992294311523e-01
4.466735124588012695e-01
3.204784691333770752e-01
3.325973749160766602e-01
3.660611212253570557e-01
3.394770920276641846e-01
3.272926211357116699e-01
3.301527202129364014e-01
3.332024514675140381e-01
6.226946115493774414e-01
3.442540466785430908e-01
6.477191448211669922e-01
3.199841082096099854e-01
6.335095763206481934e-01
6.228355765342712402e-01
3.358975648880004883e-01
6.086099147796630859e-01
4.120261967182159424e-01
6.401634216308593750e-01
6.391676664352416992e-01
6.292576789855957031e-01
6.311258673667907715e-01
5.141257643699645996e-01
6.290767788887023926e-01
6.430774331092834473e-01
3.453263640403747559e-01
5.958392024040222168e-01
5.510202050209045410e-01
3.905569911003112793e-01
5.691940188407897949e-01
4.134704768657684326e-01
3.205554783344268799e-01
5.349218845367431641e-01
5.831661820411682129e-01
5.271216630935668945e-01
3.993541896343231201e-01
3.425484895706176758e-01
5.674435496330261230e-01
6.449523568153381348e-01
5.363260507583618164e-01
6.446498036384582520e-01
6.070153713226318359e-01
6.005337238311767578e-01
3.397837877273559570e-01
3.438804447650909424e-01
5.860688090324401855e-01
3.224557936191558838e-01
5.995540022850036621e-01
5.137397050857543945e-01
3.191432058811187744e-01
4.406702518463134766e-01
6.373316049575805664e-01
6.076447367668151855e-01
5.712066888809204102e-01
6.315802335739135742e-01
4.908832609653472900e-01
6.306349039077758789e-01
3.385169804096221924e-01
3.525191247463226318e-01
3.576554954051971436e-01
6.360493302345275879e-01
3.563014268875122070e-01
5.672793388366699219e-01
5.508874058723449707e-01
3.241566419601440430e-01
6.101992726325988770e-01
3.198073804378509521e-01
3.387330770492553711e-01
3.488091230392456055e-01
3.928957283496856689e-01
3.689022362232208252e-01
3.300359249114990234e-01
3.479621708393096924e-01
6.486275792121887207e-01
5.022220611572265625e-01
4.562657773494720459e-01
3.320217430591583252e-01
3.749027550220489502e-01
6.379559636116027832e-01
4.704872071743011475e-01
5.118986964225769043e-01
3.294986486434936523e-01
5.656892061233520508e-01
6.305623054504394531e-01
6.002465486526489258e-01
6.146053075790405273e-01
4.411285519599914551e-01
3.270916640758514404e-01
6.040139794349670410e-01
3.290497958660125732e-01
6.382826566696166992e-01
5.125945210456848145e-01
5.539994835853576660e-01
3.650697171688079834e-01
4.028289318084716797e-01
3.424876034259796143e-01
6.062046885490417480e-01
3.379894196987152100e-01
6.424852013587951660e-01
4.887550175189971924e-01
6.192080974578857422e-01
3.490468859672546387e-01
3.265017271041870117e-01
5.560151338577270508e-01
3.342640697956085205e-01
6.448825597763061523e-01
6.347991824150085449e-01
3.224075138568878174e-01
6.319490671157836914e-01
3.472182750701904297e-01
6.322815418243408203e-01
6.265975236892700195e-01
5.646287202835083008e-01
3.678203821182250977e-01
3.303143382072448730e-01
4.922356009483337402e-01
3.820816874504089355e-01
5.939457416534423828e-01
3.235740363597869873e-01
6.455971598625183105e-01
4.803314805030822754e-01
3.672916591167449951e-01
6.442628502845764160e-01
3.241197466850280762e-01
6.194722056388854980e-01
3.931467235088348389e-01
6.021178960800170898e-01
4.289959073066711426e-01
6.405039429664611816e-01
6.266430020332336426e-01
3.194686472415924072e-01
3.777603507041931152e-01
4.427900016307830811e-01
3.187110126018524170e-01
4.651673138141632080e-01
3.486438095569610596e-01
6.497685313224792480e-01
6.497173309326171875e-01
6.217168569564819336e-01
3.317809104919433594e-01
3.439898192882537842e-01
3.549850583076477051e-01
3.511412739753723145e-01
5.537938475608825684e-01
5.614187121391296387e-01
6.086418032646179199e-01
4.493701756000518799e-01
3.941270112991333008e-01
3.472405374050140381e-01
6.510392427444458008e-01
3.674026429653167725e-01
3.682779371738433838e-01
3.550074696540832520e-01
6.463232636451721191e-01
6.323843598365783691e-01
3.566541373729705811e-01
3.235585987567901611e-01
3.853171467781066895e-01
6.458030343055725098e-01
6.080327033996582031e-01
4.821151494979858398e-01
4.750190377235412598e-01
3.352487981319427490e-01
6.449620127677917480e-01
6.283156871795654297e-01
6.402833461761474609e-01
6.338175535202026367e-01
6.461596488952636719e-01
3.641962409019470215e-01
3.282762765884399414e-01
6.062093973159790039e-01
3.249746561050415039e-01
3.624181151390075684e-01
5.649653673171997070e-01
5.576688051223754883e-01
5.393288135528564453e-01
3.351519405841827393e-01
3.480266928672790527e-01
3.838090896606445312e-01
3.333319425582885742e-01
5.444065928459167480e-01
3.427209556102752686e-01
4.900233745574951172e-01
5.788602232933044434e-01
5.443130731582641602e-01
4.588913023471832275e-01
5.314108133316040039e-01
3.886674344539642334e-01
5.390272140502929688e-01
6.433724761009216309e-01
6.432799100875854492e-01
3.210168182849884033e-01
4.368405044078826904e-01
5.723404288291931152e-01
6.389864087104797363e-01
3.660536408424377441e-01
6.452602744102478027e-01
3.762749731540679932e-01
4.249679148197174072e-01
5.959931612014770508e-01
4.217911362648010254e-01
3.470123708248138428e-01
3.601858913898468018e-01
6.223015785217285156e-01
3.217164278030395508e-01
4.883382618427276611e-01
3.846821486949920654e-01
3.270550668239593506e-01
3.432800471782684326e-01
3.684678971767425537e-01
3.878559768199920654e-01
3.213444054126739502e-01
5.078315734863281250e-01
3.514657616615295410e-01
3.440156280994415283e-01
3.359674215316772461e-01
3.268098533153533936e-01
3.441675603389739990e-01
5.246437788009643555e-01
3.408219814300537109e-01
3.403984606266021729e-01
5.728013515472412109e-01
3.378666043281555176e-01
3.705447316169738770e-01
3.942855000495910645e-01
6.343978047370910645e-01
3.289284408092498779e-01
5.044201612472534180e-01
3.273804485797882080e-01
5.003167986869812012e-01
4.406829476356506348e-01
5.409492254257202148e-01
3.263999223709106445e-01
6.030462980270385742e-01
3.773449659347534180e-01
5.748245716094970703e-01
3.381406962871551514e-01
6.097822785377502441e-01
6.115068197250366211e-01
5.705021619796752930e-01
3.233446478843688965e-01
5.175154805183410645e-01
5.565797090530395508e-01
3.226724267005920410e-01
4.126825332641601562e-01
6.023499369621276855e-01
5.341729521751403809e-01
5.911073088645935059e-01
3.452129364013671875e-01
4.904874563217163086e-01
6.237127184867858887e-01
6.195403933525085449e-01
3.245436549186706543e-01
5.046291947364807129e-01
6.407274007797241211e-01
5.337485074996948242e-01
4.139425456523895264e-01
5.856022238731384277e-01
3.198118209838867188e-01
5.447045564651489258e-01
6.377810835838317871e-01
3.471124470233917236e-01
6.464250087738037109e-01
3.299915790557861328e-01
3.605426251888275146e-01
3.914758861064910889e-01
4.105645716190338135e-01
6.269531250000000000e-01
3.340601921081542969e-01
3.523632586002349854e-01
3.322110474109649658e-01
3.403823375701904297e-01
3.855558037757873535e-01
5.416523814201354980e-01
3.280248939990997314e-01
4.503316283226013184e-01
3.286105990409851074e-01
5.807945728302001953e-01
3.788621723651885986e-01
3.861133158206939697e-01
4.826734662055969238e-01
3.448837101459503174e-01
3.264675438404083252e-01
4.956557750701904297e-01
3.630599379539489746e-01
3.292103409767150879e-01
6.474452614784240723e-01
5.779624581336975098e-01
6.481454372406005859e-01
6.493130922317504883e-01
3.184275031089782715e-01
5.720199346542358398e-01
6.399912238121032715e-01
3.346375823020935059e-01
6.247556805610656738e-01
4.394783377647399902e-01
5.237605571746826172e-01
3.753681182861328125e-01
6.055455803871154785e-01
3.421770334243774414e-01
6.370754241943359375e-01
4.851587414741516113e-01
4.656215012073516846e-01
4.162040352821350098e-01
3.209718763828277588e-01
5.817064046859741211e-01
3.544144332408905029e-01
4.263090789318084717e-01
3.389099538326263428e-01
5.998046994209289551e-01
6.177511811256408691e-01
3.586008548736572266e-01
5.373185873031616211e-01
3.555240333080291748e-01
6.414005160331726074e-01
3.316322565078735352e-01
6.465020179748535156e-01
3.845654428005218506e-01
3.374400436878204346e-01
6.173225045204162598e-01
6.459181904792785645e-01
3.190728425979614258e-01
6.387452483177185059e-01
3.610567748546600342e-01
6.148740649223327637e-01
3.433463573455810547e-01
3.665994703769683838e-01
3.557128012180328369e-01
6.304950714111328125e-01
6.297711133956909180e-01
3.258918523788452148e-01
4.678868055343627930e-01
3.440737724304199219e-01
3.866952657699584961e-01
3.419463336467742920e-01
3.506552278995513916e-01
3.814368546009063721e-01
6.228253841400146484e-01
4.020047485828399658e-01
3.368191123008728027e-01
3.543262183666229248e-01
6.119018793106079102e-01
3.847996294498443604e-01
4.022694230079650879e-01
3.814933300018310547e-01
3.306609988212585449e-01
4.022125005722045898e-01
5.032190680503845215e-01
4.463849961757659912e-01
5.886673927307128906e-01
3.980168402194976807e-01
3.335405588150024414e-01
5.244097709655761719e-01
6.452385187149047852e-01
6.371252536773681641e-01
5.120467543601989746e-01
3.460194766521453857e-01
5.462215542793273926e-01
3.350714147090911865e-01
5.434853434562683105e-01
5.942422747611999512e-01
6.275924444198608398e-01
3.420138955116271973e-01
4.047513604164123535e-01
3.325492143630981445e-01
6.226667761802673340e-01
3.606636226177215576e-01
4.878440499305725098e-01
3.204767107963562012e-01
3.314184844493865967e-01
6.050005555152893066e-01
3.421212732791900635e-01
5.651423335075378418e-01
3.875220715999603271e-01
4.269331097602844238e-01
6.437947154045104980e-01
3.287613093852996826e-01
4.569563269615173340e-01
3.309355676174163818e-01
3.837113380432128906e-01
3.433791399002075195e-01
3.242370188236236572e-01
6.371252536773681641e-01
6.520077586174011230e-01
3.348974585533142090e-01
5.088085532188415527e-01
3.206507861614227295e-01
4.271447956562042236e-01
3.481997847557067871e-01
4.171862602233886719e-01
5.991284251213073730e-01
3.254095017910003662e-01
3.357985615730285645e-01
4.720904827117919922e-01
4.128424227237701416e-01
5.251761078834533691e-01
5.985862612724304199e-01
3.683302700519561768e-01
3.717115223407745361e-01
6.111483573913574219e-01
5.498555898666381836e-01
3.265815079212188721e-01
6.398919224739074707e-01
6.237332820892333984e-01
6.444540023803710938e-01
5.315387845039367676e-01
5.181762576103210449e-01
3.458957374095916748e-01
6.440013051033020020e-01
6.304318904876708984e-01
4.057490229606628418e-01
4.325464963912963867e-01
5.514472126960754395e-01
3.221918046474456787e-01
3.255428671836853027e-01
4.677527248859405518e-01
5.737007260322570801e-01
6.217202544212341309e-01
6.195119619369506836e-01
4.656318724155426025e-01
3.436634540557861328e-01
3.330708742141723633e-01
6.196690201759338379e-01
3.606579899787902832e-01
3.597640395164489746e-01
3.237946927547454834e-01
6.420446634292602539e-01
6.297051906585693359e-01
6.279748678207397461e-01
6.402261257171630859e-01
3.803512156009674072e-01
6.433326005935668945e-01
6.257703304290771484e-01
3.631943464279174805e-01
4.071452319622039795e-01
3.946951925754547119e-01
3.375259041786193848e-01
3.329828083515167236e-01
3.493578732013702393e-01
6.403187513351440430e-01
3.238935470581054688e-01
4.354017078876495361e-01
3.488818705081939697e-01
5.838466882705688477e-01
3.731214702129364014e-01
5.595194697380065918e-01
5.585289597511291504e-01
3.857079148292541504e-01
3.279825747013092041e-01
3.557941317558288574e-01
4.720867574214935303e-01
6.491452455520629883e-01
3.386901617050170898e-01
4.609079062938690186e-01
6.369113922119140625e-01
6.412602066993713379e-01
3.997402489185333252e-01
4.349612891674041748e-01
3.917219936847686768e-01
6.137675642967224121e-01
4.081762731075286865e-01
3.648790717124938965e-01
5.344590544700622559e-01
3.418051004409790039e-01
6.193389296531677246e-01
3.306008875370025635e-01
6.032532453536987305e-01
3.354907929897308350e-01
3.373941183090209961e-01
3.376264870166778564e-01
6.196972727775573730e-01
6.060331463813781738e-01
3.255071341991424561e-01
3.848823010921478271e-01
3.300232887268066406e-01
6.170482635498046875e-01
5.776224732398986816e-01
6.036050319671630859e-01
3.847348093986511230e-01
3.342306017875671387e-01
5.946802496910095215e-01
3.206616938114166260e-01
6.190032958984375000e-01
3.852811455726623535e-01
3.452464640140533447e-01
6.382122635841369629e-01
4.640117287635803223e-01
5.187447071075439453e-01
3.938724100589752197e-01
6.125714182853698730e-01
6.377789378166198730e-01
5.365222692489624023e-01
4.495624005794525146e-01
3.193485438823699951e-01
3.209396302700042725e-01
6.388655900955200195e-01
3.313571214675903320e-01
6.346160173416137695e-01
5.352615118026733398e-01
6.519747376441955566e-01
3.247469961643218994e-01
5.858798623085021973e-01
4.638027846813201904e-01
6.254487633705139160e-01
6.171304583549499512e-01
5.576550960540771484e-01
3.257717490196228027e-01
6.018375754356384277e-01
3.776063323020935059e-01
4.879086613655090332e-01
3.195910751819610596e-01
6.394098997116088867e-01
6.179862022399902344e-01
3.476105332374572754e-01
5.366032719612121582e-01
3.389137387275695801e-01
6.323416829109191895e-01
4.936039745807647705e-01
5.737392306327819824e-01
3.238483071327209473e-01
5.957342982292175293e-01
6.049347519874572754e-01
6.425051689147949219e-01
3.685691654682159424e-01
3.273282945156097412e-01
6.070696115493774414e-01
6.480076313018798828e-01
3.695637881755828857e-01
6.371797919273376465e-01
5.936962962150573730e-01
5.457710623741149902e-01
6.062926650047302246e-01
5.901189446449279785e-01
6.425951123237609863e-01
6.067355871200561523e-01
3.595793843269348145e-01
3.721278607845306396e-01
3.212295472621917725e-01
5.800390243530273438e-01
3.250486850738525391e-01
5.646215081214904785e-01
3.356497883796691895e-01
5.205155611038208008e-01
3.283346295356750488e-01
4.502916336059570312e-01
4.251168370246887207e-01
3.447231650352478027e-01
6.033013463020324707e-01
3.461449146270751953e-01
5.280058383941650391e-01
5.687615871429443359e-01
3.275473117828369141e-01
4.950366616249084473e-01
3.628397583961486816e-01
3.828246891498565674e-01
6.363759040832519531e-01
3.212430477142333984e-01
3.904590308666229248e-01
4.361757934093475342e-01
3.262456953525543213e-01
5.886092185974121094e-01
4.670589268207550049e-01
3.265841901302337646e-01
6.141051054000854492e-01
3.729310333728790283e-01
3.344608843326568604e-01
3.398484885692596436e-01
3.367600440979003906e-01
4.074573516845703125e-01
3.279320299625396729e-01
3.961894512176513672e-01
6.094460487365722656e-01
3.671333491802215576e-01
3.940406739711761475e-01
5.626484751701354980e-01
4.400154650211334229e-01
4.353876113891601562e-01
6.005233526229858398e-01
3.190255463123321533e-01
5.316562056541442871e-01
4.774266779422760010e-01
3.202762305736541748e-01
3.855813741683959961e-01
6.481615304946899414e-01
3.758437335491180420e-01
6.194385290145874023e-01
6.448868513107299805e-01
3.484828174114227295e-01
3.226977288722991943e-01
3.840407431125640869e-01
6.155326366424560547e-01
3.332509994506835938e-01
3.625516891479492188e-01
3.898323774337768555e-01
3.362648487091064453e-01
4.124339520931243896e-01
3.458580374717712402e-01
3.438619375228881836e-01
3.472987413406372070e-01
6.446895599365234375e-01
6.007068753242492676e-01
6.325355172157287598e-01
3.531700670719146729e-01
6.288866996765136719e-01
4.254681468009948730e-01
4.619686007499694824e-01
3.235095441341400146e-01
3.269335925579071045e-01
3.617512881755828857e-01
3.491709530353546143e-01
6.448416113853454590e-01
5.070492625236511230e-01
6.379250884056091309e-01
4.558580219745635986e-01
4.595516920089721680e-01
6.285927891731262207e-01
3.980959653854370117e-01
6.187855005264282227e-01
6.403086781501770020e-01
5.682412981986999512e-01
4.194503128528594971e-01
3.984487354755401611e-01
4.421118795871734619e-01
5.348700284957885742e-01
5.837607979774475098e-01
3.928070664405822754e-01
5.829463005065917969e-01
3.293797373771667480e-01
6.033008694648742676e-01
6.412846446037292480e-01
5.825486183166503906e-01
4.348571300506591797e-01
5.405064821243286133e-01
6.097813844680786133e-01
4.080243110656738281e-01
6.109784245491027832e-01
6.454328298568725586e-01
3.406026661396026611e-01
6.024136543273925781e-01
3.545391261577606201e-01
6.096886992454528809e-01
3.454447984695434570e-01
4.147643744945526123e-01
6.005039811134338379e-01
3.336375653743743896e-01
6.166553497314453125e-01
3.410900831222534180e-01
3.780559003353118896e-01
3.560755848884582520e-01
3.217509686946868896e-01
3.542586565017700195e-01
3.590078055858612061e-01
5.455301403999328613e-01
5.597755908966064453e-01
3.609434664249420166e-01
6.166106462478637695e-01
6.472907066345214844e-01
5.927162170410156250e-01
3.853570222854614258e-01
5.137549042701721191e-01
3.471863865852355957e-01
3.626328110694885254e-01
6.227306127548217773e-01
6.013117432594299316e-01
3.637162148952484131e-01
5.241657495498657227e-01
4.022880196571350098e-01
4.010593891143798828e-01
3.411457240581512451e-01
4.039512276649475098e-01
6.175639033317565918e-01
3.630070388317108154e-01
4.877255260944366455e-01
4.818499684333801270e-01
3.438886106014251709e-01
5.782083272933959961e-01
3.838877379894256592e-01
6.271759867668151855e-01
3.261145055294036865e-01
3.246203660964965820e-01
3.304095864295959473e-01
5.113191008567810059e-01
3.287069797515869141e-01
3.475163578987121582e-01
3.801353573799133301e-01
3.804746866226196289e-01
3.718349039554595947e-01
4.511720836162567139e-01
3.232222497463226318e-01
6.402872204780578613e-01
6.023870110511779785e-01
3.271735608577728271e-01
3.225804567337036133e-01
6.145109534263610840e-01
5.660790205001831055e-01
6.084357500076293945e-01
3.945342302322387695e-01
3.424305617809295654e-01
3.376845419406890869e-01
4.158341884613037109e-01
3.624570071697235107e-01
3.268326818943023682e-01
4.656902551651000977e-01
5.307002663612365723e-01
3.300991058349609375e-01
3.686192035675048828e-01
3.531059920787811279e-01
6.380611658096313477e-01
5.549265146255493164e-01
3.403376638889312744e-01
6.041723489761352539e-01
5.618554353713989258e-01
5.315659642219543457e-01
4.160419106483459473e-01
6.284791827201843262e-01
6.103222370147705078e-01
3.625523447990417480e-01
3.859474062919616699e-01
6.112340092658996582e-01
6.116396784782409668e-01
6.431612372398376465e-01
4.939228594303131104e-01
3.861511349678039551e-01
5.579020380973815918e-01
3.298527896404266357e-01
5.745546817779541016e-01
4.665159583091735840e-01
3.516979515552520752e-01
3.540426194667816162e-01
6.412885189056396484e-01
4.093884229660034180e-01
3.549159169197082520e-01
5.125760436058044434e-01
6.390904188156127930e-01
6.137232184410095215e-01
5.646128654479980469e-01
3.380805253982543945e-01
5.640475153923034668e-01
3.556434810161590576e-01
3.218071460723876953e-01
4.202188849449157715e-01
3.735178709030151367e-01
5.205448269844055176e-01
6.377820372581481934e-01
6.014539003372192383e-01
3.679564595222473145e-01
5.863634347915649414e-01
3.355937302112579346e-01
6.386322975158691406e-01
6.052389740943908691e-01
6.453098058700561523e-01
4.312722682952880859e-01
3.530538678169250488e-01
5.595593452453613281e-01
6.520880460739135742e-01
3.521037995815277100e-01
5.698077082633972168e-01
5.048499703407287598e-01
3.204010128974914551e-01
6.334710717201232910e-01
3.476421535015106201e-01
3.329751491546630859e-01
6.167491674423217773e-01
4.641491174697875977e-01
5.769295096397399902e-01
3.566683530807495117e-01
3.479272127151489258e-01
3.345731496810913086e-01
3.460119366645812988e-01
3.422648906707763672e-01
3.579898774623870850e-01
4.498637616634368896e-01
4.235144257545471191e-01
4.191358387470245361e-01
4.269355535507202148e-01
3.905543088912963867e-01
3.246157169342041016e-01
3.272164165973663330e-01
6.305316090583801270e-01
3.340035080909729004e-01
6.189552545547485352e-01
3.227414786815643311e-01
6.400967836380004883e-01
3.463902175426483154e-01
5.586767196655273438e-01
4.651627242565155029e-01
4.719582200050354004e-01
4.951209127902984619e-01
6.327060461044311523e-01
3.392162322998046875e-01
6.512697935104370117e-01
4.853594005107879639e-01
3.400797247886657715e-01
3.335808217525482178e-01
5.405719876289367676e-01
5.631204843521118164e-01
5.011791586875915527e-01
5.658450722694396973e-01
3.706867694854736328e-01
5.354842543601989746e-01
4.769722223281860352e-01
5.565217137336730957e-01
4.073722958564758301e-01
3.340736925601959229e-01
3.591843843460083008e-01
5.996412038803100586e-01
3.466260135173797607e-01
5.759711265563964844e-01
3.419911861419677734e-01
3.778546750545501709e-01
6.163237094879150391e-01
3.862783312797546387e-01
5.713303685188293457e-01
6.398512125015258789e-01
6.046219468116760254e-01
6.464926600456237793e-01
3.219222128391265869e-01
3.957499563694000244e-01
3.614635169506072998e-01
4.592547118663787842e-01
4.355453252792358398e-01
6.232373714447021484e-01
3.351982533931732178e-01
3.765615522861480713e-01
3.216025829315185547e-01
6.277081370353698730e-01
3.423718214035034180e-01
6.246192455291748047e-01
6.008346080780029297e-01
3.525585234165191650e-01
3.296634256839752197e-01
6.242453455924987793e-01
6.354944705963134766e-01
3.831306695938110352e-01
4.702416062355041504e-01
6.480566263198852539e-01
5.089724659919738770e-01
4.876300394535064697e-01
5.473465323448181152e-01
6.210858225822448730e-01
4.434564113616943359e-01
6.516868472099304199e-01
3.818826973438262939e-01
6.079614162445068359e-01
5.453738570213317871e-01
6.299035549163818359e-01
6.430071592330932617e-01
5.827606320381164551e-01
6.350352764129638672e-01
4.725157022476196289e-01
3.504833281040191650e-01
3.915425539016723633e-01
4.014243185520172119e-01
3.317417204380035400e-01
6.189975738525390625e-01
4.815115928649902344e-01
5.952392220497131348e-01
6.318964958190917969e-01
3.531742691993713379e-01
3.699904680252075195e-01
6.394836902618408203e-01
3.378820121288299561e-01
3.866333067417144775e-01
4.909272789955139160e-01
4.335355162620544434e-01
3.270680308341979980e-01
3.294366300106048584e-01
4.536633491516113281e-01
6.226523518562316895e-01
6.214983463287353516e-01
5.367752313613891602e-01
4.454919397830963135e-01
3.228523433208465576e-01
3.609709143638610840e-01
6.292337179183959961e-01
4.108075499534606934e-01
4.310213923454284668e-01
3.669960498809814453e-01
6.099388003349304199e-01
5.702173113822937012e-01
3.512828052043914795e-01
3.203742206096649170e-01
6.229943037033081055e-01
4.476607739925384521e-01
4.912794232368469238e-01
6.162741780281066895e-01
3.508051335811614990e-01
4.148566126823425293e-01
5.583374500274658203e-01
3.385961353778839111e-01
3.232358992099761963e-01
6.485278010368347168e-01
4.583847522735595703e-01
6.081461310386657715e-01
3.787021636962890625e-01
4.254207909107208252e-01
3.226092755794525146e-01
5.845354795455932617e-01
6.455688476562500000e-01
3.713485300540924072e-01
6.338830590248107910e-01
3.698128759860992432e-01
4.370034337043762207e-01
5.195019841194152832e-01
5.870422124862670898e-01
3.374297320842742920e-01
6.454476118087768555e-01
6.067065000534057617e-01
3.358038961887359619e-01
5.096662044525146484e-01
6.518027186393737793e-01
6.401692032814025879e-01
3.678583800792694092e-01
3.347382247447967529e-01
4.742486178874969482e-01
6.312661170959472656e-01
3.546162843704223633e-01
3.195085823535919189e-01
3.271795511245727539e-01
3.711696267127990723e-01
5.532489418983459473e-01
6.414155960083007812e-01
3.928504586219787598e-01
6.081362962722778320e-01
3.991111814975738525e-01
4.186612069606781006e-01
4.814288020133972168e-01
3.752852380275726318e-01
6.322336792945861816e-01
3.641158938407897949e-01
6.422767043113708496e-01
3.616189658641815186e-01
6.284973621368408203e-01
3.874050080776214600e-01
4.210312366485595703e-01
5.973451137542724609e-01
4.635997116565704346e-01
5.447932481765747070e-01
4.886460900306701660e-01
3.388874828815460205e-01
6.226912140846252441e-01
6.035016775131225586e-01
5.536401867866516113e-01
4.707182645797729492e-01
3.724855184555053711e-01
4.514009654521942139e-01
3.324656486511230469e-01
3.609143495559692383e-01
3.198682963848114014e-01
3.311947584152221680e-01
4.351007640361785889e-01
4.728515744209289551e-01
5.674484372138977051e-01
6.281378865242004395e-01
6.320385932922363281e-01
5.411185622215270996e-01
4.474014937877655029e-01
5.969893932342529297e-01
3.360634744167327881e-01
6.178662776947021484e-01
4.997698068618774414e-01
4.961648881435394287e-01
4.227115809917449951e-01
6.438428759574890137e-01
3.493117988109588623e-01
5.265884399414062500e-01
3.801203966140747070e-01
6.179999709129333496e-01
3.898525238037109375e-01
6.313914060592651367e-01
3.740644752979278564e-01
3.632084727287292480e-01
6.420272588729858398e-01
4.684999585151672363e-01
3.250749707221984863e-01
4.714394211769104004e-01
4.270823597908020020e-01
3.911956250667572021e-01
6.266453266143798828e-01
6.160816550254821777e-01
6.462213397026062012e-01
3.258573114871978760e-01
5.787705779075622559e-01
6.095566749572753906e-01
3.210241794586181641e-01
3.328186273574829102e-01
5.638621449470520020e-01
6.478359699249267578e-01
5.325155258178710938e-01
3.722404837608337402e-01
6.075276136398315430e-01
5.465201735496520996e-01
3.654487133026123047e-01
5.210347175598144531e-01
3.222162127494812012e-01
6.421595811843872070e-01
3.213403224945068359e-01
3.668761849403381348e-01
4.105084240436553955e-01
4.534366130828857422e-01
4.417498111724853516e-01
3.921683430671691895e-01
3.257594406604766846e-01
4.117628931999206543e-01
6.328815817832946777e-01
3.258650302886962891e-01
5.867623686790466309e-01
3.312493860721588135e-01
6.090611815452575684e-01
3.420805335044860840e-01
4.041003584861755371e-01
5.600009560585021973e-01
3.339902162551879883e-01
3.675999939441680908e-01
3.632542490959167480e-01
6.418669819831848145e-01
6.355613470077514648e-01
3.283073008060455322e-01
5.483351945877075195e-01
4.366703331470489502e-01
6.337756514549255371e-01
6.402578353881835938e-01
4.516086876392364502e-01
3.224035501480102539e-01
6.337288022041320801e-01
3.501949608325958252e-01
3.365587890148162842e-01
5.865475535392761230e-01
3.459473848342895508e-01
6.470049619674682617e-01
4.293704032897949219e-01
6.036982536315917969e-01
6.457756757736206055e-01
4.481651782989501953e-01
6.307247281074523926e-01
3.542554378509521484e-01
3.845916390419006348e-01
3.891060352325439453e-01
4.731074273586273193e-01
6.480846405029296875e-01
4.819040596485137939e-01
3.590061366558074951e-01
5.320827364921569824e-01
5.462039113044738770e-01
5.080983638763427734e-01
6.369451880455017090e-01
5.680239796638488770e-01
3.767149150371551514e-01
4.352002739906311035e-01
5.814198255538940430e-01
3.382915854454040527e-01
4.639895856380462646e-01
