3.564894795417785645e-01
4.318005442619323730e-01
3.306092023849487305e-01
3.859298229217529297e-01
3.817333281040191650e-01
4.630019366741180420e-01
5.392056107521057129e-01
2.617296576499938965e-01
6.996415257453918457e-01
4.986553192138671875e-01
5.108212232589721680e-01
3.813147842884063721e-01
4.867070317268371582e-01
5.624462366104125977e-01
2.627495229244232178e-01
3.546008765697479248e-01
1.603282690048217773e-01
4.685032963752746582e-01
4.836498200893402100e-01
4.944627583026885986e-01
3.855404555797576904e-01
5.786399841308593750e-01
6.495543122291564941e-01
2.201207876205444336e-01
5.806947350502014160e-01
4.350038468837738037e-01
3.641119599342346191e-01
3.136020302772521973e-01
2.307391315698623657e-01
6.319943666458129883e-01
7.719188332557678223e-01
4.521446526050567627e-01
4.118340909481048584e-01
2.938507497310638428e-01
3.739317953586578369e-01
3.836199045181274414e-01
3.303217291831970215e-01
7.557278871536254883e-01
6.224842071533203125e-01
6.135533452033996582e-01
3.586933612823486328e-01
4.818347394466400146e-01
6.000303626060485840e-01
5.602980256080627441e-01
5.798704028129577637e-01
1.435767412185668945e-01
5.804058313369750977e-01
6.539116501808166504e-01
6.028880476951599121e-01
5.386306643486022949e-01
5.087188482284545898e-01
4.063816368579864502e-01
3.596926331520080566e-01
3.010893166065216064e-01
6.458956003189086914e-01
6.797179579734802246e-01
2.727133333683013916e-01
1.749185770750045776e-01
3.057669401168823242e-01
4.268266260623931885e-01
4.362399578094482422e-01
5.188570022583007812e-01
2.029629498720169067e-01
2.778844833374023438e-01
5.195360183715820312e-01
1.234979331493377686e-01
6.714801192283630371e-01
7.845856547355651855e-01
3.929086029529571533e-01
6.863436698913574219e-01
8.014250993728637695e-01
1.788315623998641968e-01
5.399023294448852539e-01
4.287202954292297363e-01
1.267357468605041504e-01
2.409503459930419922e-01
3.683864176273345947e-01
5.161516070365905762e-01
2.407328635454177856e-01
4.042918384075164795e-01
5.434069037437438965e-01
5.373715758323669434e-01
1.167106628417968750e-01
6.469052433967590332e-01
5.444519519805908203e-01
3.027637600898742676e-01
5.825904011726379395e-01
2.973980605602264404e-01
5.948475599288940430e-01
2.877595722675323486e-01
5.345002412796020508e-01
2.969342470169067383e-01
1.945051997900009155e-01
5.730633139610290527e-01
4.820445775985717773e-01
6.360397934913635254e-01
5.231357216835021973e-01
3.842585682868957520e-01
7.004662156105041504e-01
4.152341187000274658e-01
7.719393968582153320e-01
3.318861126899719238e-01
6.320636272430419922e-01
2.247596383094787598e-01
5.263936519622802734e-01
3.928855359554290771e-01
4.222494959831237793e-01
3.123851716518402100e-01
1.684269160032272339e-01
4.888525307178497314e-01
5.152161121368408203e-01
7.375736236572265625e-01
3.094964325428009033e-01
4.050673544406890869e-01
4.019055068492889404e-01
5.555959939956665039e-01
3.635619282722473145e-01
4.540050029754638672e-01
3.859998285770416260e-01
3.825685083866119385e-01
1.734794229269027710e-01
4.137696325778961182e-01
5.659790635108947754e-01
2.375350445508956909e-01
6.226400732994079590e-01
7.979544401168823242e-01
5.611217617988586426e-01
5.093919038772583008e-01
1.701454520225524902e-01
4.050587415695190430e-01
2.722640037536621094e-01
4.272823929786682129e-01
4.790803194046020508e-01
1.834850162267684937e-01
3.286429047584533691e-01
3.948347866535186768e-01
4.091574251651763916e-01
1.918966323137283325e-01
3.344429731369018555e-01
3.981712758541107178e-01
1.891061961650848389e-01
7.499911785125732422e-01
2.806605994701385498e-01
7.647939324378967285e-01
4.451981186866760254e-01
2.231047451496124268e-01
8.539768457412719727e-01
7.091069817543029785e-01
6.998684406280517578e-01
8.025836944580078125e-01
3.207369744777679443e-01
6.277474761009216309e-01
1.463871896266937256e-01
2.724580764770507812e-01
2.268470525741577148e-01
4.409974813461303711e-01
1.569815874099731445e-01
2.801387608051300049e-01
