7.208090424537658691e-01
2.361881583929061890e-01
5.969998240470886230e-01
4.156115055084228516e-01
5.129730701446533203e-01
7.155014872550964355e-01
6.259484291076660156e-01
4.871099293231964111e-01
5.875470638275146484e-01
7.792252898216247559e-01
7.137048244476318359e-01
5.748642086982727051e-01
2.352652102708816528e-01
4.009743630886077881e-01
5.865533351898193359e-01
1.113617345690727234e-01
5.077883601188659668e-01
7.690593600273132324e-01
6.177075505256652832e-01
4.353407919406890869e-01
7.926895618438720703e-01
7.744122147560119629e-01
8.382467627525329590e-01
6.652577519416809082e-01
5.537389516830444336e-01
5.609370470046997070e-01
6.246609687805175781e-01
7.688522934913635254e-01
2.428434640169143677e-01
4.590849578380584717e-01
8.861988186836242676e-01
8.536044955253601074e-01
8.218134045600891113e-01
6.795740127563476562e-01
7.235558032989501953e-01
6.852119565010070801e-01
5.210526585578918457e-01
5.788913369178771973e-01
2.462456971406936646e-01
5.421544313430786133e-01
6.939262151718139648e-01
8.309198617935180664e-01
3.132540285587310791e-01
5.691742300987243652e-01
4.363259077072143555e-01
5.711649060249328613e-01
7.703361511230468750e-01
4.207161962985992432e-01
4.881018400192260742e-01
8.179975152015686035e-01
6.486070752143859863e-01
3.882408142089843750e-01
2.074544429779052734e-01
7.056882977485656738e-01
3.077742457389831543e-01
6.413002014160156250e-01
7.942650318145751953e-01
5.105831623077392578e-01
5.797269940376281738e-01
5.094270110130310059e-01
8.207174539566040039e-01
7.973977327346801758e-01
3.109648525714874268e-01
4.715147614479064941e-01
4.120278358459472656e-01
3.695887029170989990e-01
6.150581240653991699e-01
2.744933068752288818e-01
7.789733409881591797e-01
6.678561568260192871e-01
2.355881035327911377e-01
3.465728163719177246e-01
7.058183550834655762e-01
2.178849428892135620e-01
4.588134884834289551e-01
7.715431451797485352e-01
8.571780323982238770e-01
7.914559841156005859e-01
6.908084154129028320e-01
3.152941465377807617e-01
6.011993885040283203e-01
2.748076915740966797e-01
7.603590488433837891e-01
7.980390787124633789e-01
6.360768079757690430e-01
7.595144510269165039e-01
8.513790369033813477e-01
3.553022444248199463e-01
5.437154769897460938e-01
1.419398337602615356e-01
7.202887535095214844e-01
3.553211688995361328e-01
1.543352305889129639e-01
5.832338333129882812e-01
4.281909763813018799e-01
6.063834428787231445e-01
6.665370464324951172e-01
6.741613149642944336e-01
6.426705718040466309e-01
7.011158466339111328e-01
3.499527871608734131e-01
5.806648731231689453e-01
7.953569889068603516e-01
3.615721762180328369e-01
4.086568057537078857e-01
6.485707163810729980e-01
4.390709102153778076e-01
6.168311834335327148e-01
3.756322860717773438e-01
7.973533272743225098e-01
8.471595644950866699e-01
7.186447381973266602e-01
6.136711835861206055e-01
5.079726576805114746e-01
4.389564990997314453e-01
7.309359908103942871e-01
8.222579360008239746e-01
7.849071621894836426e-01
3.621915578842163086e-01
7.366492152214050293e-01
7.818468213081359863e-01
1.310064047574996948e-01
5.699773430824279785e-01
2.751012444496154785e-01
8.133850693702697754e-01
5.599151253700256348e-01
9.006477594375610352e-01
7.764568924903869629e-01
8.281809687614440918e-01
6.500281691551208496e-01
7.863241434097290039e-01
7.571848034858703613e-01
3.191761672496795654e-01
2.374126166105270386e-01
7.302670478820800781e-01
2.090162932872772217e-01
7.912734746932983398e-01
4.755507707595825195e-01
4.349983036518096924e-01
6.859735250473022461e-01
7.534655332565307617e-01
7.507591843605041504e-01
6.633825302124023438e-01
3.144516050815582275e-01
3.667472600936889648e-01
8.828203082084655762e-01
3.808175623416900635e-01
8.436807394027709961e-01
6.542726755142211914e-01
3.898198902606964111e-01
6.487228274345397949e-01
4.472436308860778809e-01
7.180407047271728516e-01
5.275887250900268555e-01
7.439306378364562988e-01
7.538352012634277344e-01
7.482837438583374023e-01
7.125526666641235352e-01
