2.469386905431747437e-01
4.013223350048065186e-01
5.606542825698852539e-01
2.478584349155426025e-01
4.083558022975921631e-01
5.517084002494812012e-01
7.152065634727478027e-01
7.269831895828247070e-01
5.188606381416320801e-01
4.061787426471710205e-01
4.531211256980895996e-01
6.328022480010986328e-01
7.084876894950866699e-01
5.893725156784057617e-01
5.738416910171508789e-01
2.169439047574996948e-01
5.529990792274475098e-01
7.655038833618164062e-01
4.554956257343292236e-01
3.569143414497375488e-01
5.658291578292846680e-01
2.211038619279861450e-01
5.933648943901062012e-01
4.611730277538299561e-01
8.022846579551696777e-01
7.077826857566833496e-01
4.920923113822937012e-01
7.853272557258605957e-01
7.084894180297851562e-01
5.467602014541625977e-01
5.432622432708740234e-01
7.997567057609558105e-01
3.050193786621093750e-01
6.637644767761230469e-01
2.739510536193847656e-01
2.035288661718368530e-01
1.969181895256042480e-01
7.438223361968994141e-01
2.274875789880752563e-01
2.616159319877624512e-01
2.135858386754989624e-01
5.135218501091003418e-01
7.159777879714965820e-01
5.573694109916687012e-01
6.571668982505798340e-01
5.859659910202026367e-01
1.859583407640457153e-01
4.941721558570861816e-01
3.601400554180145264e-01
8.507388234138488770e-01
5.946393609046936035e-01
5.237928628921508789e-01
3.608155846595764160e-01
4.335483908653259277e-01
3.909364044666290283e-01
8.513131141662597656e-01
1.924384534358978271e-01
6.027546525001525879e-01
8.020302653312683105e-01
2.903154790401458740e-01
4.895889461040496826e-01
6.959073543548583984e-01
4.392047226428985596e-01
4.514181017875671387e-01
2.676983773708343506e-01
7.841249108314514160e-01
4.929926991462707520e-01
4.760025441646575928e-01
2.652958333492279053e-01
3.535749316215515137e-01
3.696436285972595215e-01
8.580306768417358398e-01
3.699753582477569580e-01
5.875177979469299316e-01
5.898754596710205078e-01
4.855441153049468994e-01
6.757352948188781738e-01
6.816362142562866211e-01
3.415875732898712158e-01
4.360074102878570557e-01
4.123037159442901611e-01
2.061695754528045654e-01
6.526194810867309570e-01
1.289666146039962769e-01
1.280230730772018433e-01
7.754130959510803223e-01
1.483997255563735962e-01
2.142873257398605347e-01
6.245732307434082031e-01
3.534460961818695068e-01
8.275285959243774414e-01
4.634467661380767822e-01
3.680594563484191895e-01
6.255807876586914062e-01
5.765988230705261230e-01
1.639246642589569092e-01
7.275848984718322754e-01
4.448055326938629150e-01
6.901378631591796875e-01
6.260602474212646484e-01
2.115492522716522217e-01
4.946600198745727539e-01
2.936922013759613037e-01
4.262563884258270264e-01
3.805275261402130127e-01
6.168341040611267090e-01
3.167274296283721924e-01
3.404110372066497803e-01
2.832629978656768799e-01
4.199047982692718506e-01
6.848190426826477051e-01
7.370191216468811035e-01
5.622805356979370117e-01
5.333913564682006836e-01
5.461078882217407227e-01
3.264970481395721436e-01
1.692532747983932495e-01
4.776804745197296143e-01
6.486753821372985840e-01
6.020208597183227539e-01
4.750748872756958008e-01
6.520374417304992676e-01
4.702151417732238770e-01
7.398081421852111816e-01
5.110698342323303223e-01
2.548406124114990234e-01
3.306801319122314453e-01
6.629079580307006836e-01
5.140987634658813477e-01
7.223483324050903320e-01
5.938823819160461426e-01
1.533648073673248291e-01
1.225499063730239868e-01
3.505502939224243164e-01
5.932704806327819824e-01
2.474178373813629150e-01
1.609524339437484741e-01
6.842071413993835449e-01
6.428623199462890625e-01
5.570052266120910645e-01
4.512482285499572754e-01
4.266289472579956055e-01
2.491521537303924561e-01
2.657387256622314453e-01
5.806381106376647949e-01
3.209389150142669678e-01
2.500586509704589844e-01
2.843143641948699951e-01
8.045250177383422852e-01
6.493457555770874023e-01
4.962003231048583984e-01
5.491850376129150391e-01
7.006947398185729980e-01
3.523238301277160645e-01
5.791896581649780273e-01
7.584896683692932129e-01
5.673205256462097168e-01
5.565818548202514648e-01
