7.508798837661743164e-01
5.620300173759460449e-01
8.404834270477294922e-01
5.613251328468322754e-01
4.507710635662078857e-01
6.562998890876770020e-01
4.900966584682464600e-01
6.739621162414550781e-01
6.017522215843200684e-01
7.070529460906982422e-01
7.695268392562866211e-01
5.481745600700378418e-01
7.372763156890869141e-01
4.770940840244293213e-01
2.981701195240020752e-01
3.733535110950469971e-01
6.998551487922668457e-01
5.150038599967956543e-01
5.143007636070251465e-01
5.937852859497070312e-01
8.354098200798034668e-01
2.770915627479553223e-01
8.708083033561706543e-01
4.831357002258300781e-01
7.868416905403137207e-01
8.970988392829895020e-01
6.063925027847290039e-01
2.964219450950622559e-01
6.521759033203125000e-01
7.684569358825683594e-01
2.804426550865173340e-01
4.592390656471252441e-01
6.704456210136413574e-01
5.758264660835266113e-01
5.593715906143188477e-01
4.163485765457153320e-01
7.288129329681396484e-01
4.460524022579193115e-01
1.518373042345046997e-01
7.544810771942138672e-01
6.962733864784240723e-01
5.818160772323608398e-01
4.661161303520202637e-01
8.048359751701354980e-01
4.302189946174621582e-01
5.313908457756042480e-01
7.067828178405761719e-01
7.482523918151855469e-01
8.070662021636962891e-01
3.430591225624084473e-01
2.347538024187088013e-01
6.360826492309570312e-01
7.987841963768005371e-01
6.716551780700683594e-01
6.324539184570312500e-01
8.226262927055358887e-01
7.962667346000671387e-01
6.657547354698181152e-01
8.459782600402832031e-01
7.810600399971008301e-01
5.622242093086242676e-01
4.044740796089172363e-01
3.879400491714477539e-01
4.303555786609649658e-01
5.462875962257385254e-01
5.195561647415161133e-01
3.297138810157775879e-01
6.861872076988220215e-01
7.544001340866088867e-01
8.458466529846191406e-01
7.541787624359130859e-01
6.936623454093933105e-01
5.992546677589416504e-01
7.217124700546264648e-01
6.989296674728393555e-01
7.889842987060546875e-01
5.383217930793762207e-01
5.097420811653137207e-01
3.571861088275909424e-01
7.620674371719360352e-01
6.862069368362426758e-01
8.051289319992065430e-01
6.840671896934509277e-01
5.460246205329895020e-01
5.563979148864746094e-01
4.633594751358032227e-01
6.010487675666809082e-01
5.194561481475830078e-01
6.839454174041748047e-01
7.228572368621826172e-01
3.949151039123535156e-01
4.724847674369812012e-01
8.260508775711059570e-01
4.627148807048797607e-01
5.285971760749816895e-01
6.770666837692260742e-01
4.825136661529541016e-01
4.400072395801544189e-01
7.594316601753234863e-01
7.418496608734130859e-01
6.936236023902893066e-01
2.466619610786437988e-01
5.546225905418395996e-01
6.477685570716857910e-01
6.114939451217651367e-01
8.472203016281127930e-01
5.946230888366699219e-01
8.129528760910034180e-01
7.971765995025634766e-01
6.704012751579284668e-01
4.462608397006988525e-01
5.646135210990905762e-01
4.360922276973724365e-01
4.243754744529724121e-01
7.643445730209350586e-01
5.711808204650878906e-01
7.599967122077941895e-01
5.749625563621520996e-01
3.510732650756835938e-01
5.201928019523620605e-01
4.184173643589019775e-01
8.447055816650390625e-01
5.127424597740173340e-01
6.077053546905517578e-01
8.197344541549682617e-01
8.430347442626953125e-01
1.397845745086669922e-01
7.521441578865051270e-01
5.254347324371337891e-01
5.880901813507080078e-01
6.461435556411743164e-01
4.887626469135284424e-01
5.613684654235839844e-01
3.926601707935333252e-01
8.461480140686035156e-01
8.019526004791259766e-01
6.411722898483276367e-01
8.022400736808776855e-01
5.992856025695800781e-01
8.209456205368041992e-01
8.254383206367492676e-01
5.880010128021240234e-01
5.762887001037597656e-01
6.130055189132690430e-01
4.092759490013122559e-01
8.511384725570678711e-01
7.826546430587768555e-01
3.421313762664794922e-01
7.819823622703552246e-01
3.597218394279479980e-01
3.411912322044372559e-01
6.308500170707702637e-01
4.271770715713500977e-01
6.071324944496154785e-01
7.211371064186096191e-01
6.301114559173583984e-01
4.287040531635284424e-01
7.090288996696472168e-01
7.761157751083374023e-01
