2.592726945877075195e-01
7.667225003242492676e-01
3.018215000629425049e-01
8.880876898765563965e-01
6.414863467216491699e-01
7.302325963973999023e-01
6.784673929214477539e-01
8.546565771102905273e-01
2.288444936275482178e-01
7.350233793258666992e-01
4.699039459228515625e-01
7.043526768684387207e-01
3.092738389968872070e-01
3.477236628532409668e-01
3.895719647407531738e-01
2.248713523149490356e-01
4.130437374114990234e-01
5.438930988311767578e-01
7.650744318962097168e-01
3.348247110843658447e-01
6.762890219688415527e-01
3.518576323986053467e-01
5.439569950103759766e-01
5.128326416015625000e-01
8.052150607109069824e-01
5.197867751121520996e-01
4.938729703426361084e-01
7.368029952049255371e-01
2.817826569080352783e-01
3.586140573024749756e-01
5.961853265762329102e-01
7.529646158218383789e-01
3.729800581932067871e-01
7.521544098854064941e-01
7.765260934829711914e-01
8.438564538955688477e-01
7.396829724311828613e-01
4.276689291000366211e-01
7.723543643951416016e-01
2.976939380168914795e-01
7.133749723434448242e-01
4.927143752574920654e-01
5.517820119857788086e-01
1.866046786308288574e-01
2.803626358509063721e-01
5.537053346633911133e-01
7.772145271301269531e-01
3.538687825202941895e-01
7.984740138053894043e-01
6.381235122680664062e-01
7.933048605918884277e-01
5.061479806900024414e-01
3.701421022415161133e-01
7.274180650711059570e-01
2.542557418346405029e-01
6.718896031379699707e-01
8.737711906433105469e-01
7.556139826774597168e-01
5.287533998489379883e-01
4.957755804061889648e-01
6.955302357673645020e-01
4.646943211555480957e-01
2.264321595430374146e-01
6.351684927940368652e-01
3.575531840324401855e-01
5.687345862388610840e-01
4.978144764900207520e-01
6.679559946060180664e-01
4.375698268413543701e-01
4.852088987827301025e-01
1.819405108690261841e-01
7.340102642774581909e-02
3.121796250343322754e-01
6.860632896423339844e-01
2.590781450271606445e-01
7.839936614036560059e-01
3.176418244838714600e-01
5.556441545486450195e-01
1.820677667856216431e-01
3.603036403656005859e-01
2.536394894123077393e-01
3.452248573303222656e-01
3.125088512897491455e-01
1.783513426780700684e-01
6.203246712684631348e-01
1.918852925300598145e-01
3.447449207305908203e-01
6.977865695953369141e-01
4.529827833175659180e-01
5.317122340202331543e-01
4.023360311985015869e-01
6.522727012634277344e-01
8.074463605880737305e-01
4.009406268596649170e-01
2.329693585634231567e-01
2.378175556659698486e-01
6.054568886756896973e-01
2.901293635368347168e-01
4.467076063156127930e-01
7.866320610046386719e-01
7.616188526153564453e-01
7.488756179809570312e-01
4.261099696159362793e-01
6.727584600448608398e-01
7.234776616096496582e-01
4.764581620693206787e-01
2.762117683887481689e-01
4.376300871372222900e-01
5.687802433967590332e-01
5.241435766220092773e-01
4.297462999820709229e-01
2.162717878818511963e-01
3.705688118934631348e-01
6.166812777519226074e-01
5.006623268127441406e-01
3.515944182872772217e-01
8.042895197868347168e-01
5.708369612693786621e-01
7.035155296325683594e-01
2.474133819341659546e-01
3.289031982421875000e-01
6.668077111244201660e-01
8.171981573104858398e-01
8.778686523437500000e-01
6.975339651107788086e-01
3.978278338909149170e-01
3.718739151954650879e-01
5.441369414329528809e-01
4.487141668796539307e-01
5.464042425155639648e-01
8.444225192070007324e-01
1.657550036907196045e-01
5.682757496833801270e-01
6.956618428230285645e-01
8.012931346893310547e-01
5.588181614875793457e-01
5.065633058547973633e-01
4.144783318042755127e-01
5.151969790458679199e-01
2.836728692054748535e-01
6.269045472145080566e-01
1.817665696144104004e-01
4.869607686996459961e-01
6.854398846626281738e-01
8.115406036376953125e-01
5.834350585937500000e-01
7.054233551025390625e-01
3.617388010025024414e-01
1.438371092081069946e-01
4.550832211971282959e-01
4.937134385108947754e-01
5.234457254409790039e-01
3.655980825424194336e-01
5.821741819381713867e-01
5.402491092681884766e-01
8.046919703483581543e-01
6.596195697784423828e-01
3.705931603908538818e-01
4.290077388286590576e-01
