4.072345495223999023e-01
4.484953284263610840e-01
5.681527853012084961e-01
5.984215736389160156e-01
3.697020709514617920e-01
4.560644626617431641e-01
4.111142158508300781e-01
4.120017588138580322e-01
3.810287714004516602e-01
4.945739805698394775e-01
4.871174097061157227e-01
3.510659933090209961e-01
3.541364371776580811e-01
5.945166349411010742e-01
5.057405233383178711e-01
3.775572180747985840e-01
5.937121510505676270e-01
3.471313416957855225e-01
3.711129724979400635e-01
6.103927493095397949e-01
4.506680369377136230e-01
3.588709831237792969e-01
5.659623146057128906e-01
5.105321407318115234e-01
5.690712928771972656e-01
3.759112954139709473e-01
5.161329507827758789e-01
4.957823157310485840e-01
5.991910099983215332e-01
4.545119106769561768e-01
3.872844576835632324e-01
3.640179038047790527e-01
4.727805554866790771e-01
5.948455333709716797e-01
4.174766242504119873e-01
6.146241426467895508e-01
5.388495922088623047e-01
4.324656128883361816e-01
3.970876038074493408e-01
3.594384193420410156e-01
3.644610047340393066e-01
3.457801938056945801e-01
3.490521311759948730e-01
6.205191016197204590e-01
3.552320897579193115e-01
4.249953031539916992e-01
4.227662384510040283e-01
6.199841499328613281e-01
6.051763892173767090e-01
5.899345874786376953e-01
5.197593569755554199e-01
3.438454568386077881e-01
5.262387394905090332e-01
4.825345277786254883e-01
4.960890710353851318e-01
3.532707691192626953e-01
5.378555655479431152e-01
4.913121163845062256e-01
6.062968373298645020e-01
4.423575103282928467e-01
6.080627441406250000e-01
5.680617690086364746e-01
4.723691940307617188e-01
3.459897339344024658e-01
5.718998908996582031e-01
4.431257545948028564e-01
5.730454921722412109e-01
4.909071624279022217e-01
6.046778559684753418e-01
3.696215450763702393e-01
3.897017538547515869e-01
5.498116612434387207e-01
3.997713923454284668e-01
4.505977034568786621e-01
5.416917204856872559e-01
6.099370121955871582e-01
3.612520992755889893e-01
4.814208447933197021e-01
5.787951946258544922e-01
4.041299521923065186e-01
5.997662544250488281e-01
3.460201919078826904e-01
5.871006846427917480e-01
5.887983441352844238e-01
3.541982471942901611e-01
4.698233306407928467e-01
4.930079877376556396e-01
5.109820365905761719e-01
4.465093016624450684e-01
3.541421592235565186e-01
3.496238589286804199e-01
3.663036227226257324e-01
5.865840911865234375e-01
3.925795257091522217e-01
4.580411612987518311e-01
3.545650839805603027e-01
3.559948205947875977e-01
4.456526935100555420e-01
4.620798528194427490e-01
6.087090969085693359e-01
3.754643499851226807e-01
4.497769474983215332e-01
4.425208270549774170e-01
5.920602679252624512e-01
6.131480336189270020e-01
5.287913680076599121e-01
3.812864422798156738e-01
5.734624266624450684e-01
3.614288270473480225e-01
3.579922616481781006e-01
3.470797836780548096e-01
4.272329211235046387e-01
6.286129355430603027e-01
5.894033312797546387e-01
3.527424037456512451e-01
4.791955351829528809e-01
6.105467081069946289e-01
5.555318593978881836e-01
6.258695125579833984e-01
4.069286584854125977e-01
3.528926968574523926e-01
6.106538176536560059e-01
6.225657463073730469e-01
6.033825874328613281e-01
3.626355230808258057e-01
5.861987471580505371e-01
6.244247555732727051e-01
5.782414674758911133e-01
5.820067524909973145e-01
4.976344406604766846e-01
5.223118066787719727e-01
6.205968260765075684e-01
3.513869643211364746e-01
5.473532080650329590e-01
6.200583577156066895e-01
5.066123008728027344e-01
3.538800776004791260e-01
5.812716484069824219e-01
3.815119862556457520e-01
3.616023063659667969e-01
4.027922153472900391e-01
6.288352608680725098e-01
6.132398843765258789e-01
4.389562308788299561e-01
4.549191892147064209e-01
5.179540514945983887e-01
3.717318475246429443e-01
5.266766548156738281e-01
5.908905267715454102e-01
4.144463539123535156e-01
6.151496171951293945e-01
3.528248965740203857e-01
6.142853498458862305e-01
4.763935506343841553e-01
5.388367772102355957e-01
3.540849983692169189e-01
3.674374818801879883e-01
5.530894994735717773e-01
3.488820493221282959e-01
3.751456439495086670e-01
5.065591931343078613e-01
4.896399676799774170e-01
3.592786490917205811e-01
5.814174413681030273e-01
3.460167050361633301e-01
3.939058780670166016e-01
5.030320882797241211e-01
3.698146641254425049e-01
5.996176600456237793e-01
5.160898566246032715e-01
3.609389960765838623e-01
5.691457390785217285e-01
5.962615013122558594e-01
6.187724471092224121e-01
4.525994062423706055e-01
3.650670945644378662e-01
4.004801511764526367e-01
5.950782299041748047e-01
4.630710482597351074e-01
6.114913225173950195e-01
5.890034437179565430e-01
5.136525630950927734e-01
4.661116302013397217e-01
4.497432708740234375e-01
3.840931355953216553e-01
3.658610880374908447e-01
3.790039420127868652e-01
3.864660561084747314e-01
3.660295307636260986e-01
3.539252877235412598e-01
3.484858572483062744e-01
3.969264924526214600e-01
5.554060935974121094e-01
4.350065886974334717e-01
3.536173999309539795e-01
5.210767388343811035e-01
3.770940601825714111e-01
5.571715831756591797e-01
4.887256920337677002e-01
3.649830222129821777e-01
5.189749002456665039e-01
6.039012074470520020e-01
4.788376390933990479e-01
4.439634680747985840e-01
5.962219834327697754e-01
3.997817933559417725e-01
5.470378398895263672e-01
6.173229813575744629e-01
4.095067679882049561e-01
5.169961452484130859e-01
3.739755451679229736e-01
3.875920474529266357e-01
3.567448556423187256e-01
3.594199717044830322e-01
3.722275495529174805e-01
3.629504442214965820e-01
4.024282991886138916e-01
4.262001514434814453e-01
5.051797032356262207e-01
3.836483657360076904e-01
3.781437575817108154e-01
3.616537749767303467e-01
5.017818212509155273e-01
3.633839190006256104e-01
3.715485036373138428e-01
4.341542124748229980e-01
3.632251322269439697e-01
6.126207113265991211e-01
3.501129448413848877e-01
6.171437501907348633e-01
4.416217207908630371e-01
3.855139017105102539e-01
4.904129803180694580e-01
5.427093505859375000e-01
3.592277765274047852e-01
4.394796788692474365e-01
5.479371547698974609e-01
3.558827936649322510e-01
4.511700272560119629e-01
3.503550291061401367e-01
5.080330967903137207e-01
4.370654523372650146e-01
3.595257401466369629e-01
3.637571930885314941e-01
5.355728268623352051e-01
4.226908683776855469e-01
5.649049282073974609e-01
4.280827343463897705e-01
5.028323531150817871e-01
4.893974959850311279e-01
5.040965080261230469e-01
4.846490323543548584e-01
4.460630416870117188e-01
3.666823506355285645e-01
5.457986593246459961e-01
6.159964799880981445e-01
5.286189913749694824e-01
3.727407455444335938e-01
5.615376234054565430e-01
4.422569572925567627e-01
6.094757318496704102e-01
5.266041159629821777e-01
5.767824053764343262e-01
3.536486625671386719e-01
4.583882093429565430e-01
6.146010756492614746e-01
3.824234306812286377e-01
4.847748577594757080e-01
5.561813712120056152e-01
5.963730216026306152e-01
5.344642400741577148e-01
5.059186220169067383e-01
4.344797432422637939e-01
3.842339515686035156e-01
4.098221063613891602e-01
3.610767722129821777e-01
3.824977874755859375e-01
5.688063502311706543e-01
3.996617794036865234e-01
4.068975448608398438e-01
6.114838123321533203e-01
5.182383060455322266e-01
5.738360285758972168e-01
6.213454604148864746e-01
4.906846880912780762e-01
4.209097325801849365e-01
3.562248647212982178e-01
4.687103629112243652e-01
5.059527754783630371e-01
3.902914822101593018e-01
3.645589649677276611e-01
5.294806361198425293e-01
5.867427587509155273e-01
4.284645617008209229e-01
4.629904925823211670e-01
4.088587760925292969e-01
6.097971200942993164e-01
5.320404767990112305e-01
3.671771287918090820e-01
3.516112565994262695e-01
6.070638298988342285e-01
4.377524554729461670e-01
4.244596660137176514e-01
3.763929605484008789e-01
5.478699207305908203e-01
3.461026847362518311e-01
5.600973367691040039e-01
6.144757866859436035e-01
6.195226311683654785e-01
5.543759465217590332e-01
6.163424253463745117e-01
5.482156276702880859e-01
5.849891304969787598e-01
4.372648596763610840e-01
3.644419908523559570e-01
5.767081379890441895e-01
5.675331950187683105e-01
3.488064706325531006e-01
3.722239136695861816e-01
5.790910124778747559e-01
5.131036043167114258e-01
6.006385684013366699e-01
5.678892731666564941e-01
3.559624254703521729e-01
5.665088295936584473e-01
4.206734597682952881e-01
5.304166078567504883e-01
4.600648880004882812e-01
5.844845175743103027e-01
5.500497817993164062e-01
5.875323414802551270e-01
6.012685298919677734e-01
5.796788334846496582e-01
5.690275430679321289e-01
4.923274517059326172e-01
4.013848602771759033e-01
5.302811264991760254e-01
3.612058162689208984e-01
5.835347175598144531e-01
4.548245370388031006e-01
3.775712549686431885e-01
3.570926487445831299e-01
3.815476000308990479e-01
6.073907613754272461e-01
5.827848911285400391e-01
5.499388575553894043e-01
4.918026626110076904e-01
3.749461770057678223e-01
4.981885254383087158e-01
3.570305109024047852e-01
4.833032190799713135e-01
4.444792866706848145e-01
3.875284492969512939e-01
5.540676116943359375e-01
4.333204925060272217e-01
5.841340422630310059e-01
4.658841788768768311e-01
4.628480374813079834e-01
3.698962628841400146e-01
6.043803691864013672e-01
5.299946665763854980e-01
3.488104343414306641e-01
6.086299419403076172e-01
5.827397704124450684e-01
3.854260444641113281e-01
3.447873890399932861e-01
6.188359260559082031e-01
4.010847806930541992e-01
4.466924965381622314e-01
5.988122820854187012e-01
5.758353471755981445e-01
3.788442909717559814e-01
5.877443552017211914e-01
3.679273426532745361e-01
5.719558596611022949e-01
6.204224228858947754e-01
3.656790852546691895e-01
5.697767734527587891e-01
6.185739040374755859e-01
5.067446827888488770e-01
4.382054805755615234e-01
5.703713893890380859e-01
4.361390471458435059e-01
5.893828868865966797e-01
3.567580580711364746e-01
4.920061826705932617e-01
5.765733718872070312e-01
3.508314788341522217e-01
4.654105305671691895e-01
3.933138847351074219e-01
4.100611507892608643e-01
3.899610936641693115e-01
4.318549036979675293e-01
5.506680011749267578e-01
3.558144867420196533e-01
5.858874917030334473e-01
5.862109661102294922e-01
3.856451809406280518e-01
4.836417734622955322e-01
3.811465203762054443e-01
5.935682654380798340e-01
6.065442562103271484e-01
3.764512538909912109e-01
3.604193627834320068e-01
3.603464663028717041e-01
5.565397739410400391e-01
5.883506536483764648e-01
5.404971837997436523e-01
6.163052320480346680e-01
5.342004895210266113e-01
5.546963810920715332e-01
3.527165949344635010e-01
6.149756908416748047e-01
3.518694341182708740e-01
4.085475504398345947e-01
6.013388633728027344e-01
6.265548467636108398e-01
6.078374385833740234e-01
5.044379830360412598e-01
3.720227777957916260e-01
6.010277271270751953e-01
5.050585269927978516e-01
3.621302545070648193e-01
4.715063869953155518e-01
3.541759550571441650e-01
5.662280917167663574e-01
6.042259335517883301e-01
5.978142619132995605e-01
4.430908858776092529e-01
4.113068282604217529e-01
6.153663992881774902e-01
4.351079165935516357e-01
4.462049305438995361e-01
5.595096349716186523e-01
4.518688917160034180e-01
3.585906922817230225e-01
5.936684012413024902e-01
3.690393269062042236e-01
4.949882924556732178e-01
6.082830429077148438e-01
5.883979201316833496e-01
4.860578477382659912e-01
3.716722726821899414e-01
6.207264065742492676e-01
6.099892258644104004e-01
3.817044198513031006e-01
3.668283820152282715e-01
5.035707950592041016e-01
3.971931338310241699e-01
3.920638859272003174e-01
3.959299623966217041e-01
3.939851820468902588e-01
3.592619895935058594e-01
3.567424714565277100e-01
3.505826294422149658e-01
5.450913906097412109e-01
4.837107062339782715e-01
3.626731336116790771e-01
3.817707300186157227e-01
4.090619981288909912e-01
3.538700938224792480e-01
5.575100779533386230e-01
4.331400990486145020e-01
4.383879601955413818e-01
3.445896506309509277e-01
5.784248113632202148e-01
5.685626864433288574e-01
5.681238770484924316e-01
3.753917515277862549e-01
3.761066198348999023e-01
3.657022416591644287e-01
3.753626644611358643e-01
3.536297976970672607e-01
3.710360229015350342e-01
6.052852272987365723e-01
5.951585769653320312e-01
4.777559936046600342e-01
5.339789390563964844e-01
3.441864848136901855e-01
6.043655872344970703e-01
3.923052251338958740e-01
5.603587627410888672e-01
5.618394017219543457e-01
5.933692455291748047e-01
5.703988075256347656e-01
3.806522786617279053e-01
3.607360124588012695e-01
3.552539348602294922e-01
3.621722161769866943e-01
3.620670437812805176e-01
5.162018537521362305e-01
3.606743812561035156e-01
6.056588292121887207e-01
6.227379441261291504e-01
5.012866258621215820e-01
6.213133931159973145e-01
3.720635175704956055e-01
6.161522269248962402e-01
4.443970620632171631e-01
4.207617640495300293e-01
3.580433130264282227e-01
3.761377632617950439e-01
5.133295059204101562e-01
5.103880167007446289e-01
5.194877386093139648e-01
3.510648012161254883e-01
3.624974191188812256e-01
3.717713356018066406e-01
4.133007228374481201e-01
6.153848171234130859e-01
3.997926712036132812e-01
4.306155443191528320e-01
3.995855450630187988e-01
3.838564157485961914e-01
6.047610640525817871e-01
4.428929984569549561e-01
6.195424795150756836e-01
5.907157659530639648e-01
4.310947358608245850e-01
3.963932096958160400e-01
3.576178550720214844e-01
6.091726422309875488e-01
6.246367692947387695e-01
6.010680794715881348e-01
4.816184639930725098e-01
4.609211385250091553e-01
3.589431643486022949e-01
3.854883909225463867e-01
4.671730995178222656e-01
5.943740606307983398e-01
3.743712902069091797e-01
6.102775335311889648e-01
5.482023954391479492e-01
6.072472333908081055e-01
3.633570075035095215e-01
3.630144000053405762e-01
5.290341377258300781e-01
6.215140223503112793e-01
3.462258577346801758e-01
3.698695898056030273e-01
4.816336929798126221e-01
5.682593584060668945e-01
3.530389368534088135e-01
4.610968530178070068e-01
3.604150116443634033e-01
5.076495409011840820e-01
6.090900301933288574e-01
3.414887785911560059e-01
5.624139904975891113e-01
5.528925061225891113e-01
3.450204730033874512e-01
5.381191372871398926e-01
3.607398867607116699e-01
6.167072057723999023e-01
6.055757999420166016e-01
5.523838400840759277e-01
3.499969244003295898e-01
6.125956773757934570e-01
5.841277837753295898e-01
5.954617857933044434e-01
3.961066007614135742e-01
3.783391416072845459e-01
5.849093794822692871e-01
6.150738000869750977e-01
5.845425128936767578e-01
4.615547358989715576e-01
4.242673814296722412e-01
6.137973070144653320e-01
3.493461608886718750e-01
3.544633686542510986e-01
5.924584269523620605e-01
5.208376646041870117e-01
4.427854716777801514e-01
5.006061196327209473e-01
3.625924587249755859e-01
3.775846660137176514e-01
3.749181628227233887e-01
5.689941644668579102e-01
5.178872942924499512e-01
3.700652122497558594e-01
5.462207198143005371e-01
5.925831198692321777e-01
3.490823805332183838e-01
3.648324906826019287e-01
5.992836356163024902e-01
6.027473211288452148e-01
5.299277305603027344e-01
4.299584627151489258e-01
3.605463206768035889e-01
4.582702815532684326e-01
4.742816388607025146e-01
4.514598548412322998e-01
3.684334158897399902e-01
4.508443176746368408e-01
4.124974608421325684e-01
6.161629557609558105e-01
3.582398593425750732e-01
6.146855950355529785e-01
3.776028752326965332e-01
6.187948584556579590e-01
4.389862120151519775e-01
5.858322978019714355e-01
3.535186350345611572e-01
5.155911445617675781e-01
3.472158908843994141e-01
6.098298430442810059e-01
6.147602796554565430e-01
5.492790937423706055e-01
5.389183759689331055e-01
4.212892949581146240e-01
5.266569256782531738e-01
3.517057299613952637e-01
3.728165626525878906e-01
5.681324601173400879e-01
6.085118651390075684e-01
5.062947869300842285e-01
3.818102777004241943e-01
3.956258296966552734e-01
3.941941559314727783e-01
3.895604014396667480e-01
3.503082394599914551e-01
3.944973647594451904e-01
5.439443588256835938e-01
3.516185879707336426e-01
5.750908851623535156e-01
3.487724363803863525e-01
5.395078063011169434e-01
5.782193541526794434e-01
4.403264522552490234e-01
4.782386422157287598e-01
4.132483005523681641e-01
5.411829948425292969e-01
4.469521939754486084e-01
5.670847296714782715e-01
4.926077723503112793e-01
3.596729040145874023e-01
4.348180890083312988e-01
5.030658841133117676e-01
6.245124340057373047e-01
5.340707898139953613e-01
5.680829882621765137e-01
3.508963286876678467e-01
3.445225059986114502e-01
5.293040871620178223e-01
3.913234472274780273e-01
5.622073411941528320e-01
4.902893602848052979e-01
3.740001618862152100e-01
5.930526256561279297e-01
4.717511832714080811e-01
3.795313239097595215e-01
4.208334684371948242e-01
4.734287858009338379e-01
6.079586148262023926e-01
4.475096762180328369e-01
3.496754169464111328e-01
6.052210330963134766e-01
5.088202953338623047e-01
3.429904580116271973e-01
5.022566318511962891e-01
5.701330304145812988e-01
5.772513747215270996e-01
4.049427509307861328e-01
5.669167041778564453e-01
3.665924370288848877e-01
3.888272345066070557e-01
4.091992676258087158e-01
5.105336308479309082e-01
4.465425908565521240e-01
4.201475977897644043e-01
6.230176091194152832e-01
5.695687532424926758e-01
5.942170023918151855e-01
3.532515466213226318e-01
3.604827523231506348e-01
6.113510131835937500e-01
4.918854236602783203e-01
3.575677275657653809e-01
4.861325621604919434e-01
3.785324990749359131e-01
5.973401665687561035e-01
4.544706344604492188e-01
5.691593885421752930e-01
3.545804619789123535e-01
5.930778980255126953e-01
5.688799619674682617e-01
3.475826978683471680e-01
6.193090677261352539e-01
5.389118194580078125e-01
3.558554947376251221e-01
5.335242152214050293e-01
3.807057142257690430e-01
3.615858554840087891e-01
5.760270953178405762e-01
4.984493851661682129e-01
5.693941712379455566e-01
6.106847524642944336e-01
3.598093986511230469e-01
4.103591740131378174e-01
5.579634904861450195e-01
5.871939659118652344e-01
5.637486577033996582e-01
5.739791989326477051e-01
5.569149255752563477e-01
6.050128340721130371e-01
3.904134631156921387e-01
5.954762697219848633e-01
5.144175887107849121e-01
5.459561347961425781e-01
6.171758174896240234e-01
6.056630015373229980e-01
3.557325303554534912e-01
5.148240923881530762e-01
5.295134186744689941e-01
6.075917482376098633e-01
3.527252078056335449e-01
4.219903945922851562e-01
3.675444424152374268e-01
6.131099462509155273e-01
3.615992665290832520e-01
3.573303222656250000e-01
3.810739815235137939e-01
5.492684841156005859e-01
4.913960397243499756e-01
3.708012402057647705e-01
3.854924440383911133e-01
4.280713498592376709e-01
3.493791818618774414e-01
3.960484862327575684e-01
3.500585854053497314e-01
5.680677890777587891e-01
4.378676116466522217e-01
3.578027486801147461e-01
3.617021441459655762e-01
3.573013246059417725e-01
5.995410680770874023e-01
3.698274195194244385e-01
5.555680990219116211e-01
4.780923426151275635e-01
4.385084211826324463e-01
3.682892918586730957e-01
5.714875459671020508e-01
5.464454293251037598e-01
5.643824934959411621e-01
4.604027569293975830e-01
6.231649518013000488e-01
5.989385843276977539e-01
5.711635351181030273e-01
4.348805844783782959e-01
6.148926615715026855e-01
3.500476479530334473e-01
4.019826948642730713e-01
4.505004286766052246e-01
3.461329042911529541e-01
4.882662892341613770e-01
4.488840997219085693e-01
3.882489502429962158e-01
5.805025100708007812e-01
4.992926120758056641e-01
6.118108034133911133e-01
6.071535348892211914e-01
3.622238934040069580e-01
5.095962285995483398e-01
5.125280022621154785e-01
3.541326522827148438e-01
4.420539140701293945e-01
5.950027108192443848e-01
3.657059371471405029e-01
5.075445175170898438e-01
3.669527173042297363e-01
5.563294291496276855e-01
3.619410395622253418e-01
3.696026802062988281e-01
3.549159765243530273e-01
3.658240139484405518e-01
3.470794558525085449e-01
4.395582675933837891e-01
5.613198876380920410e-01
3.900688886642456055e-01
5.824070572853088379e-01
3.692882955074310303e-01
3.640157580375671387e-01
4.790495634078979492e-01
3.485443592071533203e-01
4.002552926540374756e-01
3.868143260478973389e-01
6.189398169517517090e-01
6.179744005203247070e-01
5.726871490478515625e-01
3.881628215312957764e-01
6.197503209114074707e-01
5.471252202987670898e-01
5.191586613655090332e-01
3.749526143074035645e-01
5.938717126846313477e-01
5.841974616050720215e-01
3.707570135593414307e-01
3.999905288219451904e-01
3.707272112369537354e-01
3.496402502059936523e-01
3.482079505920410156e-01
4.976623058319091797e-01
3.702084720134735107e-01
3.491428494453430176e-01
3.792248368263244629e-01
6.074933409690856934e-01
4.102960526943206787e-01
3.880147039890289307e-01
6.033364534378051758e-01
3.996210396289825439e-01
4.443147480487823486e-01
5.109497904777526855e-01
3.673359155654907227e-01
3.704691827297210693e-01
4.933899343013763428e-01
5.159931182861328125e-01
5.550226569175720215e-01
4.083977043628692627e-01
3.807454407215118408e-01
5.590321421623229980e-01
3.471737504005432129e-01
3.507079482078552246e-01
5.935624241828918457e-01
4.485192000865936279e-01
5.441559553146362305e-01
6.123175621032714844e-01
5.436122417449951172e-01
5.659910440444946289e-01
5.324010848999023438e-01
3.520727753639221191e-01
5.926023721694946289e-01
4.846955239772796631e-01
5.965840816497802734e-01
4.066429436206817627e-01
4.244031310081481934e-01
5.117126107215881348e-01
4.411512911319732666e-01
3.767127990722656250e-01
6.079946756362915039e-01
5.514533519744873047e-01
5.743435025215148926e-01
4.105624854564666748e-01
5.475499629974365234e-01
3.914574086666107178e-01
6.127901673316955566e-01
5.467407703399658203e-01
6.167479157447814941e-01
6.039088964462280273e-01
5.187860727310180664e-01
3.468161821365356445e-01
3.621854484081268311e-01
6.161902546882629395e-01
4.061530232429504395e-01
4.454571306705474854e-01
4.832903444766998291e-01
4.733492434024810791e-01
4.748463034629821777e-01
4.120858311653137207e-01
6.091578006744384766e-01
5.398807525634765625e-01
5.066324472427368164e-01
5.909829139709472656e-01
3.480920493602752686e-01
3.924061059951782227e-01
5.120337009429931641e-01
6.146961450576782227e-01
5.942375659942626953e-01
5.800232291221618652e-01
6.002793908119201660e-01
3.624346554279327393e-01
3.951458334922790527e-01
5.771153569221496582e-01
6.137320995330810547e-01
4.928408265113830566e-01
5.993925333023071289e-01
6.054971814155578613e-01
3.677850663661956787e-01
3.493943810462951660e-01
3.747227787971496582e-01
4.986419677734375000e-01
3.471801578998565674e-01
6.059457659721374512e-01
3.557810783386230469e-01
6.080069541931152344e-01
5.332443118095397949e-01
4.816090166568756104e-01
5.422368049621582031e-01
3.926908373832702637e-01
5.573841333389282227e-01
4.194413125514984131e-01
5.975128412246704102e-01
3.480046987533569336e-01
4.455878436565399170e-01
4.550353586673736572e-01
4.558656513690948486e-01
4.250241816043853760e-01
4.763284921646118164e-01
5.641313195228576660e-01
3.497620820999145508e-01
6.113708019256591797e-01
6.166447997093200684e-01
6.027889847755432129e-01
5.218202471733093262e-01
6.096715927124023438e-01
5.146075487136840820e-01
4.073754251003265381e-01
3.499519228935241699e-01
6.126431822776794434e-01
4.025506377220153809e-01
3.904364705085754395e-01
5.921311974525451660e-01
5.698300600051879883e-01
3.788227140903472900e-01
4.117864370346069336e-01
3.593377172946929932e-01
3.621996641159057617e-01
4.966026544570922852e-01
3.807949721813201904e-01
6.244186162948608398e-01
4.560344219207763672e-01
3.937458693981170654e-01
3.508867025375366211e-01
5.521060228347778320e-01
5.422448515892028809e-01
3.551809191703796387e-01
5.776783823966979980e-01
5.655841231346130371e-01
3.676082789897918701e-01
5.619342327117919922e-01
3.808231651782989502e-01
4.081678390502929688e-01
5.858225822448730469e-01
5.878742337226867676e-01
3.944710195064544678e-01
5.962702631950378418e-01
4.185954630374908447e-01
3.524331748485565186e-01
4.954191744327545166e-01
3.635629713535308838e-01
3.666977286338806152e-01
3.786346316337585449e-01
4.358050823211669922e-01
3.533321321010589600e-01
5.945013761520385742e-01
5.905614495277404785e-01
4.291093051433563232e-01
3.678728044033050537e-01
3.491192460060119629e-01
6.082165837287902832e-01
4.259501695632934570e-01
4.601497352123260498e-01
4.623991549015045166e-01
5.556595921516418457e-01
3.860758543014526367e-01
6.032536625862121582e-01
4.261542558670043945e-01
4.277257025241851807e-01
4.935023486614227295e-01
3.570530414581298828e-01
3.716124892234802246e-01
5.951594114303588867e-01
4.440621733665466309e-01
5.975176095962524414e-01
4.867900609970092773e-01
3.528706729412078857e-01
5.428963899612426758e-01
3.882595002651214600e-01
5.801933407783508301e-01
3.581057190895080566e-01
3.625690937042236328e-01
4.728527367115020752e-01
4.183511734008789062e-01
6.139388084411621094e-01
3.729799389839172363e-01
3.629278242588043213e-01
6.094648241996765137e-01
5.272024273872375488e-01
4.216288626194000244e-01
3.718408346176147461e-01
4.252492189407348633e-01
5.178405642509460449e-01
5.325480103492736816e-01
4.389024376869201660e-01
5.791987180709838867e-01
4.991700649261474609e-01
5.957960486412048340e-01
3.488492071628570557e-01
3.906973004341125488e-01
3.892284631729125977e-01
3.813296258449554443e-01
5.806994438171386719e-01
4.307596385478973389e-01
3.467432260513305664e-01
5.229584574699401855e-01
3.724625408649444580e-01
4.623488485813140869e-01
4.844312965869903564e-01
3.843295872211456299e-01
3.664624989032745361e-01
4.692038297653198242e-01
5.664666295051574707e-01
6.154220700263977051e-01
3.561733663082122803e-01
5.859488844871520996e-01
6.185502409934997559e-01
3.809268176555633545e-01
4.567495882511138916e-01
5.012564063072204590e-01
4.439391195774078369e-01
3.534495532512664795e-01
3.832716941833496094e-01
3.574652373790740967e-01
6.077993512153625488e-01
4.959023594856262207e-01
4.325287640094757080e-01
4.310494363307952881e-01
5.993087291717529297e-01
5.562595129013061523e-01
3.589358329772949219e-01
4.912271797657012939e-01
5.199174880981445312e-01
3.447041213512420654e-01
5.234839320182800293e-01
3.656450212001800537e-01
5.345121026039123535e-01
3.681958615779876709e-01
4.064504802227020264e-01
5.505380630493164062e-01
4.845646023750305176e-01
4.381443262100219727e-01
3.752991855144500732e-01
5.685047507286071777e-01
5.484789609909057617e-01
4.897017180919647217e-01
5.013599395751953125e-01
4.591967463493347168e-01
5.681803822517395020e-01
5.337221622467041016e-01
3.540832698345184326e-01
4.092676341533660889e-01
3.644082844257354736e-01
6.228522062301635742e-01
4.932175278663635254e-01
5.577357411384582520e-01
4.562539160251617432e-01
5.896624326705932617e-01
3.609727323055267334e-01
5.076634883880615234e-01
3.704966604709625244e-01
3.913887143135070801e-01
5.608515143394470215e-01
6.148843765258789062e-01
3.476012349128723145e-01
6.137902140617370605e-01
5.998277664184570312e-01
3.462162315845489502e-01
6.023288965225219727e-01
5.961812734603881836e-01
5.457800626754760742e-01
3.534234464168548584e-01
4.031559526920318604e-01
3.928646147251129150e-01
4.288662374019622803e-01
4.421094655990600586e-01
3.589799106121063232e-01
6.139156222343444824e-01
5.798245072364807129e-01
5.193004012107849121e-01
4.246673882007598877e-01
6.068776845932006836e-01
3.482532203197479248e-01
6.185718774795532227e-01
5.439960956573486328e-01
3.942160904407501221e-01
6.041384339332580566e-01
3.571704626083374023e-01
5.338366627693176270e-01
5.714436173439025879e-01
5.565916895866394043e-01
6.141604185104370117e-01
4.414209723472595215e-01
3.564554154872894287e-01
5.664576292037963867e-01
5.908719301223754883e-01
3.497129082679748535e-01
3.975660204887390137e-01
6.202392578125000000e-01
5.944124460220336914e-01
4.830709397792816162e-01
6.206066012382507324e-01
4.328718483448028564e-01
6.262989044189453125e-01
4.855957329273223877e-01
3.414525389671325684e-01
4.115498065948486328e-01
6.287974119186401367e-01
6.043477058410644531e-01
6.118437647819519043e-01
4.430004954338073730e-01
6.018674373626708984e-01
5.523223876953125000e-01
3.544076085090637207e-01
5.425249338150024414e-01
5.829355716705322266e-01
4.206302762031555176e-01
4.369232356548309326e-01
5.785120725631713867e-01
4.759675264358520508e-01
4.266290962696075439e-01
5.801445245742797852e-01
5.637068748474121094e-01
5.330188870429992676e-01
3.582315742969512939e-01
3.468806147575378418e-01
3.563984036445617676e-01
5.504022240638732910e-01
5.850667357444763184e-01
5.989675521850585938e-01
5.866181850433349609e-01
4.064223170280456543e-01
5.925216674804687500e-01
3.577279746532440186e-01
3.826193511486053467e-01
5.801596045494079590e-01
4.662750959396362305e-01
5.597705841064453125e-01
5.400576591491699219e-01
3.782048225402832031e-01
6.133370399475097656e-01
4.170966744422912598e-01
5.774908065795898438e-01
5.865527987480163574e-01
3.610898852348327637e-01
4.133735001087188721e-01
3.465704023838043213e-01
3.513038754463195801e-01
5.778012275695800781e-01
3.963017463684082031e-01
5.620778203010559082e-01
6.057993769645690918e-01
5.933688879013061523e-01
3.577660620212554932e-01
5.473629236221313477e-01
3.695479929447174072e-01
4.064350724220275879e-01
5.635483860969543457e-01
4.382809102535247803e-01
6.070477366447448730e-01
5.016146302223205566e-01
4.357741475105285645e-01
4.076849222183227539e-01
3.992116749286651611e-01
4.274532794952392578e-01
5.429111123085021973e-01
6.048056483268737793e-01
4.178316891193389893e-01
4.308627247810363770e-01
3.538205325603485107e-01
6.103097796440124512e-01
3.670894503593444824e-01
3.957803845405578613e-01
6.119399070739746094e-01
4.827403426170349121e-01
3.937456607818603516e-01
5.752286911010742188e-01
6.138939857482910156e-01
4.986821711063385010e-01
3.584080636501312256e-01
6.132371425628662109e-01
3.445587456226348877e-01
5.471282005310058594e-01
5.995685458183288574e-01
3.632015585899353027e-01
4.048355817794799805e-01
3.798454999923706055e-01
4.396918416023254395e-01
5.071284770965576172e-01
4.566050767898559570e-01
4.626496434211730957e-01
5.997211933135986328e-01
3.672086894512176514e-01
4.084222018718719482e-01
6.146631240844726562e-01
4.147689640522003174e-01
5.482054948806762695e-01
5.424398779869079590e-01
6.253905892372131348e-01
4.231639802455902100e-01
5.875365138053894043e-01
3.697587251663208008e-01
5.955735445022583008e-01
3.918714225292205811e-01
5.585282444953918457e-01
5.849676728248596191e-01
3.685095310211181641e-01
5.598126649856567383e-01
5.068742632865905762e-01
4.338461458683013916e-01
3.670296370983123779e-01
3.988974690437316895e-01
5.812472701072692871e-01
5.419296622276306152e-01
3.529838621616363525e-01
4.439673125743865967e-01
3.491296470165252686e-01
4.103468060493469238e-01
3.644914031028747559e-01
3.521170318126678467e-01
3.795586824417114258e-01
3.612561523914337158e-01
5.279003977775573730e-01
4.996228218078613281e-01
6.182059645652770996e-01
6.021922230720520020e-01
4.986740350723266602e-01
4.895235002040863037e-01
3.968941271305084229e-01
6.150335669517517090e-01
5.138354301452636719e-01
3.835785984992980957e-01
4.823080301284790039e-01
5.726959705352783203e-01
3.480449914932250977e-01
4.702157676219940186e-01
4.779211580753326416e-01
3.903454542160034180e-01
4.702971279621124268e-01
3.548294901847839355e-01
4.571954905986785889e-01
3.591375648975372314e-01
3.873531520366668701e-01
4.017414152622222900e-01
3.892270922660827637e-01
6.118048429489135742e-01
5.478143095970153809e-01
6.138828396797180176e-01
3.759628534317016602e-01
3.623831570148468018e-01
4.280392229557037354e-01
4.451870620250701904e-01
5.203521847724914551e-01
5.914822220802307129e-01
3.926579356193542480e-01
4.397508502006530762e-01
3.732834458351135254e-01
4.156882166862487793e-01
3.641434907913208008e-01
5.435216426849365234e-01
6.123411655426025391e-01
4.234310686588287354e-01
5.876017808914184570e-01
3.884649276733398438e-01
4.595403671264648438e-01
5.953915119171142578e-01
5.374279618263244629e-01
5.516288876533508301e-01
3.623556196689605713e-01
5.374649167060852051e-01
4.914825856685638428e-01
6.027004718780517578e-01
6.113651990890502930e-01
3.532617688179016113e-01
3.463458716869354248e-01
5.920417904853820801e-01
4.159789085388183594e-01
3.623328208923339844e-01
6.128002405166625977e-01
5.779983401298522949e-01
6.260114312171936035e-01
3.488330841064453125e-01
5.771261453628540039e-01
3.993143141269683838e-01
3.652224838733673096e-01
5.614910721778869629e-01
3.698233067989349365e-01
3.501282036304473877e-01
5.713551640510559082e-01
3.580309450626373291e-01
3.430452644824981689e-01
4.753078818321228027e-01
3.536241352558135986e-01
3.867419958114624023e-01
6.051858663558959961e-01
5.686835646629333496e-01
5.346042513847351074e-01
5.668926835060119629e-01
6.194942593574523926e-01
3.956587612628936768e-01
3.527879118919372559e-01
5.687921643257141113e-01
4.934468269348144531e-01
4.644578099250793457e-01
3.520453572273254395e-01
5.653686523437500000e-01
4.205467700958251953e-01
3.806199431419372559e-01
3.589904010295867920e-01
3.702403008937835693e-01
3.535920977592468262e-01
5.123230218887329102e-01
5.504659414291381836e-01
3.848657906055450439e-01
3.767770826816558838e-01
6.133819818496704102e-01
4.345880448818206787e-01
3.607388734817504883e-01
5.955976843833923340e-01
4.149775207042694092e-01
5.701870322227478027e-01
5.667484402656555176e-01
3.547186255455017090e-01
5.206711292266845703e-01
5.413773059844970703e-01
3.753980398178100586e-01
3.997512757778167725e-01
4.674361348152160645e-01
3.532941043376922607e-01
3.558971285820007324e-01
4.543292522430419922e-01
3.583588898181915283e-01
4.092433452606201172e-01
5.261816978454589844e-01
3.453574478626251221e-01
5.940663814544677734e-01
4.318822920322418213e-01
6.191739439964294434e-01
3.870193362236022949e-01
5.596874356269836426e-01
4.892014861106872559e-01
3.737269639968872070e-01
3.555901646614074707e-01
5.175645947456359863e-01
4.037617146968841553e-01
6.231063604354858398e-01
3.515118062496185303e-01
3.879024684429168701e-01
3.522595763206481934e-01
3.914724290370941162e-01
4.385264813899993896e-01
4.805692434310913086e-01
5.632522702217102051e-01
3.711743354797363281e-01
4.193353056907653809e-01
4.008653759956359863e-01
4.434961080551147461e-01
5.942648053169250488e-01
3.478493690490722656e-01
3.822428286075592041e-01
4.483867287635803223e-01
5.778979659080505371e-01
3.685378432273864746e-01
4.512899816036224365e-01
3.719975948333740234e-01
3.820266425609588623e-01
5.573602318763732910e-01
4.671544432640075684e-01
5.579902529716491699e-01
3.494489789009094238e-01
4.973665475845336914e-01
5.844117999076843262e-01
4.063082635402679443e-01
6.069424152374267578e-01
3.995635807514190674e-01
5.705159306526184082e-01
5.356413722038269043e-01
3.690650463104248047e-01
3.721378743648529053e-01
5.155547261238098145e-01
3.876591324806213379e-01
4.176129400730133057e-01
3.676160871982574463e-01
3.929724395275115967e-01
6.151955127716064453e-01
6.023718714714050293e-01
5.827255249023437500e-01
4.306906461715698242e-01
5.685194134712219238e-01
4.338186085224151611e-01
3.878300786018371582e-01
4.979380965232849121e-01
6.197956204414367676e-01
3.981688916683197021e-01
3.998642563819885254e-01
5.185884833335876465e-01
3.624324798583984375e-01
3.594632148742675781e-01
4.887756407260894775e-01
3.882645666599273682e-01
5.640539526939392090e-01
6.262295842170715332e-01
4.025225639343261719e-01
3.564930856227874756e-01
6.147503852844238281e-01
5.469357371330261230e-01
3.907258808612823486e-01
3.802514970302581787e-01
3.462718725204467773e-01
5.462188720703125000e-01
3.599912226200103760e-01
4.985921084880828857e-01
5.108921527862548828e-01
3.534801900386810303e-01
3.477365672588348389e-01
4.717320501804351807e-01
5.852068066596984863e-01
3.881891667842864990e-01
5.037125349044799805e-01
3.871913850307464600e-01
3.532936871051788330e-01
5.209661126136779785e-01
5.786180496215820312e-01
6.265659332275390625e-01
3.470712006092071533e-01
6.150481700897216797e-01
6.091439723968505859e-01
5.538343787193298340e-01
5.295682549476623535e-01
5.935031771659851074e-01
3.826373815536499023e-01
3.724187910556793213e-01
3.663893938064575195e-01
6.184781193733215332e-01
3.546796143054962158e-01
5.412459373474121094e-01
3.509371578693389893e-01
3.681531548500061035e-01
5.261934399604797363e-01
4.116906225681304932e-01
4.601154029369354248e-01
5.122283101081848145e-01
4.996219277381896973e-01
6.071243286132812500e-01
4.582967162132263184e-01
3.939291238784790039e-01
6.013284921646118164e-01
3.850746452808380127e-01
5.989184975624084473e-01
6.247690320014953613e-01
4.267346560955047607e-01
5.583266615867614746e-01
5.508451461791992188e-01
4.815898835659027100e-01
4.495493173599243164e-01
6.116552948951721191e-01
5.166673064231872559e-01
5.704619884490966797e-01
3.652367889881134033e-01
3.543328344821929932e-01
6.174946427345275879e-01
3.539980351924896240e-01
4.292880594730377197e-01
4.324047863483428955e-01
6.162773966789245605e-01
6.074004173278808594e-01
6.006535291671752930e-01
3.483915030956268311e-01
4.156740903854370117e-01
6.056503653526306152e-01
5.772632360458374023e-01
5.866672992706298828e-01
6.256175637245178223e-01
4.024405777454376221e-01
5.748088955879211426e-01
6.072292923927307129e-01
3.927844464778900146e-01
5.950213670730590820e-01
4.511213600635528564e-01
4.221196472644805908e-01
5.848253369331359863e-01
5.475713014602661133e-01
5.047531723976135254e-01
4.313334822654724121e-01
4.928437173366546631e-01
4.045755267143249512e-01
3.596181273460388184e-01
4.457791447639465332e-01
5.644289255142211914e-01
5.167911648750305176e-01
6.166383028030395508e-01
3.570151329040527344e-01
5.840098857879638672e-01
3.856371045112609863e-01
6.073182225227355957e-01
6.118158102035522461e-01
4.244220256805419922e-01
4.488715827465057373e-01
6.182569265365600586e-01
6.125273704528808594e-01
4.717569351196289062e-01
4.071380794048309326e-01
3.470683693885803223e-01
3.527624309062957764e-01
6.160994768142700195e-01
3.862115442752838135e-01
5.859192013740539551e-01
3.497418761253356934e-01
4.378888010978698730e-01
3.743030726909637451e-01
6.137199401855468750e-01
4.382509887218475342e-01
5.583192110061645508e-01
5.056064128875732422e-01
3.674472570419311523e-01
5.237341523170471191e-01
5.732647776603698730e-01
5.325328111648559570e-01
5.231945514678955078e-01
4.481126964092254639e-01
3.498380780220031738e-01
3.686825633049011230e-01
5.885374546051025391e-01
5.901561975479125977e-01
3.979347348213195801e-01
6.203366518020629883e-01
4.424295723438262939e-01
4.322647154331207275e-01
3.842912614345550537e-01
6.063514351844787598e-01
3.540748953819274902e-01
3.578512668609619141e-01
5.954757928848266602e-01
4.314871728420257568e-01
5.990234613418579102e-01
3.963871598243713379e-01
3.949755728244781494e-01
5.501720309257507324e-01
4.000453948974609375e-01
6.157776117324829102e-01
3.978530764579772949e-01
4.161460995674133301e-01
4.131649136543273926e-01
5.011438131332397461e-01
3.881579935550689697e-01
3.693422079086303711e-01
3.513090610504150391e-01
5.054004192352294922e-01
5.108643770217895508e-01
5.822445750236511230e-01
5.859727263450622559e-01
5.742485523223876953e-01
5.262000560760498047e-01
3.961555361747741699e-01
3.749436736106872559e-01
4.233709275722503662e-01
4.644016623497009277e-01
3.533401191234588623e-01
3.710250556468963623e-01
4.786001145839691162e-01
4.313948452472686768e-01
3.643758296966552734e-01
5.888392925262451172e-01
6.272349953651428223e-01
3.716114461421966553e-01
4.676963984966278076e-01
5.979762077331542969e-01
5.274240374565124512e-01
6.203334331512451172e-01
5.325980186462402344e-01
4.564501643180847168e-01
4.790415763854980469e-01
4.476642310619354248e-01
5.811904072761535645e-01
3.917594552040100098e-01
4.799658954143524170e-01
5.275555849075317383e-01
4.739194214344024658e-01
3.615292012691497803e-01
3.542447686195373535e-01
5.403742194175720215e-01
5.719615817070007324e-01
3.980175256729125977e-01
6.204665303230285645e-01
5.931508541107177734e-01
3.574127256870269775e-01
4.420240223407745361e-01
3.530054390430450439e-01
3.512507379055023193e-01
5.977264642715454102e-01
3.497275412082672119e-01
5.279590487480163574e-01
3.525198400020599365e-01
5.049142241477966309e-01
4.092757105827331543e-01
4.857493638992309570e-01
3.577013313770294189e-01
3.676544427871704102e-01
3.633520305156707764e-01
4.953773915767669678e-01
5.785209536552429199e-01
5.456433892250061035e-01
4.328882992267608643e-01
5.706385374069213867e-01
4.234412312507629395e-01
5.000258088111877441e-01
5.843634605407714844e-01
3.935621976852416992e-01
3.847069740295410156e-01
5.865138769149780273e-01
6.010156869888305664e-01
5.562246441841125488e-01
5.469426512718200684e-01
5.171920657157897949e-01
3.683282434940338135e-01
3.547986447811126709e-01
5.739841461181640625e-01
3.476306200027465820e-01
3.493049144744873047e-01
6.142785549163818359e-01
5.530287623405456543e-01
4.130669832229614258e-01
3.614017665386199951e-01
4.667737185955047607e-01
3.983077406883239746e-01
5.309203863143920898e-01
5.668098926544189453e-01
6.176058650016784668e-01
3.536471426486968994e-01
4.291195869445800781e-01
5.651155710220336914e-01
4.723330140113830566e-01
6.140390634536743164e-01
3.664365410804748535e-01
6.090010404586791992e-01
6.165685653686523438e-01
6.130841970443725586e-01
3.535106778144836426e-01
5.559030175209045410e-01
6.091311573982238770e-01
