3.558894097805023193e-01
5.162234902381896973e-01
6.088339090347290039e-01
4.633800983428955078e-01
3.611021339893341064e-01
3.568448424339294434e-01
3.566477596759796143e-01
4.356472790241241455e-01
4.842845201492309570e-01
5.204209685325622559e-01
4.281093776226043701e-01
4.212811291217803955e-01
3.452773988246917725e-01
5.654326081275939941e-01
5.070248842239379883e-01
3.544945418834686279e-01
6.007741093635559082e-01
3.527423143386840820e-01
3.626551330089569092e-01
5.125856399536132812e-01
3.662909865379333496e-01
3.494795560836791992e-01
5.916960239410400391e-01
4.958659410476684570e-01
5.815924406051635742e-01
4.382933974266052246e-01
5.826051235198974609e-01
4.476937651634216309e-01
6.068545579910278320e-01
3.878574967384338379e-01
3.741616308689117432e-01
3.574961125850677490e-01
4.165704250335693359e-01
6.044699549674987793e-01
4.917548596858978271e-01
6.082656979560852051e-01
6.147446036338806152e-01
5.813485383987426758e-01
3.665163218975067139e-01
3.611010313034057617e-01
3.540374636650085449e-01
3.543455600738525391e-01
3.963098526000976562e-01
5.872345566749572754e-01
3.541354835033416748e-01
4.659948348999023438e-01
4.279596209526062012e-01
5.905208587646484375e-01
5.935497283935546875e-01
6.133270859718322754e-01
5.688951015472412109e-01
3.933779001235961914e-01
5.850874185562133789e-01
4.593837261199951172e-01
4.658107161521911621e-01
3.698911666870117188e-01
5.784502625465393066e-01
5.457873940467834473e-01
5.632206797599792480e-01
4.857673645019531250e-01
4.605322480201721191e-01
5.648863315582275391e-01
3.818496167659759521e-01
3.451146781444549561e-01
5.114601254463195801e-01
4.618124067783355713e-01
5.816985964775085449e-01
5.379688739776611328e-01
5.773214101791381836e-01
3.642055988311767578e-01
3.798196911811828613e-01
5.034300684928894043e-01
3.728034198284149170e-01
5.058019757270812988e-01
6.134434342384338379e-01
5.727899074554443359e-01
3.926097452640533447e-01
6.094244718551635742e-01
5.306638479232788086e-01
3.877606689929962158e-01
6.107712984085083008e-01
3.479338288307189941e-01
5.785422325134277344e-01
5.516176223754882812e-01
3.936990797519683838e-01
5.963161587715148926e-01
5.155319571495056152e-01
5.725512504577636719e-01
4.451023936271667480e-01
4.169299602508544922e-01
3.971455991268157959e-01
4.909945726394653320e-01
6.012055873870849609e-01
3.811484277248382568e-01
3.911150693893432617e-01
3.503844439983367920e-01
3.608971536159515381e-01
4.854674041271209717e-01
5.414265394210815430e-01
6.167452931404113770e-01
3.910695612430572510e-01
4.949474632740020752e-01
5.245820283889770508e-01
6.121392846107482910e-01
5.133861303329467773e-01
4.458985030651092529e-01
4.831988215446472168e-01
6.143246293067932129e-01
3.577687442302703857e-01
3.555138409137725830e-01
3.988080024719238281e-01
3.688808083534240723e-01
6.107288599014282227e-01
6.014583110809326172e-01
4.058953225612640381e-01
4.949813187122344971e-01
5.175909399986267090e-01
5.108530521392822266e-01
6.224071383476257324e-01
3.899849057197570801e-01
3.788233995437622070e-01
5.662458539009094238e-01
5.331538915634155273e-01
4.333835840225219727e-01
4.991242885589599609e-01
4.997353255748748779e-01
6.254020929336547852e-01
5.524195432662963867e-01
6.065250039100646973e-01
4.753532409667968750e-01
5.800730586051940918e-01
6.194142103195190430e-01
3.640327155590057373e-01
4.806111454963684082e-01
6.219907999038696289e-01
5.053289532661437988e-01
3.586267530918121338e-01
6.273040175437927246e-01
3.902406990528106689e-01
4.479696452617645264e-01
3.752205669879913330e-01
5.649632811546325684e-01
6.026696562767028809e-01
4.000687599182128906e-01
3.923296034336090088e-01
5.061738491058349609e-01
4.870919585227966309e-01
5.921589732170104980e-01
5.647698044776916504e-01
5.585487484931945801e-01
6.267657876014709473e-01
3.485464751720428467e-01
5.873937010765075684e-01
4.748010933399200439e-01
5.426861643791198730e-01
3.486362993717193604e-01
3.668066859245300293e-01
5.178552269935607910e-01
3.668698966503143311e-01
3.583928048610687256e-01
4.380021393299102783e-01
5.991861820220947266e-01
3.852495551109313965e-01
5.912953019142150879e-01
3.546648919582366943e-01
3.672505021095275879e-01
5.293120741844177246e-01
4.011710286140441895e-01
6.202449798583984375e-01
5.628922581672668457e-01
3.489279747009277344e-01
5.233979821205139160e-01
5.735462903976440430e-01
6.222425699234008789e-01
5.907295942306518555e-01
3.663426041603088379e-01
3.635067045688629150e-01
6.181280016899108887e-01
3.555193841457366943e-01
5.851058959960937500e-01
6.164368391036987305e-01
5.758423805236816406e-01
5.513553023338317871e-01
3.786298632621765137e-01
3.725416362285614014e-01
3.751366734504699707e-01
3.541362285614013672e-01
4.184603691101074219e-01
3.708049058914184570e-01
3.619173467159271240e-01
3.626860678195953369e-01
5.451801419258117676e-01
5.919308662414550781e-01
3.642838895320892334e-01
3.745678663253784180e-01
4.163021743297576904e-01
4.174965620040893555e-01
6.205283403396606445e-01
5.675045251846313477e-01
3.946577310562133789e-01
5.660929083824157715e-01
5.125392675399780273e-01
5.134856104850769043e-01
4.622634649276733398e-01
6.011344790458679199e-01
3.896368145942687988e-01
3.889815509319305420e-01
6.018299460411071777e-01
3.527756929397583008e-01
5.672339797019958496e-01
3.839069604873657227e-01
3.600632548332214355e-01
4.341634809970855713e-01
3.805364668369293213e-01
3.471975028514862061e-01
4.507196843624114990e-01
4.775548279285430908e-01
3.886491656303405762e-01
5.543616414070129395e-01
3.788011074066162109e-01
3.487192988395690918e-01
3.810237348079681396e-01
5.054759979248046875e-01
3.897148668766021729e-01
3.613379001617431641e-01
3.520132899284362793e-01
3.966163992881774902e-01
6.228030920028686523e-01
3.563128411769866943e-01
4.374328553676605225e-01
4.339545965194702148e-01
4.185452461242675781e-01
4.551131725311279297e-01
5.996484160423278809e-01
3.532597720623016357e-01
4.600538015365600586e-01
5.774568319320678711e-01
3.662800192832946777e-01
3.932420611381530762e-01
4.187626540660858154e-01
5.193014740943908691e-01
3.920146822929382324e-01
3.905127048492431641e-01
3.842362761497497559e-01
6.018556356430053711e-01
5.255033969879150391e-01
5.523162484169006348e-01
5.385369062423706055e-01
5.841144919395446777e-01
3.619967997074127197e-01
5.561150908470153809e-01
5.529781579971313477e-01
3.743975758552551270e-01
3.723207712173461914e-01
5.931922197341918945e-01
6.091317534446716309e-01
3.860027492046356201e-01
4.171043038368225098e-01
5.771522521972656250e-01
3.841810226440429688e-01
6.127001047134399414e-01
4.708577692508697510e-01
5.515577793121337891e-01
3.941853642463684082e-01
4.540971219539642334e-01
6.165741086006164551e-01
3.653869032859802246e-01
5.101572275161743164e-01
6.025784611701965332e-01
5.986713171005249023e-01
5.603821873664855957e-01
5.542035102844238281e-01
3.684144914150238037e-01
4.149397611618041992e-01
3.779955208301544189e-01
3.800368905067443848e-01
3.844929933547973633e-01
5.904639363288879395e-01
3.654319047927856445e-01
3.750950694084167480e-01
5.872543454170227051e-01
3.903399407863616943e-01
4.433568716049194336e-01
6.137990355491638184e-01
4.907217025756835938e-01
5.518457889556884766e-01
3.522499799728393555e-01
6.199818253517150879e-01
6.117205023765563965e-01
4.170035719871520996e-01
3.671924173831939697e-01
5.689340233802795410e-01
6.160164475440979004e-01
4.374067783355712891e-01
3.772672414779663086e-01
4.337469041347503662e-01
5.534116625785827637e-01
5.432155728340148926e-01
3.896772861480712891e-01
3.518637120723724365e-01
5.900322794914245605e-01
5.380524396896362305e-01
4.860635995864868164e-01
3.682919144630432129e-01
5.925050973892211914e-01
3.581364154815673828e-01
5.584848523139953613e-01
6.162080764770507812e-01
5.873202085494995117e-01
5.948546528816223145e-01
5.528082251548767090e-01
6.119836568832397461e-01
5.802047252655029297e-01
3.602169454097747803e-01
3.918296694755554199e-01
6.039947867393493652e-01
5.511711835861206055e-01
3.659832477569580078e-01
3.472561836242675781e-01
6.029576063156127930e-01
4.232172667980194092e-01
5.823403596878051758e-01
5.565215945243835449e-01
3.806855976581573486e-01
5.773562192916870117e-01
3.632401823997497559e-01
3.810474574565887451e-01
3.820514380931854248e-01
5.665781497955322266e-01
5.696542263031005859e-01
5.614441633224487305e-01
6.197081804275512695e-01
5.669085979461669922e-01
6.235284209251403809e-01
5.775025486946105957e-01
3.533201515674591064e-01
4.533952772617340088e-01
3.777967691421508789e-01
6.050657629966735840e-01
4.150523543357849121e-01
3.962951898574829102e-01
4.458580911159515381e-01
3.622441589832305908e-01
6.249067783355712891e-01
6.081230044364929199e-01
4.470116794109344482e-01
5.552626848220825195e-01
3.947063386440277100e-01
5.910488963127136230e-01
3.480429053306579590e-01
5.913733243942260742e-01
4.737885296344757080e-01
3.937835991382598877e-01
5.935356616973876953e-01
3.890736699104309082e-01
6.057638525962829590e-01
5.179538726806640625e-01
5.828545093536376953e-01
4.694640040397644043e-01
5.337018370628356934e-01
3.866173326969146729e-01
3.491849303245544434e-01
6.082240343093872070e-01
5.115504860877990723e-01
3.617965579032897949e-01
3.589577078819274902e-01
5.560569167137145996e-01
3.854985535144805908e-01
4.165856242179870605e-01
5.913951396942138672e-01
5.354766249656677246e-01
4.434950649738311768e-01
5.979995131492614746e-01
4.822171926498413086e-01
5.860965847969055176e-01
6.219094395637512207e-01
3.686791360378265381e-01
5.836602449417114258e-01
6.157576441764831543e-01
5.990127325057983398e-01
4.490202069282531738e-01
5.990518331527709961e-01
4.320284724235534668e-01
5.983262062072753906e-01
3.504652976989746094e-01
4.981574118137359619e-01
6.112685203552246094e-01
4.365322589874267578e-01
5.269343852996826172e-01
3.589101135730743408e-01
4.377300441265106201e-01
3.927476406097412109e-01
3.846789002418518066e-01
5.521789193153381348e-01
3.615694046020507812e-01
6.120849847793579102e-01
6.176889538764953613e-01
4.473872780799865723e-01
5.599617362022399902e-01
4.658164381980895996e-01
4.525909125804901123e-01
5.618305802345275879e-01
3.495344221591949463e-01
3.609143495559692383e-01
3.711764812469482422e-01
6.075790524482727051e-01
6.122683286666870117e-01
5.218462347984313965e-01
6.226502656936645508e-01
5.375588536262512207e-01
4.871458709239959717e-01
4.051238596439361572e-01
6.212792396545410156e-01
3.463439345359802246e-01
5.390415191650390625e-01
5.257219076156616211e-01
6.092564463615417480e-01
5.729764103889465332e-01
4.287088215351104736e-01
4.202961325645446777e-01
6.110059618949890137e-01
5.466282963752746582e-01
3.486173152923583984e-01
5.326547622680664062e-01
3.725074231624603271e-01
5.859053730964660645e-01
4.011825025081634521e-01
5.488583445549011230e-01
4.324108660221099854e-01
3.957364559173583984e-01
5.796263217926025391e-01
5.113900899887084961e-01
4.739820957183837891e-01
5.240064263343811035e-01
4.146181046962738037e-01
4.056003093719482422e-01
6.108518838882446289e-01
3.731034100055694580e-01
5.713716149330139160e-01
6.008552312850952148e-01
5.810858607292175293e-01
6.148014664649963379e-01
4.221488833427429199e-01
6.123914122581481934e-01
5.686687827110290527e-01
5.019557476043701172e-01
3.580961227416992188e-01
5.592536330223083496e-01
3.973981738090515137e-01
4.011650681495666504e-01
3.633854985237121582e-01
3.497319221496582031e-01
3.575425744056701660e-01
3.548284769058227539e-01
3.671569526195526123e-01
6.021734476089477539e-01
5.800656676292419434e-01
3.585008680820465088e-01
3.784051835536956787e-01
3.640510737895965576e-01
3.717077374458312988e-01
5.101730823516845703e-01
4.189206659793853760e-01
4.095554351806640625e-01
3.525214791297912598e-01
4.762465059757232666e-01
5.486948490142822266e-01
5.451518297195434570e-01
4.980903267860412598e-01
3.820763230323791504e-01
3.883734941482543945e-01
4.151454269886016846e-01
3.811403214931488037e-01
3.897823691368103027e-01
6.156650781631469727e-01
5.326884388923645020e-01
3.960410952568054199e-01
5.049746036529541016e-01
3.540607988834381104e-01
5.829371809959411621e-01
3.581800162792205811e-01
5.484557747840881348e-01
5.615280270576477051e-01
5.984222888946533203e-01
6.042635440826416016e-01
4.536653459072113037e-01
3.549675047397613525e-01
3.887077271938323975e-01
3.816429972648620605e-01
3.668501973152160645e-01
4.107078611850738525e-01
4.301126003265380859e-01
6.068570613861083984e-01
5.771227478981018066e-01
5.517267584800720215e-01
5.235363841056823730e-01
3.795853257179260254e-01
6.170973777770996094e-01
4.751596450805664062e-01
3.584005534648895264e-01
4.370370805263519287e-01
3.487127721309661865e-01
5.752025842666625977e-01
5.566791892051696777e-01
5.551079511642456055e-01
3.784026205539703369e-01
3.564854860305786133e-01
3.512828052043914795e-01
3.550193607807159424e-01
6.052702665328979492e-01
3.737324476242065430e-01
3.663236498832702637e-01
3.539879918098449707e-01
3.522144258022308350e-01
5.597732663154602051e-01
3.809574544429779053e-01
5.456776022911071777e-01
5.404717326164245605e-01
4.953462183475494385e-01
4.250308275222778320e-01
3.462619781494140625e-01
5.647510886192321777e-01
6.242078542709350586e-01
5.286628603935241699e-01
4.138986468315124512e-01
4.803929328918457031e-01
4.487227499485015869e-01
4.129957258701324463e-01
4.851700663566589355e-01
4.445408284664154053e-01
4.686805605888366699e-01
5.937136411666870117e-01
6.056121587753295898e-01
5.867083072662353516e-01
3.504727184772491455e-01
3.795962631702423096e-01
5.627139210700988770e-01
5.960953831672668457e-01
3.621866405010223389e-01
4.524516761302947998e-01
4.641952514648437500e-01
5.495385527610778809e-01
3.938272893428802490e-01
3.508264422416687012e-01
5.239437818527221680e-01
4.310847818851470947e-01
5.241489410400390625e-01
3.424308896064758301e-01
4.983358979225158691e-01
5.777358412742614746e-01
3.536724448204040527e-01
5.224819779396057129e-01
4.063015282154083252e-01
5.669136643409729004e-01
5.280758738517761230e-01
5.050317049026489258e-01
3.828856945037841797e-01
5.332915186882019043e-01
5.922520160675048828e-01
5.884126424789428711e-01
4.411581456661224365e-01
4.099119305610656738e-01
5.349178910255432129e-01
5.823691487312316895e-01
4.861115813255310059e-01
5.832496881484985352e-01
4.219703376293182373e-01
6.263560652732849121e-01
3.736726939678192139e-01
5.281994342803955078e-01
5.591425895690917969e-01
5.595778226852416992e-01
5.763933062553405762e-01
4.403735995292663574e-01
4.197742044925689697e-01
4.159215986728668213e-01
3.463187515735626221e-01
6.088796257972717285e-01
5.929720997810363770e-01
3.578873574733734131e-01
4.851785004138946533e-01
5.754814147949218750e-01
3.576317131519317627e-01
3.979423046112060547e-01
6.064255237579345703e-01
5.141133069992065430e-01
5.599193572998046875e-01
3.891168832778930664e-01
3.457787036895751953e-01
6.121040582656860352e-01
5.236263275146484375e-01
5.431985259056091309e-01
3.678552210330963135e-01
5.812628865242004395e-01
3.590505123138427734e-01
6.017797589302062988e-01
3.865636289119720459e-01
6.097187399864196777e-01
4.679048657417297363e-01
6.074141263961791992e-01
5.704991221427917480e-01
6.143910884857177734e-01
3.518917560577392578e-01
5.808799862861633301e-01
3.467747867107391357e-01
5.814243555068969727e-01
5.975971817970275879e-01
5.521463155746459961e-01
5.542638301849365234e-01
4.561974406242370605e-01
3.713909983634948730e-01
3.703331947326660156e-01
5.664106011390686035e-01
5.514243841171264648e-01
5.876021981239318848e-01
5.759508013725280762e-01
4.109156429767608643e-01
4.727162420749664307e-01
4.470681548118591309e-01
3.550848364830017090e-01
3.613390326499938965e-01
3.527034223079681396e-01
6.132130026817321777e-01
3.719548881053924561e-01
5.622081756591796875e-01
3.476880788803100586e-01
5.475376248359680176e-01
5.941848754882812500e-01
3.542598485946655273e-01
5.658253431320190430e-01
4.275037348270416260e-01
5.989260077476501465e-01
3.791398108005523682e-01
5.774205923080444336e-01
5.754739046096801758e-01
3.837344944477081299e-01
3.825226426124572754e-01
3.756250739097595215e-01
6.222511529922485352e-01
5.423058867454528809e-01
6.128832697868347168e-01
4.000844657421112061e-01
3.643753230571746826e-01
5.070644021034240723e-01
3.628220856189727783e-01
5.875204205513000488e-01
4.104945063591003418e-01
3.640519082546234131e-01
5.795397758483886719e-01
4.772284924983978271e-01
3.547736108303070068e-01
4.944548308849334717e-01
5.547442436218261719e-01
6.013215184211730957e-01
4.430094063282012939e-01
3.923829793930053711e-01
5.979661941528320312e-01
5.958178639411926270e-01
3.634074032306671143e-01
6.044975519180297852e-01
6.084651350975036621e-01
5.845358371734619141e-01
3.644891977310180664e-01
5.959047079086303711e-01
4.255463480949401855e-01
3.843299448490142822e-01
3.710468113422393799e-01
4.421707987785339355e-01
5.125784277915954590e-01
3.956573903560638428e-01
4.718902409076690674e-01
4.672757387161254883e-01
6.273129582405090332e-01
3.671606779098510742e-01
3.779188096523284912e-01
5.346615910530090332e-01
5.493890047073364258e-01
3.563417494297027588e-01
4.580132663249969482e-01
3.768844306468963623e-01
4.923700988292694092e-01
5.772014260292053223e-01
6.062239408493041992e-01
3.514520227909088135e-01
6.051019430160522461e-01
5.472764372825622559e-01
3.472411930561065674e-01
6.241109371185302734e-01
5.777179598808288574e-01
3.798769414424896240e-01
4.888336956501007080e-01
4.128846824169158936e-01
3.851570487022399902e-01
5.464389920234680176e-01
3.921384215354919434e-01
5.618640184402465820e-01
3.851203322410583496e-01
3.912369310855865479e-01
5.167440176010131836e-01
5.493440032005310059e-01
5.293495655059814453e-01
4.265061318874359131e-01
5.939396023750305176e-01
5.967861413955688477e-01
6.172370314598083496e-01
3.712849318981170654e-01
6.017852425575256348e-01
5.737370848655700684e-01
5.373004078865051270e-01
5.504807233810424805e-01
5.709405541419982910e-01
3.543613553047180176e-01
5.743643641471862793e-01
4.919738173484802246e-01
5.804407596588134766e-01
3.844927847385406494e-01
4.509454965591430664e-01
3.604863286018371582e-01
6.016433238983154297e-01
3.663108050823211670e-01
4.878376126289367676e-01
3.445570468902587891e-01
4.688580632209777832e-01
4.963875412940979004e-01
5.043279528617858887e-01
3.527489900588989258e-01
4.493637681007385254e-01
3.578630983829498291e-01
3.549747765064239502e-01
3.665871918201446533e-01
5.994089245796203613e-01
5.158231258392333984e-01
3.557932972908020020e-01
3.643078505992889404e-01
3.722573220729827881e-01
5.260262489318847656e-01
4.465414583683013916e-01
6.249688267707824707e-01
4.491095840930938721e-01
4.257155060768127441e-01
3.666682243347167969e-01
5.790957212448120117e-01
5.652462244033813477e-01
5.427982807159423828e-01
3.735376298427581787e-01
5.864349007606506348e-01
5.683733224868774414e-01
5.412047505378723145e-01
4.339473843574523926e-01
5.746061205863952637e-01
3.797381818294525146e-01
3.860895633697509766e-01
4.964679181575775146e-01
3.636175096035003662e-01
5.598426461219787598e-01
5.637571215629577637e-01
3.882289230823516846e-01
4.413935244083404541e-01
5.168160796165466309e-01
5.830082893371582031e-01
5.047222375869750977e-01
4.183859527111053467e-01
4.446482658386230469e-01
5.369218587875366211e-01
4.080954790115356445e-01
5.254781246185302734e-01
6.115435957908630371e-01
3.741228878498077393e-01
4.340447783470153809e-01
4.099729657173156738e-01
5.057094097137451172e-01
3.806682527065277100e-01
3.574314117431640625e-01
3.491777479648590088e-01
4.276367425918579102e-01
3.731662929058074951e-01
4.260195195674896240e-01
4.754701256752014160e-01
3.662738800048828125e-01
5.838060379028320312e-01
3.839890062808990479e-01
3.591594398021697998e-01
5.375799536705017090e-01
3.508729040622711182e-01
3.603559732437133789e-01
4.604755342006683350e-01
5.580882430076599121e-01
6.170758605003356934e-01
5.812698006629943848e-01
4.036102890968322754e-01
6.239567399024963379e-01
5.687643885612487793e-01
4.997643232345581055e-01
4.167110323905944824e-01
6.090539097785949707e-01
6.097685694694519043e-01
3.939262628555297852e-01
4.580940902233123779e-01
3.979235887527465820e-01
3.513324260711669922e-01
4.079571068286895752e-01
5.307786464691162109e-01
3.928523063659667969e-01
3.648155927658081055e-01
4.689774513244628906e-01
5.652672052383422852e-01
3.741463124752044678e-01
4.511117041110992432e-01
5.370068550109863281e-01
4.495372474193572998e-01
4.982726871967315674e-01
4.649595022201538086e-01
3.469826281070709229e-01
4.952462613582611084e-01
5.579197406768798828e-01
3.881749808788299561e-01
5.676716566085815430e-01
3.623532950878143311e-01
4.569067955017089844e-01
5.985767841339111328e-01
4.234056770801544189e-01
3.718368411064147949e-01
6.170669198036193848e-01
3.757838308811187744e-01
4.090195894241333008e-01
6.227580904960632324e-01
4.298259615898132324e-01
5.653902292251586914e-01
5.655045509338378906e-01
3.626970946788787842e-01
6.255360245704650879e-01
4.543581902980804443e-01
5.894402265548706055e-01
3.898853659629821777e-01
5.165037512779235840e-01
5.990871191024780273e-01
3.612460792064666748e-01
3.474457561969757080e-01
5.571847558021545410e-01
5.772420167922973633e-01
6.013685464859008789e-01
4.031482040882110596e-01
4.892755746841430664e-01
4.328475892543792725e-01
6.154496073722839355e-01
4.926994442939758301e-01
5.703901052474975586e-01
5.692682266235351562e-01
5.732538700103759766e-01
3.455317914485931396e-01
3.875218927860260010e-01
6.108444333076477051e-01
4.098850488662719727e-01
4.677692949771881104e-01
5.503735542297363281e-01
3.710165321826934814e-01
6.010451912879943848e-01
4.231038689613342285e-01
6.083426475524902344e-01
6.162196397781372070e-01
3.996637463569641113e-01
5.579686760902404785e-01
3.637122511863708496e-01
3.499810397624969482e-01
6.045423746109008789e-01
5.903505682945251465e-01
6.144817471504211426e-01
5.931888222694396973e-01
5.690883398056030273e-01
3.745554685592651367e-01
4.298930466175079346e-01
6.082662940025329590e-01
6.011438965797424316e-01
5.769738554954528809e-01
6.186830401420593262e-01
5.145192146301269531e-01
4.688232243061065674e-01
3.537470102310180664e-01
4.094749987125396729e-01
5.383354425430297852e-01
3.790760934352874756e-01
5.917343497276306152e-01
3.502098917961120605e-01
6.198656558990478516e-01
5.760465860366821289e-01
4.894104003906250000e-01
5.760211348533630371e-01
4.160493016242980957e-01
5.476193428039550781e-01
3.669377565383911133e-01
6.047747731208801270e-01
3.526013195514678955e-01
4.725466668605804443e-01
5.402156710624694824e-01
3.917438983917236328e-01
4.064297378063201904e-01
6.145909428596496582e-01
5.668980479240417480e-01
3.452810943126678467e-01
5.974466204643249512e-01
6.230792403221130371e-01
6.067799925804138184e-01
5.221775174140930176e-01
5.333072543144226074e-01
3.997196555137634277e-01
4.235105812549591064e-01
3.828622996807098389e-01
5.816910266876220703e-01
3.489616513252258301e-01
3.510149419307708740e-01
5.832090973854064941e-01
5.763792991638183594e-01
3.779877424240112305e-01
4.156567752361297607e-01
3.747582435607910156e-01
3.561477363109588623e-01
5.611207485198974609e-01
3.953788280487060547e-01
6.173322200775146484e-01
5.283972024917602539e-01
4.447085261344909668e-01
3.477409482002258301e-01
5.508874058723449707e-01
5.571581721305847168e-01
3.477983474731445312e-01
4.009224474430084229e-01
5.634721517562866211e-01
3.831448853015899658e-01
6.087426543235778809e-01
3.545489311218261719e-01
4.215937554836273193e-01
5.409367680549621582e-01
6.017685532569885254e-01
3.567394316196441650e-01
5.894458889961242676e-01
5.725404024124145508e-01
3.431093990802764893e-01
6.139203906059265137e-01
3.665134012699127197e-01
3.471498489379882812e-01
5.135272145271301270e-01
4.109740257263183594e-01
3.786128461360931396e-01
5.750311017036437988e-01
6.003533005714416504e-01
4.351448714733123779e-01
3.558744490146636963e-01
3.558446168899536133e-01
6.260559558868408203e-01
4.225391149520874023e-01
4.763177931308746338e-01
4.395419359207153320e-01
5.756972432136535645e-01
3.639268875122070312e-01
5.687224268913269043e-01
4.365147054195404053e-01
3.966739177703857422e-01
4.529654085636138916e-01
3.530342578887939453e-01
4.361611902713775635e-01
5.103588104248046875e-01
3.796630501747131348e-01
6.060686707496643066e-01
4.288080930709838867e-01
4.454606771469116211e-01
5.752324461936950684e-01
3.706819713115692139e-01
5.520450472831726074e-01
3.732458651065826416e-01
3.499074876308441162e-01
4.766294658184051514e-01
4.676849246025085449e-01
5.489000082015991211e-01
3.703381717205047607e-01
4.307773411273956299e-01
6.233504414558410645e-01
4.274623394012451172e-01
5.363332629203796387e-01
3.624684810638427734e-01
3.800975382328033447e-01
6.047825813293457031e-01
5.519589781761169434e-01
3.542676866054534912e-01
6.171589493751525879e-01
5.252772569656372070e-01
5.950222611427307129e-01
5.210474133491516113e-01
4.712203443050384521e-01
3.850477039813995361e-01
3.422075808048248291e-01
6.196597814559936523e-01
4.341660737991333008e-01
3.530206978321075439e-01
6.032856106758117676e-01
3.905891478061676025e-01
4.135227203369140625e-01
5.243693590164184570e-01
5.756261944770812988e-01
3.623293936252593994e-01
3.712337911128997803e-01
5.646020770072937012e-01
6.269108653068542480e-01
3.626688718795776367e-01
5.809679031372070312e-01
5.654323101043701172e-01
4.001969397068023682e-01
4.115115702152252197e-01
5.917598009109497070e-01
6.087198853492736816e-01
4.143865704536437988e-01
3.739723563194274902e-01
4.207062423229217529e-01
6.118932366371154785e-01
5.026736855506896973e-01
3.881386518478393555e-01
4.594448804855346680e-01
6.013679504394531250e-01
4.713514745235443115e-01
3.732002973556518555e-01
5.839084386825561523e-01
5.204600691795349121e-01
3.524735867977142334e-01
4.156428277492523193e-01
3.511789143085479736e-01
5.228465795516967773e-01
3.932933211326599121e-01
4.307943284511566162e-01
5.863285064697265625e-01
5.255410671234130859e-01
4.250216782093048096e-01
3.621545732021331787e-01
6.098665595054626465e-01
5.408698320388793945e-01
4.574300348758697510e-01
3.869722783565521240e-01
5.231005549430847168e-01
5.758499503135681152e-01
5.613262057304382324e-01
4.059905707836151123e-01
3.886999487876892090e-01
4.797031283378601074e-01
5.793401598930358887e-01
5.512641668319702148e-01
5.794523954391479492e-01
4.257234334945678711e-01
5.602931976318359375e-01
3.472244739532470703e-01
3.691899776458740234e-01
3.735271990299224854e-01
3.913531899452209473e-01
6.191554665565490723e-01
4.305692315101623535e-01
4.133155345916748047e-01
5.591159462928771973e-01
5.541086792945861816e-01
3.460236191749572754e-01
6.116883158683776855e-01
5.490068197250366211e-01
5.869918465614318848e-01
4.134715199470520020e-01
3.487390577793121338e-01
3.783823251724243164e-01
5.370543599128723145e-01
3.596792519092559814e-01
3.454375267028808594e-01
5.773586630821228027e-01
4.737217426300048828e-01
4.921889007091522217e-01
4.555760324001312256e-01
6.278197169303894043e-01
3.747292757034301758e-01
6.169829964637756348e-01
5.888317823410034180e-01
3.857760429382324219e-01
4.596856832504272461e-01
4.135175049304962158e-01
5.843300819396972656e-01
5.291709899902343750e-01
5.431469082832336426e-01
5.967155694961547852e-01
4.525152444839477539e-01
3.596708774566650391e-01
5.594784021377563477e-01
5.904493927955627441e-01
3.554111123085021973e-01
3.705085217952728271e-01
6.276262998580932617e-01
6.202360391616821289e-01
6.039593219757080078e-01
6.193171143531799316e-01
4.636687636375427246e-01
6.242310404777526855e-01
5.205003619194030762e-01
3.468476831912994385e-01
5.408289432525634766e-01
6.227722764015197754e-01
5.945716500282287598e-01
5.433093309402465820e-01
3.721637427806854248e-01
6.021161079406738281e-01
4.587302803993225098e-01
3.561794161796569824e-01
5.329349637031555176e-01
5.318993330001831055e-01
4.599426090717315674e-01
4.126079380512237549e-01
6.224271655082702637e-01
3.867386877536773682e-01
5.024676918983459473e-01
5.871309638023376465e-01
5.261664390563964844e-01
5.568282604217529297e-01
3.939538896083831787e-01
3.724144995212554932e-01
3.614630103111267090e-01
6.150920391082763672e-01
5.456602573394775391e-01
5.169237852096557617e-01
4.427197277545928955e-01
3.959707915782928467e-01
6.200320124626159668e-01
3.680762946605682373e-01
4.057351350784301758e-01
6.268187761306762695e-01
4.125491678714752197e-01
5.833689570426940918e-01
6.012744903564453125e-01
4.042953550815582275e-01
6.093435287475585938e-01
5.711287260055541992e-01
5.618751049041748047e-01
6.001189351081848145e-01
4.207943081855773926e-01
4.260978102684020996e-01
3.798580765724182129e-01
3.654904067516326904e-01
6.118010282516479492e-01
3.879536986351013184e-01
5.668255686759948730e-01
6.059337854385375977e-01
5.511155724525451660e-01
3.783237040042877197e-01
6.145559549331665039e-01
4.804968535900115967e-01
4.000344872474670410e-01
4.953380823135375977e-01
4.975227713584899902e-01
6.115878820419311523e-01
5.347804427146911621e-01
4.619632065296173096e-01
4.664300382137298584e-01
4.823640584945678711e-01
4.890666902065277100e-01
5.291533470153808594e-01
6.156302094459533691e-01
4.479619860649108887e-01
5.063575506210327148e-01
3.561568260192871094e-01
4.498446583747863770e-01
3.595776259899139404e-01
5.679413080215454102e-01
6.058874130249023438e-01
5.832583308219909668e-01
3.627674281597137451e-01
3.830507695674896240e-01
6.193234920501708984e-01
4.550108909606933594e-01
3.604788482189178467e-01
6.020457148551940918e-01
3.509516716003417969e-01
5.675825476646423340e-01
5.498304367065429688e-01
3.442369103431701660e-01
4.153833687305450439e-01
3.976276814937591553e-01
5.025016069412231445e-01
5.930736064910888672e-01
4.739066362380981445e-01
4.664630293846130371e-01
6.250306963920593262e-01
3.509161472320556641e-01
4.373540580272674561e-01
6.272074580192565918e-01
5.181645154953002930e-01
4.134933054447174072e-01
6.039367318153381348e-01
6.250659823417663574e-01
4.767435491085052490e-01
5.492078065872192383e-01
4.041348695755004883e-01
5.244094133377075195e-01
4.631939828395843506e-01
5.310732722282409668e-01
5.574756860733032227e-01
3.759654760360717773e-01
5.373193621635437012e-01
5.635129213333129883e-01
4.939479827880859375e-01
4.146845042705535889e-01
3.559896647930145264e-01
6.238340735435485840e-01
5.591266751289367676e-01
3.889301717281341553e-01
5.276998877525329590e-01
4.039675295352935791e-01
5.886294841766357422e-01
3.558542728424072266e-01
3.600419759750366211e-01
3.594584763050079346e-01
3.761831521987915039e-01
5.668335556983947754e-01
5.555129051208496094e-01
6.170467734336853027e-01
6.036663651466369629e-01
3.641655445098876953e-01
5.359019041061401367e-01
4.712398350238800049e-01
6.026887893676757812e-01
5.586622357368469238e-01
4.338667094707489014e-01
5.107679367065429688e-01
5.994753837585449219e-01
3.465906381607055664e-01
3.884713947772979736e-01
5.218378305435180664e-01
3.531367480754852295e-01
5.727829337120056152e-01
3.493844866752624512e-01
4.355567693710327148e-01
3.520993888378143311e-01
4.430450499057769775e-01
4.069982767105102539e-01
4.000024497509002686e-01
6.295153498649597168e-01
5.867748856544494629e-01
6.239774823188781738e-01
5.131017565727233887e-01
3.573447763919830322e-01
3.873529434204101562e-01
4.014343321323394775e-01
5.648822188377380371e-01
5.872672200202941895e-01
3.506823182106018066e-01
5.206881165504455566e-01
4.015258550643920898e-01
3.990400433540344238e-01
3.603367507457733154e-01
5.741910934448242188e-01
6.152576804161071777e-01
4.635158181190490723e-01
6.019396185874938965e-01
3.524132370948791504e-01
6.070765256881713867e-01
6.027750372886657715e-01
5.768907070159912109e-01
6.165021061897277832e-01
3.444095849990844727e-01
3.999138772487640381e-01
4.938606321811676025e-01
6.071877479553222656e-01
6.111996173858642578e-01
3.487322628498077393e-01
3.704316318035125732e-01
5.947424769401550293e-01
4.205181598663330078e-01
3.662169575691223145e-01
6.022691130638122559e-01
5.760517120361328125e-01
6.052726507186889648e-01
3.823466002941131592e-01
6.198745369911193848e-01
3.608013391494750977e-01
3.854855597019195557e-01
4.305385053157806396e-01
4.648936092853546143e-01
5.140258669853210449e-01
4.233570396900177002e-01
3.476517200469970703e-01
3.495960831642150879e-01
3.507046401500701904e-01
3.445501923561096191e-01
4.990482032299041748e-01
5.772858858108520508e-01
5.515538454055786133e-01
5.447533130645751953e-01
6.159606575965881348e-01
5.999084711074829102e-01
3.940878808498382568e-01
3.449082076549530029e-01
5.608568191528320312e-01
5.602864623069763184e-01
4.684399962425231934e-01
3.515503704547882080e-01
6.182269454002380371e-01
4.199219644069671631e-01
4.593578875064849854e-01
4.543229341506958008e-01
3.850785195827484131e-01
3.887628912925720215e-01
5.935542583465576172e-01
5.676945447921752930e-01
3.642209172248840332e-01
3.754009008407592773e-01
6.166964173316955566e-01
4.513093531131744385e-01
4.606849551200866699e-01
5.708951950073242188e-01
5.062040686607360840e-01
6.021566987037658691e-01
5.875072479248046875e-01
3.807451128959655762e-01
5.838216543197631836e-01
6.156214475631713867e-01
3.780246973037719727e-01
4.100311696529388428e-01
4.993229210376739502e-01
4.279026985168457031e-01
3.562149405479431152e-01
4.531552195549011230e-01
4.052913784980773926e-01
4.540392160415649414e-01
5.464279651641845703e-01
3.465614318847656250e-01
6.067043542861938477e-01
5.712708234786987305e-01
6.096352338790893555e-01
4.667909145355224609e-01
5.598608255386352539e-01
5.300357937812805176e-01
4.627144634723663330e-01
3.589170575141906738e-01
5.447930097579956055e-01
3.958523869514465332e-01
6.052497625350952148e-01
3.684749603271484375e-01
3.669512569904327393e-01
3.500162661075592041e-01
4.003029763698577881e-01
3.543409705162048340e-01
3.989674448966979980e-01
5.986235141754150391e-01
4.345143139362335205e-01
3.692100048065185547e-01
5.375806689262390137e-01
5.701425671577453613e-01
6.242070198059082031e-01
3.453415334224700928e-01
3.641948103904724121e-01
5.338478088378906250e-01
5.922904014587402344e-01
3.730651736259460449e-01
4.436950981616973877e-01
3.589539825916290283e-01
4.306898713111877441e-01
5.125378370285034180e-01
5.899600982666015625e-01
6.114611029624938965e-01
3.668948709964752197e-01
4.831201136112213135e-01
5.429381728172302246e-01
4.163700342178344727e-01
5.420138835906982422e-01
4.386901259422302246e-01
6.102736592292785645e-01
4.905844926834106445e-01
4.005636870861053467e-01
3.795054852962493896e-01
5.318257212638854980e-01
3.911718428134918213e-01
4.305230081081390381e-01
3.813281953334808350e-01
4.016224741935729980e-01
5.145524740219116211e-01
4.472630023956298828e-01
4.751195907592773438e-01
4.648415148258209229e-01
6.034283638000488281e-01
4.507242739200592041e-01
3.668100535869598389e-01
5.277928709983825684e-01
6.060493588447570801e-01
4.938412010669708252e-01
4.515955746173858643e-01
4.739505350589752197e-01
3.762958943843841553e-01
3.692501783370971680e-01
4.928978085517883301e-01
4.774146080017089844e-01
6.078698635101318359e-01
6.269710659980773926e-01
4.713492989540100098e-01
3.656424880027770996e-01
6.066592931747436523e-01
6.113054156303405762e-01
5.098238587379455566e-01
4.143672585487365723e-01
3.990951478481292725e-01
6.041018366813659668e-01
3.751894533634185791e-01
5.758240222930908203e-01
6.065659523010253906e-01
3.628853857517242432e-01
3.538101613521575928e-01
5.041396617889404297e-01
5.846145749092102051e-01
3.679700493812561035e-01
4.121579527854919434e-01
4.112623333930969238e-01
3.784297406673431396e-01
5.165565609931945801e-01
5.146946310997009277e-01
5.887287855148315430e-01
3.624793291091918945e-01
5.468024015426635742e-01
5.881164073944091797e-01
5.167023539543151855e-01
5.216094851493835449e-01
6.211370229721069336e-01
4.602710902690887451e-01
3.719538152217864990e-01
3.738023042678833008e-01
6.282520890235900879e-01
3.945765793323516846e-01
4.428888857364654541e-01
3.955459594726562500e-01
4.105617702007293701e-01
4.418289959430694580e-01
4.558322429656982422e-01
5.117021203041076660e-01
5.320884585380554199e-01
5.904210805892944336e-01
6.162618398666381836e-01
4.645692408084869385e-01
4.084427654743194580e-01
5.558730363845825195e-01
3.613510727882385254e-01
5.895621776580810547e-01
6.099547743797302246e-01
5.147759318351745605e-01
5.805954337120056152e-01
5.431460142135620117e-01
5.609249472618103027e-01
3.740435838699340820e-01
6.019159555435180664e-01
4.917595684528350830e-01
5.332248210906982422e-01
3.960479795932769775e-01
4.033385515213012695e-01
6.038195490837097168e-01
3.548890352249145508e-01
3.764923512935638428e-01
3.891980350017547607e-01
5.821308493614196777e-01
5.723079442977905273e-01
5.841687917709350586e-01
3.615678548812866211e-01
3.939906656742095947e-01
6.270293593406677246e-01
5.714088082313537598e-01
5.619442462921142578e-01
5.857567191123962402e-01
3.670614361763000488e-01
5.870427489280700684e-01
6.190915107727050781e-01
4.348198473453521729e-01
5.956840515136718750e-01
4.438700675964355469e-01
5.335660576820373535e-01
4.084898233413696289e-01
4.952657520771026611e-01
5.611687302589416504e-01
3.966018259525299072e-01
5.393846631050109863e-01
3.674980103969573975e-01
3.724482059478759766e-01
4.441287517547607422e-01
5.679520368576049805e-01
5.305687189102172852e-01
6.097992658615112305e-01
3.534610569477081299e-01
5.861203074455261230e-01
3.507893979549407959e-01
6.188759803771972656e-01
6.235386729240417480e-01
5.459473133087158203e-01
5.577448010444641113e-01
6.214292049407958984e-01
5.963076353073120117e-01
4.489132165908813477e-01
3.674161136150360107e-01
4.171084463596343994e-01
3.566885888576507568e-01
5.985695123672485352e-01
3.738362789154052734e-01
5.248842835426330566e-01
3.928665816783905029e-01
4.907552897930145264e-01
3.694561421871185303e-01
5.281718969345092773e-01
4.093599021434783936e-01
6.109668612480163574e-01
5.456663966178894043e-01
3.962477147579193115e-01
5.401895642280578613e-01
5.783805847167968750e-01
5.443951487541198730e-01
5.042815804481506348e-01
5.665881037712097168e-01
3.540729582309722900e-01
4.002569019794464111e-01
4.952997267246246338e-01
4.308169782161712646e-01
5.204758048057556152e-01
5.958340764045715332e-01
5.463225245475769043e-01
3.750656843185424805e-01
3.735168874263763428e-01
5.506991147994995117e-01
3.676163554191589355e-01
3.450587689876556396e-01
6.091634035110473633e-01
4.390543699264526367e-01
6.209354996681213379e-01
4.865685999393463135e-01
3.661541640758514404e-01
6.005496382713317871e-01
3.702191114425659180e-01
6.144616007804870605e-01
5.170140862464904785e-01
3.703291416168212891e-01
3.892502188682556152e-01
5.902726650238037109e-01
4.676131606101989746e-01
4.425473809242248535e-01
4.044196307659149170e-01
5.078033208847045898e-01
5.301707983016967773e-01
5.253363251686096191e-01
5.724219083786010742e-01
6.123602390289306641e-01
5.398026108741760254e-01
4.763479232788085938e-01
3.561374545097351074e-01
3.636377751827239990e-01
4.171961545944213867e-01
4.761483371257781982e-01
3.726376593112945557e-01
4.551491737365722656e-01
3.809328675270080566e-01
4.090425968170166016e-01
5.791638493537902832e-01
6.190154552459716797e-01
4.492169916629791260e-01
5.441901683807373047e-01
5.989258885383605957e-01
5.888007879257202148e-01
6.195041537284851074e-01
4.731915891170501709e-01
4.747079610824584961e-01
5.219735503196716309e-01
5.947551727294921875e-01
6.180689930915832520e-01
3.656424283981323242e-01
4.701899886131286621e-01
4.432036280632019043e-01
5.668003559112548828e-01
3.730245232582092285e-01
3.500372767448425293e-01
5.668691396713256836e-01
4.074887037277221680e-01
5.032314658164978027e-01
6.252421736717224121e-01
6.066516637802124023e-01
3.764002025127410889e-01
4.835271537303924561e-01
3.794369697570800781e-01
3.497028350830078125e-01
6.043539643287658691e-01
3.629159033298492432e-01
4.260709583759307861e-01
3.946890830993652344e-01
4.152261912822723389e-01
5.582750439643859863e-01
3.752765357494354248e-01
3.514619171619415283e-01
4.304707646369934082e-01
3.537457585334777832e-01
5.296259522438049316e-01
4.859197139739990234e-01
5.731021761894226074e-01
3.971026241779327393e-01
6.104770302772521973e-01
3.958356678485870361e-01
3.841421008110046387e-01
5.599761009216308594e-01
4.064967334270477295e-01
3.733355402946472168e-01
5.189967155456542969e-01
5.398738980293273926e-01
5.675676465034484863e-01
5.801326632499694824e-01
5.758243799209594727e-01
3.650749325752258301e-01
3.504294455051422119e-01
4.774568676948547363e-01
3.557998538017272949e-01
3.585123419761657715e-01
5.952401161193847656e-01
4.899145066738128662e-01
4.393117725849151611e-01
3.579849898815155029e-01
5.834801793098449707e-01
6.230241060256958008e-01
6.000211834907531738e-01
5.663965344429016113e-01
6.019838452339172363e-01
3.758540749549865723e-01
5.009215474128723145e-01
6.135578155517578125e-01
4.540024101734161377e-01
6.095117926597595215e-01
3.635817170143127441e-01
4.267840981483459473e-01
6.143276095390319824e-01
6.196191906929016113e-01
3.616808950901031494e-01
6.031998395919799805e-01
5.229015350341796875e-01
