3.355894982814788818e-01
3.655487596988677979e-01
6.198455691337585449e-01
3.684478998184204102e-01
5.757869482040405273e-01
3.478858172893524170e-01
5.523072481155395508e-01
5.612108707427978516e-01
6.369341611862182617e-01
3.722171187400817871e-01
4.325766265392303467e-01
5.063522458076477051e-01
3.420942425727844238e-01
4.423091113567352295e-01
6.214892268180847168e-01
3.631648421287536621e-01
4.171591401100158691e-01
5.680480599403381348e-01
6.185372471809387207e-01
4.545059800148010254e-01
6.044684052467346191e-01
4.097469747066497803e-01
4.427543580532073975e-01
5.938287377357482910e-01
3.398880958557128906e-01
6.348747014999389648e-01
4.655086398124694824e-01
4.198247790336608887e-01
6.125440001487731934e-01
6.362144351005554199e-01
3.724368512630462646e-01
6.224320530891418457e-01
3.556107878684997559e-01
5.019453167915344238e-01
4.659282565116882324e-01
4.271689951419830322e-01
6.125292778015136719e-01
5.058180093765258789e-01
5.172368884086608887e-01
5.946946144104003906e-01
3.684481680393218994e-01
3.778302967548370361e-01
3.730277717113494873e-01
6.187007427215576172e-01
6.102517247200012207e-01
6.071311235427856445e-01
5.952485799789428711e-01
3.583345711231231689e-01
3.736226260662078857e-01
4.869530797004699707e-01
3.664176762104034424e-01
6.165970563888549805e-01
4.802070260047912598e-01
3.789926469326019287e-01
4.966450929641723633e-01
6.071220040321350098e-01
4.858449101448059082e-01
5.630846023559570312e-01
4.320906102657318115e-01
6.311485767364501953e-01
6.319282054901123047e-01
5.783855915069580078e-01
4.196797311305999756e-01
3.465190529823303223e-01
5.068286657333374023e-01
6.286985874176025391e-01
4.734002053737640381e-01
4.313963055610656738e-01
4.336746037006378174e-01
3.881765305995941162e-01
5.933458805084228516e-01
3.574642539024353027e-01
5.876737833023071289e-01
3.689828515052795410e-01
4.526598453521728516e-01
5.341486930847167969e-01
4.074747264385223389e-01
4.586200416088104248e-01
5.710228085517883301e-01
6.046112179756164551e-01
4.614506363868713379e-01
3.709010183811187744e-01
4.377362728118896484e-01
4.080698192119598389e-01
4.534386694431304932e-01
3.665732145309448242e-01
4.734633564949035645e-01
6.343121528625488281e-01
6.267089247703552246e-01
6.147955060005187988e-01
6.063054203987121582e-01
4.475469887256622314e-01
3.343856036663055420e-01
6.175665855407714844e-01
5.530439615249633789e-01
5.548444986343383789e-01
4.549538791179656982e-01
4.483992457389831543e-01
6.241336464881896973e-01
6.205675005912780762e-01
4.588848054409027100e-01
3.897453546524047852e-01
3.842220604419708252e-01
4.865504205226898193e-01
5.410346388816833496e-01
4.188893735408782959e-01
6.248806715011596680e-01
5.862070918083190918e-01
3.928976058959960938e-01
6.267281770706176758e-01
4.831933081150054932e-01
4.953069090843200684e-01
4.040746092796325684e-01
5.876785516738891602e-01
4.610355496406555176e-01
3.773729503154754639e-01
6.278209090232849121e-01
3.444028198719024658e-01
6.109646558761596680e-01
3.988688588142395020e-01
6.195945143699645996e-01
5.925751924514770508e-01
6.142001748085021973e-01
3.464229404926300049e-01
3.406179547309875488e-01
6.327596902847290039e-01
3.558170795440673828e-01
3.964917957782745361e-01
3.482260406017303467e-01
3.635058403015136719e-01
5.658252239227294922e-01
5.490325689315795898e-01
5.626283288002014160e-01
4.280528426170349121e-01
4.377735555171966553e-01
3.779550492763519287e-01
6.112493276596069336e-01
4.746354520320892334e-01
6.270004510879516602e-01
6.267197132110595703e-01
5.266167521476745605e-01
5.669360756874084473e-01
6.174871325492858887e-01
6.319698095321655273e-01
4.527281820774078369e-01
4.310196638107299805e-01
4.786571264266967773e-01
5.827674865722656250e-01
4.218365550041198730e-01
5.397758483886718750e-01
6.053627133369445801e-01
5.611537098884582520e-01
3.885210156440734863e-01
3.351683914661407471e-01
6.130996942520141602e-01
5.916470885276794434e-01
5.964539051055908203e-01
5.956125259399414062e-01
6.211332082748413086e-01
3.810770809650421143e-01
3.656232059001922607e-01
6.057627201080322266e-01
5.916966199874877930e-01
6.024884581565856934e-01
6.297234892845153809e-01
6.239444613456726074e-01
4.753864109516143799e-01
6.212428212165832520e-01
4.883055686950683594e-01
4.175530374050140381e-01
3.481754064559936523e-01
6.156580448150634766e-01
4.416452348232269287e-01
3.995009064674377441e-01
3.406647443771362305e-01
6.205151677131652832e-01
4.078090190887451172e-01
6.162031888961791992e-01
3.736536502838134766e-01
5.084608197212219238e-01
3.755094707012176514e-01
5.612829327583312988e-01
3.535689115524291992e-01
5.998103022575378418e-01
5.670795440673828125e-01
4.710670709609985352e-01
5.467121005058288574e-01
6.278173327445983887e-01
3.623681664466857910e-01
3.671886324882507324e-01
5.096880197525024414e-01
6.284496784210205078e-01
3.645727038383483887e-01
5.950750708580017090e-01
3.544511497020721436e-01
5.770509243011474609e-01
5.225908756256103516e-01
4.194378554821014404e-01
4.132907092571258545e-01
6.299256682395935059e-01
5.019691586494445801e-01
4.842241406440734863e-01
6.261485219001770020e-01
6.257539391517639160e-01
4.128371477127075195e-01
6.155638098716735840e-01
3.382462561130523682e-01
4.325921833515167236e-01
4.021297991275787354e-01
5.953885912895202637e-01
6.172519922256469727e-01
5.447866916656494141e-01
4.588910937309265137e-01
4.330493807792663574e-01
5.211603641510009766e-01
4.145490825176239014e-01
4.375714063644409180e-01
5.271924138069152832e-01
6.132725477218627930e-01
3.720029890537261963e-01
6.168323755264282227e-01
6.095042228698730469e-01
4.484983980655670166e-01
3.360999226570129395e-01
6.212158799171447754e-01
3.856457471847534180e-01
4.342637062072753906e-01
3.584304749965667725e-01
5.570772290229797363e-01
5.619133114814758301e-01
6.086363196372985840e-01
6.211647987365722656e-01
6.329979300498962402e-01
4.649820923805236816e-01
4.617635309696197510e-01
6.133252978324890137e-01
6.068269014358520508e-01
6.318904161453247070e-01
3.572806417942047119e-01
6.354381442070007324e-01
4.266307353973388672e-01
5.139384269714355469e-01
5.820801854133605957e-01
5.656411647796630859e-01
6.002463698387145996e-01
6.285308003425598145e-01
4.942621886730194092e-01
5.621817708015441895e-01
4.121421575546264648e-01
3.735223412513732910e-01
3.664221167564392090e-01
3.729153871536254883e-01
6.257019042968750000e-01
5.930011868476867676e-01
4.050096273422241211e-01
6.123766303062438965e-01
6.314030885696411133e-01
3.338867127895355225e-01
6.094346046447753906e-01
4.299226701259613037e-01
4.034247696399688721e-01
6.186598539352416992e-01
3.423708677291870117e-01
5.593791604042053223e-01
3.478176891803741455e-01
6.191253066062927246e-01
3.896938860416412354e-01
4.988684058189392090e-01
5.552933812141418457e-01
5.944850444793701172e-01
5.057855248451232910e-01
4.998535215854644775e-01
5.143338441848754883e-01
5.464327931404113770e-01
4.634815454483032227e-01
5.125665068626403809e-01
6.387301683425903320e-01
6.177993416786193848e-01
4.592517614364624023e-01
3.813226819038391113e-01
3.597560226917266846e-01
6.000348329544067383e-01
5.877187252044677734e-01
4.092350602149963379e-01
6.299587488174438477e-01
6.332944631576538086e-01
5.205169320106506348e-01
6.259658336639404297e-01
4.694602191448211670e-01
3.726546466350555420e-01
3.657862246036529541e-01
3.496285974979400635e-01
6.108022332191467285e-01
5.270062088966369629e-01
3.873455226421356201e-01
5.028121471405029297e-01
3.531199693679809570e-01
5.111770033836364746e-01
5.511950850486755371e-01
5.123363733291625977e-01
5.204988121986389160e-01
5.172585248947143555e-01
6.166924238204956055e-01
3.559158146381378174e-01
6.303681731224060059e-01
6.129091382026672363e-01
3.592034280300140381e-01
5.967938899993896484e-01
5.526158809661865234e-01
6.350004673004150391e-01
5.983670949935913086e-01
4.506849050521850586e-01
4.902810156345367432e-01
6.314885616302490234e-01
3.762863874435424805e-01
6.113196015357971191e-01
6.055785417556762695e-01
3.414371013641357422e-01
5.060393810272216797e-01
4.462409019470214844e-01
3.534029722213745117e-01
5.365037322044372559e-01
3.723111748695373535e-01
3.964525163173675537e-01
3.578055799007415771e-01
6.326939463615417480e-01
6.248073577880859375e-01
6.048529148101806641e-01
4.674704670906066895e-01
5.852991938591003418e-01
4.316195547580718994e-01
4.728419780731201172e-01
4.098962843418121338e-01
5.718916058540344238e-01
4.623515009880065918e-01
5.983191728591918945e-01
4.684834182262420654e-01
4.958997368812561035e-01
3.426331579685211182e-01
5.845006108283996582e-01
3.383059799671173096e-01
4.659453034400939941e-01
3.941220045089721680e-01
6.065670251846313477e-01
4.255767464637756348e-01
6.136999726295471191e-01
3.439540863037109375e-01
3.753993511199951172e-01
5.493648648262023926e-01
6.177639365196228027e-01
3.589072525501251221e-01
3.761033117771148682e-01
5.390601754188537598e-01
5.983660221099853516e-01
3.668286502361297607e-01
6.320562958717346191e-01
4.384149014949798584e-01
3.695824444293975830e-01
4.931434094905853271e-01
4.937865436077117920e-01
4.011684060096740723e-01
3.740119636058807373e-01
5.903101563453674316e-01
6.334965229034423828e-01
6.023767590522766113e-01
4.269958138465881348e-01
6.191537976264953613e-01
4.144775569438934326e-01
3.520247936248779297e-01
5.469509959220886230e-01
3.732885718345642090e-01
6.289945840835571289e-01
3.465073108673095703e-01
4.060445725917816162e-01
5.785750746726989746e-01
4.796972572803497314e-01
4.068245291709899902e-01
4.283514916896820068e-01
4.652912616729736328e-01
4.078420698642730713e-01
6.260361671447753906e-01
6.315252780914306641e-01
3.641217947006225586e-01
5.241782665252685547e-01
3.753632009029388428e-01
6.158472299575805664e-01
5.421209931373596191e-01
5.012595653533935547e-01
6.185730695724487305e-01
3.820408284664154053e-01
6.319604516029357910e-01
3.798503279685974121e-01
3.856045603752136230e-01
3.662196397781372070e-01
5.020155906677246094e-01
3.460313975811004639e-01
3.730656504631042480e-01
5.650923848152160645e-01
3.507204651832580566e-01
5.946769118309020996e-01
5.988276600837707520e-01
3.499939143657684326e-01
4.452578425407409668e-01
3.701846897602081299e-01
4.603294134140014648e-01
3.809657692909240723e-01
5.526052117347717285e-01
5.267431735992431641e-01
4.396030902862548828e-01
5.527194738388061523e-01
5.996745228767395020e-01
4.489517509937286377e-01
5.046253204345703125e-01
6.132366061210632324e-01
4.852814376354217529e-01
6.204779148101806641e-01
4.137465059757232666e-01
6.317176818847656250e-01
6.357593536376953125e-01
6.125396490097045898e-01
5.890896916389465332e-01
5.985181927680969238e-01
5.657280087471008301e-01
4.469944834709167480e-01
6.118578910827636719e-01
3.434953391551971436e-01
5.761942267417907715e-01
5.992220640182495117e-01
5.655218362808227539e-01
3.920981884002685547e-01
5.616469383239746094e-01
4.336784183979034424e-01
4.461830854415893555e-01
3.601584136486053467e-01
3.381320536136627197e-01
6.047645211219787598e-01
3.595196902751922607e-01
4.711487293243408203e-01
4.641956686973571777e-01
4.484722912311553955e-01
5.518399477005004883e-01
6.250245571136474609e-01
5.856481790542602539e-01
3.958868384361267090e-01
4.724846780300140381e-01
5.676937103271484375e-01
6.050980091094970703e-01
3.426202237606048584e-01
6.288805603981018066e-01
6.235171556472778320e-01
5.459836721420288086e-01
4.021110832691192627e-01
6.254456043243408203e-01
4.151165783405303955e-01
3.673219680786132812e-01
3.695841729640960693e-01
5.868437290191650391e-01
3.940997421741485596e-01
3.642131984233856201e-01
3.607220947742462158e-01
5.987091064453125000e-01
6.352847814559936523e-01
5.670764446258544922e-01
6.289113163948059082e-01
3.632469177246093750e-01
3.525450229644775391e-01
4.996970295906066895e-01
6.079503297805786133e-01
5.095892548561096191e-01
6.083343029022216797e-01
5.100710391998291016e-01
5.614161491394042969e-01
3.485712110996246338e-01
6.283951997756958008e-01
3.739528656005859375e-01
5.867606997489929199e-01
5.679202675819396973e-01
4.055034220218658447e-01
3.405620455741882324e-01
6.204851269721984863e-01
5.114375948905944824e-01
6.252897977828979492e-01
6.287921667098999023e-01
3.453433513641357422e-01
3.556577563285827637e-01
3.638323843479156494e-01
6.333621740341186523e-01
5.864030122756958008e-01
3.942337334156036377e-01
5.931070446968078613e-01
5.770542621612548828e-01
5.937686562538146973e-01
3.931839168071746826e-01
3.448046147823333740e-01
3.358975648880004883e-01
3.480691015720367432e-01
4.408548474311828613e-01
3.439215421676635742e-01
6.247228980064392090e-01
6.130018830299377441e-01
3.630641102790832520e-01
5.230123996734619141e-01
4.458514750003814697e-01
4.303678572177886963e-01
5.833777785301208496e-01
6.227159500122070312e-01
3.705706596374511719e-01
3.451628088951110840e-01
6.221179962158203125e-01
5.173415541648864746e-01
3.487699329853057861e-01
4.538410902023315430e-01
6.270673871040344238e-01
6.175820231437683105e-01
4.869583845138549805e-01
6.141406297683715820e-01
6.171034574508666992e-01
4.373005926609039307e-01
4.888318777084350586e-01
3.539941608905792236e-01
4.177429676055908203e-01
6.329756975173950195e-01
5.979678630828857422e-01
6.312255859375000000e-01
4.736149907112121582e-01
6.233777403831481934e-01
6.080377697944641113e-01
3.504264652729034424e-01
5.190691351890563965e-01
5.378621220588684082e-01
5.950782299041748047e-01
6.318715810775756836e-01
4.277204871177673340e-01
5.906722545623779297e-01
6.238114833831787109e-01
5.236141085624694824e-01
6.079362034797668457e-01
3.688429296016693115e-01
3.436661064624786377e-01
6.011533737182617188e-01
6.191505193710327148e-01
4.416377544403076172e-01
4.083327353000640869e-01
4.888452589511871338e-01
4.778340458869934082e-01
6.138754487037658691e-01
3.477271795272827148e-01
4.392050802707672119e-01
5.706011056900024414e-01
5.398699641227722168e-01
6.051784753799438477e-01
4.401417970657348633e-01
5.866495966911315918e-01
3.458624780178070068e-01
3.810294866561889648e-01
5.212901830673217773e-01
3.475959002971649170e-01
3.447312116622924805e-01
6.065815687179565430e-01
5.842164158821105957e-01
3.850880265235900879e-01
3.675289154052734375e-01
6.031315326690673828e-01
5.964724421501159668e-01
6.259170770645141602e-01
4.179748296737670898e-01
4.466896951198577881e-01
6.276373267173767090e-01
5.881713032722473145e-01
5.087177157402038574e-01
5.892099738121032715e-01
5.577514171600341797e-01
6.086071133613586426e-01
4.102335870265960693e-01
6.258098483085632324e-01
6.279072761535644531e-01
3.540334701538085938e-01
4.728112220764160156e-01
5.155550241470336914e-01
4.136129319667816162e-01
6.247048974037170410e-01
4.380368590354919434e-01
3.329366147518157959e-01
4.031725227832794189e-01
5.765482187271118164e-01
6.319049000740051270e-01
6.274912357330322266e-01
6.159353256225585938e-01
4.360225498676300049e-01
4.671169221401214600e-01
6.161097884178161621e-01
6.198949813842773438e-01
5.733658671379089355e-01
3.535886108875274658e-01
5.869995355606079102e-01
5.790243148803710938e-01
4.723963737487792969e-01
3.789907395839691162e-01
5.203784108161926270e-01
3.878200650215148926e-01
3.884842991828918457e-01
6.119664907455444336e-01
3.780576586723327637e-01
3.493193387985229492e-01
6.134272813796997070e-01
5.824255943298339844e-01
6.018688082695007324e-01
5.875700712203979492e-01
3.371942639350891113e-01
6.186865568161010742e-01
4.083442687988281250e-01
5.222653150558471680e-01
3.710498213768005371e-01
6.168320178985595703e-01
4.485721588134765625e-01
4.279744923114776611e-01
6.264910697937011719e-01
5.332524180412292480e-01
5.371611714363098145e-01
3.417235910892486572e-01
5.593672394752502441e-01
5.552568435668945312e-01
5.208370685577392578e-01
6.167604327201843262e-01
5.718670487403869629e-01
5.636422634124755859e-01
3.530097603797912598e-01
5.865349769592285156e-01
6.196520328521728516e-01
5.526735782623291016e-01
3.628840446472167969e-01
6.248799562454223633e-01
6.245688796043395996e-01
6.074640154838562012e-01
6.164668202400207520e-01
6.183137297630310059e-01
4.395950138568878174e-01
4.725141525268554688e-01
4.400697946548461914e-01
5.861329436302185059e-01
4.195885956287384033e-01
3.413528203964233398e-01
5.669779777526855469e-01
6.202251911163330078e-01
3.586363196372985840e-01
5.592586994171142578e-01
4.061069190502166748e-01
6.275326013565063477e-01
6.308606863021850586e-01
6.316412687301635742e-01
3.642635643482208252e-01
3.856198787689208984e-01
6.294869780540466309e-01
3.545735776424407959e-01
5.714902281761169434e-01
4.619075953960418701e-01
3.357997536659240723e-01
3.820164799690246582e-01
5.904014706611633301e-01
5.174109935760498047e-01
5.798695087432861328e-01
6.220132112503051758e-01
4.573183953762054443e-01
5.558121204376220703e-01
3.475880026817321777e-01
3.837059140205383301e-01
4.138997197151184082e-01
5.705301165580749512e-01
6.331278085708618164e-01
5.738750696182250977e-01
5.729793310165405273e-01
4.589267373085021973e-01
6.152403950691223145e-01
6.387060284614562988e-01
3.469549417495727539e-01
4.875063896179199219e-01
6.364205479621887207e-01
4.733474254608154297e-01
6.325812339782714844e-01
6.268479228019714355e-01
3.628809452056884766e-01
3.635522723197937012e-01
3.599865436553955078e-01
6.289085745811462402e-01
6.155593395233154297e-01
3.934563696384429932e-01
3.928426802158355713e-01
4.038432538509368896e-01
3.800608217716217041e-01
5.674434304237365723e-01
4.346849620342254639e-01
3.464519083499908447e-01
6.371349096298217773e-01
5.756648778915405273e-01
3.866156339645385742e-01
6.293257474899291992e-01
3.740542232990264893e-01
6.366680264472961426e-01
3.706337213516235352e-01
5.912846326828002930e-01
6.131836771965026855e-01
5.796430706977844238e-01
6.209584474563598633e-01
4.646802246570587158e-01
6.171078085899353027e-01
5.759657621383666992e-01
3.513588905334472656e-01
6.173676848411560059e-01
4.132198691368103027e-01
5.851417779922485352e-01
3.591006398200988770e-01
6.340588927268981934e-01
6.199779510498046875e-01
6.284926533699035645e-01
4.398003816604614258e-01
3.832904100418090820e-01
6.112927794456481934e-01
3.675651252269744873e-01
4.231687486171722412e-01
5.970711112022399902e-01
5.311995148658752441e-01
4.929352104663848877e-01
3.425824344158172607e-01
6.024115681648254395e-01
4.297956228256225586e-01
5.044777393341064453e-01
4.512867331504821777e-01
4.173694252967834473e-01
4.585002064704895020e-01
6.346798539161682129e-01
5.891740322113037109e-01
3.729244172573089600e-01
4.727322757244110107e-01
6.149253249168395996e-01
3.903870582580566406e-01
5.979100465774536133e-01
3.611482381820678711e-01
3.422990441322326660e-01
3.436108529567718506e-01
6.305891871452331543e-01
3.937526047229766846e-01
3.741418719291687012e-01
6.099799871444702148e-01
3.435217142105102539e-01
3.622999191284179688e-01
6.330365538597106934e-01
6.292876005172729492e-01
6.144552826881408691e-01
3.492659330368041992e-01
6.241536736488342285e-01
4.893547892570495605e-01
5.991951227188110352e-01
4.902972877025604248e-01
5.810873508453369141e-01
5.885090231895446777e-01
5.124886035919189453e-01
3.724956214427947998e-01
4.115661084651947021e-01
6.238473057746887207e-01
6.222783923149108887e-01
3.522042036056518555e-01
6.168851852416992188e-01
4.814419448375701904e-01
6.210460066795349121e-01
5.879694819450378418e-01
6.358923912048339844e-01
6.076723933219909668e-01
5.856003761291503906e-01
4.442654550075531006e-01
4.749913811683654785e-01
4.145676195621490479e-01
5.044031739234924316e-01
5.663705468177795410e-01
6.195539236068725586e-01
4.938057363033294678e-01
4.408613741397857666e-01
3.421083986759185791e-01
5.668214559555053711e-01
5.483720898628234863e-01
6.252859234809875488e-01
6.254425644874572754e-01
6.301332116127014160e-01
6.197001934051513672e-01
3.385831713676452637e-01
4.522153437137603760e-01
3.917174935340881348e-01
6.007297039031982422e-01
6.281459927558898926e-01
4.726384878158569336e-01
3.362455964088439941e-01
3.470546603202819824e-01
4.850169122219085693e-01
6.199114918708801270e-01
4.990243315696716309e-01
4.912385642528533936e-01
4.296515583992004395e-01
4.574736356735229492e-01
5.918437838554382324e-01
3.526074290275573730e-01
4.879873394966125488e-01
6.190433502197265625e-01
3.758181929588317871e-01
5.342254042625427246e-01
3.746289908885955811e-01
4.149279892444610596e-01
5.431736111640930176e-01
4.911371171474456787e-01
3.484284877777099609e-01
6.137937307357788086e-01
6.245782375335693359e-01
5.070471763610839844e-01
6.185101866722106934e-01
5.029635429382324219e-01
5.871984362602233887e-01
3.498587608337402344e-01
6.021444797515869141e-01
3.901333510875701904e-01
5.591753721237182617e-01
3.481218218803405762e-01
3.689961433410644531e-01
5.603260993957519531e-01
6.012232303619384766e-01
6.213042736053466797e-01
4.262121915817260742e-01
5.051434636116027832e-01
6.073584556579589844e-01
6.087930202484130859e-01
6.212283372879028320e-01
6.185861229896545410e-01
5.932624936103820801e-01
4.494986832141876221e-01
6.080445647239685059e-01
6.319602131843566895e-01
6.296386122703552246e-01
6.275386810302734375e-01
3.365142643451690674e-01
6.089136600494384766e-01
5.468684434890747070e-01
5.596711039543151855e-01
3.427158892154693604e-01
5.094823241233825684e-01
3.329551517963409424e-01
4.120298624038696289e-01
3.828070163726806641e-01
5.189187526702880859e-01
5.419970750808715820e-01
4.794798791408538818e-01
4.560467004776000977e-01
3.886920809745788574e-01
5.618649721145629883e-01
3.758531510829925537e-01
5.364606380462646484e-01
6.247851848602294922e-01
3.534064292907714844e-01
6.237052083015441895e-01
3.675125539302825928e-01
6.195068359375000000e-01
6.003619432449340820e-01
5.979630351066589355e-01
5.679987668991088867e-01
4.055809378623962402e-01
3.827910125255584717e-01
3.625078201293945312e-01
6.064858436584472656e-01
3.846276700496673584e-01
3.675760626792907715e-01
6.353627443313598633e-01
5.086324810981750488e-01
3.666078746318817139e-01
6.378166675567626953e-01
3.602611124515533447e-01
6.096013188362121582e-01
4.031943976879119873e-01
6.247274875640869141e-01
6.267805695533752441e-01
3.710950016975402832e-01
5.853481292724609375e-01
3.484026789665222168e-01
4.816940724849700928e-01
3.848356604576110840e-01
5.530200004577636719e-01
5.312098264694213867e-01
6.281270384788513184e-01
5.769729614257812500e-01
3.387777805328369141e-01
6.180086135864257812e-01
3.754316866397857666e-01
6.270874738693237305e-01
5.045872330665588379e-01
3.889940977096557617e-01
6.085684299468994141e-01
4.084685742855072021e-01
3.669866323471069336e-01
6.308540105819702148e-01
4.684151411056518555e-01
6.159065365791320801e-01
5.808084607124328613e-01
6.331058740615844727e-01
6.278542876243591309e-01
3.335890173912048340e-01
3.734352588653564453e-01
3.849850296974182129e-01
6.104964017868041992e-01
3.656036555767059326e-01
3.473944067955017090e-01
4.549768269062042236e-01
6.303814053535461426e-01
6.033646464347839355e-01
4.885539412498474121e-01
4.352738857269287109e-01
5.936810970306396484e-01
4.663175046443939209e-01
6.251592636108398438e-01
5.219267606735229492e-01
3.616687357425689697e-01
3.391187489032745361e-01
4.288822412490844727e-01
4.721049964427947998e-01
3.846601843833923340e-01
3.960560560226440430e-01
3.459494411945343018e-01
5.943508148193359375e-01
6.151338219642639160e-01
3.942420482635498047e-01
6.319234371185302734e-01
5.711182951927185059e-01
6.077527403831481934e-01
5.639228224754333496e-01
5.038997530937194824e-01
5.037037730216979980e-01
6.361142396926879883e-01
3.391602039337158203e-01
6.145671010017395020e-01
3.602970242500305176e-01
6.252564787864685059e-01
3.703084588050842285e-01
4.208783805370330811e-01
4.426488280296325684e-01
6.348079442977905273e-01
5.364881157875061035e-01
6.291636228561401367e-01
3.686032593250274658e-01
5.837518572807312012e-01
4.161871373653411865e-01
5.767517685890197754e-01
6.270364522933959961e-01
5.355669856071472168e-01
6.157788634300231934e-01
3.477084040641784668e-01
6.319995522499084473e-01
5.713310241699218750e-01
3.933641314506530762e-01
3.653796017169952393e-01
4.841259419918060303e-01
6.304702758789062500e-01
3.842808604240417480e-01
3.605138361454010010e-01
5.865499973297119141e-01
5.154402852058410645e-01
6.089630722999572754e-01
3.940419554710388184e-01
4.214862287044525146e-01
3.577966988086700439e-01
3.533793389797210693e-01
4.717256128787994385e-01
6.138010025024414062e-01
6.135521531105041504e-01
6.214786171913146973e-01
4.150949716567993164e-01
6.224025487899780273e-01
6.301023364067077637e-01
6.218848824501037598e-01
4.333109855651855469e-01
4.954607188701629639e-01
6.224202513694763184e-01
6.212757229804992676e-01
3.608219325542449951e-01
5.952901244163513184e-01
4.441370368003845215e-01
5.908181667327880859e-01
4.842525422573089600e-01
3.932574689388275146e-01
6.288716197013854980e-01
5.560938715934753418e-01
4.920711219310760498e-01
3.895528614521026611e-01
5.017119646072387695e-01
6.350233554840087891e-01
5.058825016021728516e-01
5.739691257476806641e-01
6.286339163780212402e-01
5.386517047882080078e-01
5.505799055099487305e-01
5.774735212326049805e-01
5.258226394653320312e-01
5.048264861106872559e-01
6.095837354660034180e-01
6.282664537429809570e-01
6.049512028694152832e-01
6.020127534866333008e-01
4.955358803272247314e-01
4.646340012550354004e-01
4.086439609527587891e-01
3.461826443672180176e-01
6.196857690811157227e-01
3.407696485519409180e-01
3.634601533412933350e-01
6.016635298728942871e-01
5.757704973220825195e-01
5.838379263877868652e-01
5.447475314140319824e-01
6.344571113586425781e-01
6.208189725875854492e-01
5.943856239318847656e-01
6.307601332664489746e-01
5.895332694053649902e-01
3.923555612564086914e-01
3.592157363891601562e-01
3.833507299423217773e-01
3.456080257892608643e-01
6.074295639991760254e-01
5.601384639739990234e-01
4.522749781608581543e-01
3.465988039970397949e-01
3.606723248958587646e-01
4.194866120815277100e-01
6.094661951065063477e-01
4.790057837963104248e-01
6.016362309455871582e-01
4.847967624664306641e-01
6.033453941345214844e-01
5.720594525337219238e-01
3.436193168163299561e-01
3.600832223892211914e-01
6.239898800849914551e-01
4.036501348018646240e-01
3.866966664791107178e-01
6.277825832366943359e-01
5.856762528419494629e-01
5.347183942794799805e-01
6.290529370307922363e-01
3.777220845222473145e-01
6.004052758216857910e-01
3.891707360744476318e-01
5.234926342964172363e-01
3.684684038162231445e-01
3.950769007205963135e-01
6.162141561508178711e-01
5.658752918243408203e-01
6.261344552040100098e-01
6.084529161453247070e-01
3.444069325923919678e-01
6.052162051200866699e-01
5.959545373916625977e-01
5.792987942695617676e-01
4.961538314819335938e-01
4.081497788429260254e-01
3.341957032680511475e-01
4.822551310062408447e-01
4.159184992313385010e-01
3.494786024093627930e-01
3.958691358566284180e-01
5.109630823135375977e-01
3.408585488796234131e-01
4.595385491847991943e-01
6.299468874931335449e-01
3.777205944061279297e-01
6.162006258964538574e-01
3.551931381225585938e-01
3.742414116859436035e-01
6.329624056816101074e-01
3.503192961215972900e-01
3.604113161563873291e-01
3.824736773967742920e-01
3.496415317058563232e-01
4.422613382339477539e-01
5.716112852096557617e-01
6.151885986328125000e-01
6.277710199356079102e-01
3.979859650135040283e-01
3.391303122043609619e-01
5.213903188705444336e-01
4.333354830741882324e-01
6.293382644653320312e-01
3.555213809013366699e-01
5.260306000709533691e-01
3.818222880363464355e-01
3.313333094120025635e-01
5.094351768493652344e-01
5.643790364265441895e-01
5.748816728591918945e-01
6.180589199066162109e-01
4.679588973522186279e-01
6.261841654777526855e-01
3.588917553424835205e-01
3.965733647346496582e-01
6.162580847740173340e-01
3.689933419227600098e-01
5.629164576530456543e-01
4.839225113391876221e-01
5.549906492233276367e-01
3.581569790840148926e-01
5.972440242767333984e-01
3.869404792785644531e-01
6.105964183807373047e-01
4.927074313163757324e-01
5.372305512428283691e-01
6.029383540153503418e-01
6.018785238265991211e-01
5.917909145355224609e-01
5.840572118759155273e-01
4.184744656085968018e-01
3.330297470092773438e-01
4.616634547710418701e-01
3.955048024654388428e-01
3.663886189460754395e-01
3.786885142326354980e-01
6.265587806701660156e-01
6.220844984054565430e-01
6.171926856040954590e-01
5.231239199638366699e-01
5.715202689170837402e-01
5.547955036163330078e-01
5.302096009254455566e-01
6.021622419357299805e-01
3.943243920803070068e-01
3.889869451522827148e-01
3.434609174728393555e-01
6.376757621765136719e-01
4.968940913677215576e-01
3.985302746295928955e-01
3.749391138553619385e-01
3.678280413150787354e-01
4.157249331474304199e-01
5.787878632545471191e-01
4.553310573101043701e-01
6.037520766258239746e-01
4.014368653297424316e-01
6.096833944320678711e-01
5.862242579460144043e-01
4.235991239547729492e-01
4.121989607810974121e-01
6.043155193328857422e-01
6.311108469963073730e-01
3.566842973232269287e-01
5.482866764068603516e-01
6.192275881767272949e-01
3.980979323387145996e-01
5.892457962036132812e-01
6.305161714553833008e-01
3.786635100841522217e-01
3.615658283233642578e-01
5.129417181015014648e-01
4.724348485469818115e-01
3.624220490455627441e-01
6.334740519523620605e-01
6.334373354911804199e-01
6.328908205032348633e-01
3.807836771011352539e-01
6.032535433769226074e-01
5.717326402664184570e-01
5.941559672355651855e-01
6.099063754081726074e-01
5.798983573913574219e-01
6.112589240074157715e-01
6.008262038230895996e-01
3.472196161746978760e-01
3.460817039012908936e-01
5.868321061134338379e-01
6.116006374359130859e-01
5.632733702659606934e-01
3.707973659038543701e-01
6.372876763343811035e-01
3.547069728374481201e-01
5.943745970726013184e-01
6.149350404739379883e-01
6.064696311950683594e-01
5.849764943122863770e-01
3.583509922027587891e-01
6.117976903915405273e-01
3.393406867980957031e-01
4.048244953155517578e-01
4.204007387161254883e-01
6.194074749946594238e-01
4.554161131381988525e-01
3.612821400165557861e-01
4.386046528816223145e-01
5.108458399772644043e-01
3.930254578590393066e-01
5.941377878189086914e-01
3.352406620979309082e-01
4.582654535770416260e-01
5.567398667335510254e-01
3.431487679481506348e-01
3.540963530540466309e-01
3.462514281272888184e-01
4.752312302589416504e-01
5.112031102180480957e-01
4.878670275211334229e-01
5.364619493484497070e-01
6.041638851165771484e-01
4.460688233375549316e-01
3.351004719734191895e-01
4.481215476989746094e-01
6.311987638473510742e-01
3.531419932842254639e-01
4.711209833621978760e-01
5.831470489501953125e-01
5.763363838195800781e-01
5.649191737174987793e-01
5.916430354118347168e-01
3.523897230625152588e-01
4.904811084270477295e-01
6.280161738395690918e-01
3.504623770713806152e-01
3.638471364974975586e-01
5.932893157005310059e-01
4.106820821762084961e-01
3.749756217002868652e-01
6.182470917701721191e-01
3.908926546573638916e-01
3.761373460292816162e-01
5.788996815681457520e-01
5.989460349082946777e-01
4.358609616756439209e-01
6.279980540275573730e-01
4.222477972507476807e-01
5.489394068717956543e-01
6.138486266136169434e-01
4.871067702770233154e-01
6.178224682807922363e-01
4.629423022270202637e-01
6.178930401802062988e-01
3.603512346744537354e-01
3.381947875022888184e-01
5.737730860710144043e-01
6.112744212150573730e-01
4.343186616897583008e-01
6.348978877067565918e-01
6.380252242088317871e-01
5.335937738418579102e-01
6.264221072196960449e-01
3.753587901592254639e-01
3.607316911220550537e-01
6.209576725959777832e-01
3.958731889724731445e-01
3.667578697204589844e-01
3.459473252296447754e-01
3.477238416671752930e-01
4.241812229156494141e-01
5.962556600570678711e-01
4.204213321208953857e-01
4.759327471256256104e-01
6.307125687599182129e-01
6.182833909988403320e-01
3.678822517395019531e-01
3.762187361717224121e-01
6.322230100631713867e-01
4.214887917041778564e-01
3.499234616756439209e-01
6.383438706398010254e-01
6.347419023513793945e-01
3.627475202083587646e-01
6.147283911705017090e-01
5.893090367317199707e-01
4.270326793193817139e-01
4.278689026832580566e-01
3.400112390518188477e-01
3.976871669292449951e-01
3.679535388946533203e-01
4.862037897109985352e-01
5.718561410903930664e-01
3.595147728919982910e-01
3.564225137233734131e-01
6.327415704727172852e-01
4.501059353351593018e-01
5.125502347946166992e-01
4.626748561859130859e-01
4.138055443763732910e-01
6.198555231094360352e-01
3.655030727386474609e-01
6.085588932037353516e-01
4.752824604511260986e-01
3.466946780681610107e-01
6.153844594955444336e-01
4.440245628356933594e-01
3.337551951408386230e-01
4.355181753635406494e-01
6.030998826026916504e-01
6.184746623039245605e-01
5.374637842178344727e-01
5.893566012382507324e-01
5.907052159309387207e-01
6.225535869598388672e-01
4.306408464908599854e-01
6.164906620979309082e-01
4.088819921016693115e-01
3.606688380241394043e-01
4.082954227924346924e-01
6.164821982383728027e-01
3.792220652103424072e-01
6.332229375839233398e-01
3.951683342456817627e-01
6.047255992889404297e-01
4.885712563991546631e-01
3.872725367546081543e-01
4.669642746448516846e-01
6.264632940292358398e-01
3.471324741840362549e-01
4.199363291263580322e-01
6.167417764663696289e-01
4.586809277534484863e-01
5.175252556800842285e-01
3.734809756278991699e-01
3.874212205410003662e-01
4.523230493068695068e-01
3.662489354610443115e-01
4.704638719558715820e-01
5.785298943519592285e-01
5.766680836677551270e-01
5.861604809761047363e-01
4.393572807312011719e-01
6.078064441680908203e-01
6.230266690254211426e-01
4.458738267421722412e-01
5.590274333953857422e-01
6.194993853569030762e-01
5.434139966964721680e-01
3.737534284591674805e-01
5.795670151710510254e-01
4.718346297740936279e-01
3.536101877689361572e-01
4.255110025405883789e-01
5.783222913742065430e-01
6.161074638366699219e-01
6.157527565956115723e-01
6.267858147621154785e-01
6.192012429237365723e-01
4.835141003131866455e-01
6.094615459442138672e-01
3.363307416439056396e-01
3.734331429004669189e-01
6.277869939804077148e-01
3.865389823913574219e-01
6.334848999977111816e-01
4.060874879360198975e-01
3.876115381717681885e-01
5.938905477523803711e-01
4.225451350212097168e-01
3.928873240947723389e-01
3.924284279346466064e-01
4.491746127605438232e-01
4.916905164718627930e-01
5.336964726448059082e-01
3.857995569705963135e-01
6.294988393783569336e-01
5.887769460678100586e-01
6.372851133346557617e-01
6.211143732070922852e-01
4.542180001735687256e-01
4.772334992885589600e-01
6.145370006561279297e-01
5.732530951499938965e-01
5.339840650558471680e-01
6.364836096763610840e-01
6.283517479896545410e-01
6.237944364547729492e-01
5.797485709190368652e-01
4.762727320194244385e-01
4.623079299926757812e-01
5.879235267639160156e-01
4.562880098819732666e-01
6.142547726631164551e-01
6.057603359222412109e-01
3.505789935588836670e-01
4.558918476104736328e-01
5.270437598228454590e-01
4.865221977233886719e-01
5.509998798370361328e-01
6.323170661926269531e-01
3.756991624832153320e-01
3.608595728874206543e-01
3.863695263862609863e-01
3.903911113739013672e-01
4.194360971450805664e-01
3.958374559879302979e-01
5.762165188789367676e-01
6.380864977836608887e-01
5.645456314086914062e-01
3.861489295959472656e-01
6.322516798973083496e-01
3.584493100643157959e-01
4.040541350841522217e-01
4.100052118301391602e-01
6.023306250572204590e-01
3.762375712394714355e-01
3.448142111301422119e-01
4.088948965072631836e-01
3.729047477245330811e-01
6.065034866333007812e-01
6.190765500068664551e-01
3.561484515666961670e-01
5.707597732543945312e-01
6.289052963256835938e-01
4.117235243320465088e-01
6.381129026412963867e-01
5.608486533164978027e-01
5.676578283309936523e-01
6.182542443275451660e-01
5.591524839401245117e-01
5.115734934806823730e-01
3.467334210872650146e-01
6.352441906929016113e-01
3.834842145442962646e-01
3.437500596046447754e-01
6.320293545722961426e-01
4.080860912799835205e-01
3.383407890796661377e-01
3.534751832485198975e-01
6.167715787887573242e-01
4.424426257610321045e-01
5.082150101661682129e-01
4.808749556541442871e-01
5.043686032295227051e-01
3.798348605632781982e-01
3.601008951663970947e-01
6.291396021842956543e-01
4.498620331287384033e-01
3.820436894893646240e-01
3.881516158580780029e-01
6.126254796981811523e-01
4.854952394962310791e-01
6.279637813568115234e-01
4.083627164363861084e-01
6.199076771736145020e-01
6.162759065628051758e-01
4.164514541625976562e-01
4.814622998237609863e-01
5.564762353897094727e-01
6.233106255531311035e-01
6.330121755599975586e-01
6.297255158424377441e-01
5.792434811592102051e-01
3.378808200359344482e-01
6.380928158760070801e-01
6.257432103157043457e-01
3.896644711494445801e-01
6.158732175827026367e-01
4.458118379116058350e-01
6.186763644218444824e-01
3.423262536525726318e-01
6.121795177459716797e-01
6.158750653266906738e-01
4.164859354496002197e-01
5.897141695022583008e-01
6.000047922134399414e-01
5.348615646362304688e-01
6.273697614669799805e-01
6.131782531738281250e-01
6.345316767692565918e-01
3.981131613254547119e-01
4.387243092060089111e-01
5.028536319732666016e-01
4.654692113399505615e-01
5.522716045379638672e-01
3.441098630428314209e-01
5.623311996459960938e-01
4.545073807239532471e-01
5.353306531906127930e-01
3.549745976924896240e-01
3.393232524394989014e-01
5.564720034599304199e-01
4.261761605739593506e-01
3.405306637287139893e-01
4.316992163658142090e-01
5.728023648262023926e-01
3.497312963008880615e-01
6.158065795898437500e-01
4.538679122924804688e-01
4.001590609550476074e-01
4.271953701972961426e-01
5.447936654090881348e-01
3.764893710613250732e-01
5.233374238014221191e-01
5.977308750152587891e-01
5.889834165573120117e-01
6.160619854927062988e-01
5.843824744224548340e-01
6.309213638305664062e-01
6.302982568740844727e-01
5.684503912925720215e-01
6.347866654396057129e-01
3.487884700298309326e-01
6.086176037788391113e-01
5.948827266693115234e-01
5.957029461860656738e-01
3.873836994171142578e-01
5.125430226325988770e-01
6.347787976264953613e-01
4.330928325653076172e-01
5.966783165931701660e-01
3.451504409313201904e-01
4.083947539329528809e-01
3.429803252220153809e-01
3.821098804473876953e-01
6.112787127494812012e-01
6.167569160461425781e-01
4.707964658737182617e-01
3.892644345760345459e-01
5.554291605949401855e-01
4.278428256511688232e-01
6.014198660850524902e-01
6.228096485137939453e-01
4.229528307914733887e-01
3.544164001941680908e-01
6.311718225479125977e-01
6.323915719985961914e-01
6.040953993797302246e-01
5.884386897087097168e-01
6.044108867645263672e-01
5.426831245422363281e-01
4.332622885704040527e-01
3.742569088935852051e-01
6.226041316986083984e-01
6.291640400886535645e-01
6.016585230827331543e-01
3.868664503097534180e-01
5.241841077804565430e-01
5.717943310737609863e-01
3.498237431049346924e-01
3.404324948787689209e-01
6.280074119567871094e-01
3.448967635631561279e-01
4.341337382793426514e-01
4.832462668418884277e-01
6.323711276054382324e-01
4.125738739967346191e-01
4.979268908500671387e-01
5.182353258132934570e-01
4.661414027214050293e-01
6.052413582801818848e-01
3.618069887161254883e-01
3.522591590881347656e-01
5.215499401092529297e-01
3.426433503627777100e-01
5.704048871994018555e-01
5.916287899017333984e-01
6.296143531799316406e-01
6.034125685691833496e-01
3.654709458351135254e-01
5.431022644042968750e-01
5.898500680923461914e-01
5.167010426521301270e-01
5.280253887176513672e-01
4.256487786769866943e-01
4.803741276264190674e-01
3.602336943149566650e-01
6.007721424102783203e-01
6.179351210594177246e-01
3.718026876449584961e-01
4.505102038383483887e-01
5.342029333114624023e-01
6.161797046661376953e-01
6.320362091064453125e-01
6.335065960884094238e-01
6.059125065803527832e-01
6.015564799308776855e-01
3.610006272792816162e-01
4.054234921932220459e-01
5.400665402412414551e-01
5.432096719741821289e-01
4.767853915691375732e-01
6.080195903778076172e-01
6.291891932487487793e-01
6.312011480331420898e-01
3.617418110370635986e-01
6.318544149398803711e-01
3.916326165199279785e-01
6.357168555259704590e-01
6.153253912925720215e-01
3.885345160961151123e-01
4.264775216579437256e-01
5.299518704414367676e-01
6.235795021057128906e-01
5.905603766441345215e-01
5.996755957603454590e-01
6.328920125961303711e-01
4.395106732845306396e-01
4.719402790069580078e-01
6.323448419570922852e-01
5.059534311294555664e-01
3.611144721508026123e-01
4.422709047794342041e-01
5.818139314651489258e-01
3.420629501342773438e-01
3.600350022315979004e-01
6.255300641059875488e-01
4.679751396179199219e-01
6.320109367370605469e-01
3.971285820007324219e-01
4.163098335266113281e-01
6.003824472427368164e-01
3.956712782382965088e-01
5.811783075332641602e-01
6.344060301780700684e-01
3.485403656959533691e-01
4.781292676925659180e-01
3.771919608116149902e-01
5.382211804389953613e-01
3.549635410308837891e-01
6.016410589218139648e-01
5.164108276367187500e-01
3.484450280666351318e-01
3.634310662746429443e-01
3.851282000541687012e-01
6.355465650558471680e-01
4.702249467372894287e-01
6.126199960708618164e-01
4.056744277477264404e-01
3.933277428150177002e-01
5.098283886909484863e-01
4.203520715236663818e-01
4.196940660476684570e-01
3.742614984512329102e-01
3.563783168792724609e-01
5.552078485488891602e-01
4.082224071025848389e-01
6.101257801055908203e-01
3.862226903438568115e-01
