5.601146221160888672e-01
3.795371651649475098e-01
3.621587157249450684e-01
3.377761244773864746e-01
6.487073302268981934e-01
4.843625426292419434e-01
4.463770091533660889e-01
3.447272479534149170e-01
3.417785167694091797e-01
3.661255240440368652e-01
6.217715740203857422e-01
5.529845952987670898e-01
6.318754553794860840e-01
4.142848849296569824e-01
3.358203768730163574e-01
6.420220136642456055e-01
4.627273976802825928e-01
5.283581614494323730e-01
4.963514208793640137e-01
5.563886761665344238e-01
3.636211752891540527e-01
6.523277163505554199e-01
6.243699789047241211e-01
4.951653480529785156e-01
6.464021801948547363e-01
4.594987928867340088e-01
3.356019556522369385e-01
3.697197139263153076e-01
3.734774291515350342e-01
5.353812575340270996e-01
3.873917758464813232e-01
4.025186598300933838e-01
5.195708274841308594e-01
4.278351366519927979e-01
6.541647911071777344e-01
6.441893577575683594e-01
5.694731473922729492e-01
6.393475532531738281e-01
4.102636873722076416e-01
6.299559473991394043e-01
4.079070389270782471e-01
4.404523968696594238e-01
6.489649415016174316e-01
6.232239603996276855e-01
6.096873879432678223e-01
3.889174163341522217e-01
6.414068937301635742e-01
6.291087865829467773e-01
6.083234548568725586e-01
6.280710101127624512e-01
4.210787117481231689e-01
6.205765008926391602e-01
6.507586240768432617e-01
5.632687211036682129e-01
4.110851287841796875e-01
5.640947818756103516e-01
4.112766087055206299e-01
5.736805200576782227e-01
6.354107856750488281e-01
4.676868915557861328e-01
4.525730609893798828e-01
3.874793350696563721e-01
3.449183702468872070e-01
4.803290069103240967e-01
6.216210722923278809e-01
6.283137202262878418e-01
6.438472270965576172e-01
4.457445144653320312e-01
6.082328557968139648e-01
4.011375010013580322e-01
3.903947770595550537e-01
6.296016573905944824e-01
3.289505839347839355e-01
6.381638050079345703e-01
4.567447006702423096e-01
3.845157325267791748e-01
4.460066854953765869e-01
3.445623219013214111e-01
5.328213572502136230e-01
5.775476098060607910e-01
3.559957444667816162e-01
3.624928891658782959e-01
6.283454895019531250e-01
6.056134104728698730e-01
3.711215257644653320e-01
4.504567384719848633e-01
3.702828288078308105e-01
5.073072314262390137e-01
4.593239128589630127e-01
3.257428407669067383e-01
6.405009031295776367e-01
4.531689286231994629e-01
6.520012617111206055e-01
3.446815907955169678e-01
3.705918490886688232e-01
4.184324443340301514e-01
5.897225737571716309e-01
3.733603358268737793e-01
4.902999699115753174e-01
3.601110875606536865e-01
4.016721546649932861e-01
5.962822437286376953e-01
3.575772047042846680e-01
4.355895519256591797e-01
6.326782703399658203e-01
5.342469215393066406e-01
3.416436612606048584e-01
3.322469592094421387e-01
6.474573016166687012e-01
3.239422142505645752e-01
3.332215845584869385e-01
5.092437863349914551e-01
3.336662948131561279e-01
6.377592086791992188e-01
5.401628017425537109e-01
6.277844905853271484e-01
6.496227383613586426e-01
4.705254137516021729e-01
3.818684816360473633e-01
6.156635284423828125e-01
6.445569396018981934e-01
6.418223381042480469e-01
6.059703230857849121e-01
6.374545097351074219e-01
4.816340208053588867e-01
4.113519489765167236e-01
5.061631202697753906e-01
6.226731538772583008e-01
3.484036624431610107e-01
4.510821998119354248e-01
5.193457007408142090e-01
6.534815430641174316e-01
3.833343386650085449e-01
5.997258424758911133e-01
6.074379086494445801e-01
6.129924654960632324e-01
6.291030049324035645e-01
5.726468563079833984e-01
3.237859308719635010e-01
6.295524835586547852e-01
4.575590789318084717e-01
4.684030711650848389e-01
6.416249275207519531e-01
3.857653737068176270e-01
6.495544910430908203e-01
4.580530822277069092e-01
6.435130238533020020e-01
3.382587134838104248e-01
5.996751189231872559e-01
6.468577384948730469e-01
3.453950285911560059e-01
6.489024758338928223e-01
4.443825781345367432e-01
6.423226594924926758e-01
3.891108930110931396e-01
6.473740935325622559e-01
3.363031744956970215e-01
4.305672049522399902e-01
4.794237017631530762e-01
6.306307911872863770e-01
6.448668837547302246e-01
5.774767994880676270e-01
6.396501064300537109e-01
6.352715492248535156e-01
3.895224630832672119e-01
5.619865059852600098e-01
5.971494317054748535e-01
4.419994652271270752e-01
4.267777204513549805e-01
5.523647069931030273e-01
6.514024138450622559e-01
4.349597692489624023e-01
3.651590049266815186e-01
3.460629880428314209e-01
6.112690567970275879e-01
4.057279229164123535e-01
4.037460684776306152e-01
4.572461545467376709e-01
4.654380083084106445e-01
5.647626519203186035e-01
3.961415588855743408e-01
6.110807061195373535e-01
5.767740607261657715e-01
3.537568747997283936e-01
4.048390984535217285e-01
3.306901752948760986e-01
6.528255343437194824e-01
5.662858486175537109e-01
3.769242763519287109e-01
6.380624175071716309e-01
3.363275527954101562e-01
3.873995840549468994e-01
5.122013092041015625e-01
6.177118420600891113e-01
6.468581557273864746e-01
3.494220077991485596e-01
6.524544358253479004e-01
3.897027075290679932e-01
6.326318383216857910e-01
3.796634674072265625e-01
4.207301139831542969e-01
6.175836324691772461e-01
5.878561139106750488e-01
5.138621926307678223e-01
4.075161814689636230e-01
5.277124643325805664e-01
6.223702430725097656e-01
6.175064444541931152e-01
6.421043872833251953e-01
4.484878480434417725e-01
4.753730595111846924e-01
6.411204338073730469e-01
6.023412346839904785e-01
6.110301613807678223e-01
6.471198797225952148e-01
6.100697517395019531e-01
3.322104215621948242e-01
3.479491472244262695e-01
5.967878699302673340e-01
5.257679820060729980e-01
6.394761800765991211e-01
6.495847702026367188e-01
3.778120279312133789e-01
4.846857786178588867e-01
5.458427667617797852e-01
5.917767286300659180e-01
3.400399088859558105e-01
6.472293734550476074e-01
6.495177149772644043e-01
3.604116439819335938e-01
3.513888716697692871e-01
6.440240740776062012e-01
6.286048889160156250e-01
6.507989764213562012e-01
5.294571518898010254e-01
6.493800282478332520e-01
6.407387852668762207e-01
4.724668860435485840e-01
4.827162325382232666e-01
6.003225445747375488e-01
3.710391819477081299e-01
4.610449671745300293e-01
6.218541860580444336e-01
5.137442946434020996e-01
4.010499715805053711e-01
5.853337049484252930e-01
6.276621818542480469e-01
5.727605223655700684e-01
6.401510834693908691e-01
6.485132575035095215e-01
6.268206834793090820e-01
3.451537787914276123e-01
3.807265460491180420e-01
5.055751800537109375e-01
3.993613719940185547e-01
3.665963113307952881e-01
4.261688888072967529e-01
5.607616305351257324e-01
6.478721499443054199e-01
3.356248140335083008e-01
6.265243887901306152e-01
6.475800275802612305e-01
4.021735787391662598e-01
3.860597908496856689e-01
6.447415351867675781e-01
3.823276758193969727e-01
3.686536252498626709e-01
3.516139090061187744e-01
4.635289609432220459e-01
4.578265249729156494e-01
6.381165981292724609e-01
3.450211286544799805e-01
6.392520666122436523e-01
6.512495875358581543e-01
6.512852907180786133e-01
6.412582993507385254e-01
5.440920591354370117e-01
3.614367842674255371e-01
6.537532210350036621e-01
6.099816560745239258e-01
5.773330330848693848e-01
3.701403439044952393e-01
6.454669833183288574e-01
5.885190963745117188e-01
6.497688293457031250e-01
6.421380639076232910e-01
3.664324879646301270e-01
4.705151319503784180e-01
3.725235164165496826e-01
5.958899259567260742e-01
4.246080815792083740e-01
6.490735411643981934e-01
5.651077628135681152e-01
3.317881822586059570e-01
3.278291225433349609e-01
6.481316089630126953e-01
4.113527834415435791e-01
3.989925384521484375e-01
5.547892451286315918e-01
6.451634168624877930e-01
6.333671808242797852e-01
4.787860810756683350e-01
6.199509501457214355e-01
5.580268502235412598e-01
3.503896296024322510e-01
3.653430938720703125e-01
3.462626636028289795e-01
4.468603432178497314e-01
4.182023406028747559e-01
6.388397812843322754e-01
5.303644537925720215e-01
5.800305008888244629e-01
6.518451571464538574e-01
6.355304718017578125e-01
5.627672076225280762e-01
4.747117161750793457e-01
6.358066797256469727e-01
4.845750629901885986e-01
3.300611376762390137e-01
6.440927982330322266e-01
6.278084516525268555e-01
3.710959553718566895e-01
6.198860406875610352e-01
6.508982777595520020e-01
6.504635810852050781e-01
3.803061842918395996e-01
4.226096868515014648e-01
6.471585035324096680e-01
5.672689080238342285e-01
6.119143962860107422e-01
5.430241823196411133e-01
3.507657647132873535e-01
3.691087961196899414e-01
6.142246127128601074e-01
4.416777193546295166e-01
3.354054987430572510e-01
6.081202030181884766e-01
4.508882462978363037e-01
4.080637097358703613e-01
6.013406515121459961e-01
5.829662680625915527e-01
5.193908810615539551e-01
5.760471224784851074e-01
6.352711319923400879e-01
3.867745697498321533e-01
3.292134404182434082e-01
5.443042516708374023e-01
3.569183647632598877e-01
3.495452702045440674e-01
3.409834802150726318e-01
5.465831756591796875e-01
3.392651677131652832e-01
6.520152091979980469e-01
6.335892677307128906e-01
6.179850101470947266e-01
4.048041105270385742e-01
5.885947346687316895e-01
5.346934199333190918e-01
3.373126983642578125e-01
3.793006837368011475e-01
5.798528790473937988e-01
6.547309756278991699e-01
5.828415155410766602e-01
3.272208571434020996e-01
6.454744935035705566e-01
4.312748908996582031e-01
6.418622136116027832e-01
3.289981484413146973e-01
6.462872624397277832e-01
5.616303682327270508e-01
5.220091938972473145e-01
5.798881649971008301e-01
5.848419666290283203e-01
6.383698582649230957e-01
3.186677098274230957e-01
4.235514998435974121e-01
6.516122221946716309e-01
5.366925001144409180e-01
6.442732214927673340e-01
4.614702463150024414e-01
4.095556437969207764e-01
4.748889803886413574e-01
4.309114217758178711e-01
5.624434351921081543e-01
4.133100211620330811e-01
6.419909000396728516e-01
3.414866030216217041e-01
3.454458415508270264e-01
6.499712467193603516e-01
6.126573085784912109e-01
5.908151268959045410e-01
6.486011743545532227e-01
6.324706673622131348e-01
6.377708911895751953e-01
4.401113092899322510e-01
6.488632559776306152e-01
6.224077939987182617e-01
6.198790073394775391e-01
5.679388046264648438e-01
4.631492793560028076e-01
3.700345456600189209e-01
3.987034559249877930e-01
6.217136383056640625e-01
5.424765348434448242e-01
6.336739063262939453e-01
3.807891309261322021e-01
6.478358507156372070e-01
6.548227667808532715e-01
6.285975575447082520e-01
6.279733180999755859e-01
6.514132618904113770e-01
6.335627436637878418e-01
5.065982341766357422e-01
3.477899134159088135e-01
6.407929658889770508e-01
5.877990126609802246e-01
3.395175039768218994e-01
4.443522393703460693e-01
4.409857988357543945e-01
3.987752795219421387e-01
3.396731317043304443e-01
4.989920854568481445e-01
6.158501505851745605e-01
6.417517662048339844e-01
3.670326769351959229e-01
5.731311440467834473e-01
5.231587886810302734e-01
3.483902215957641602e-01
3.953872323036193848e-01
6.405672430992126465e-01
3.393654227256774902e-01
6.481465101242065430e-01
6.188346147537231445e-01
6.428205966949462891e-01
5.308598875999450684e-01
4.806297123432159424e-01
6.329335570335388184e-01
5.404285192489624023e-01
6.244653463363647461e-01
4.124136865139007568e-01
5.300962924957275391e-01
5.443972349166870117e-01
5.158582925796508789e-01
6.131570935249328613e-01
3.633850812911987305e-01
6.407662630081176758e-01
6.406139731407165527e-01
6.320902109146118164e-01
5.967296361923217773e-01
3.457068800926208496e-01
6.319289803504943848e-01
6.262747049331665039e-01
3.871427774429321289e-01
6.382688283920288086e-01
5.847339630126953125e-01
6.422529220581054688e-01
4.956886172294616699e-01
6.524857878684997559e-01
3.743969500064849854e-01
5.576261878013610840e-01
3.379510641098022461e-01
3.447998762130737305e-01
4.256347119808197021e-01
3.646352589130401611e-01
6.030295491218566895e-01
3.572785854339599609e-01
5.270001292228698730e-01
6.248531937599182129e-01
3.982384502887725830e-01
6.420679092407226562e-01
4.752003848552703857e-01
3.379673957824707031e-01
6.325725317001342773e-01
6.417586207389831543e-01
6.090409159660339355e-01
4.308762252330780029e-01
3.534560501575469971e-01
5.416135191917419434e-01
6.217104792594909668e-01
4.913247823715209961e-01
6.233333945274353027e-01
3.790922164916992188e-01
5.053709149360656738e-01
4.321937263011932373e-01
4.602603614330291748e-01
6.515614986419677734e-01
3.635392785072326660e-01
3.474987149238586426e-01
6.438890695571899414e-01
4.397993683815002441e-01
4.298890829086303711e-01
3.502237498760223389e-01
5.041807293891906738e-01
5.768277049064636230e-01
6.296597719192504883e-01
5.263162255287170410e-01
6.164246201515197754e-01
6.364868879318237305e-01
3.864378929138183594e-01
6.204770803451538086e-01
6.396796703338623047e-01
3.298054039478302002e-01
5.174759626388549805e-01
6.464645862579345703e-01
3.449884355068206787e-01
6.409941315650939941e-01
3.707192838191986084e-01
4.883135855197906494e-01
6.332163810729980469e-01
5.710075497627258301e-01
4.953707456588745117e-01
5.329763293266296387e-01
6.240073442459106445e-01
4.606575369834899902e-01
5.672074556350708008e-01
4.220000505447387695e-01
4.255516231060028076e-01
4.178304374217987061e-01
6.244507431983947754e-01
3.317353427410125732e-01
6.333999037742614746e-01
6.472761034965515137e-01
4.922090768814086914e-01
3.366010785102844238e-01
5.658156275749206543e-01
3.402853310108184814e-01
6.441252231597900391e-01
6.500334739685058594e-01
6.299212574958801270e-01
6.019849181175231934e-01
3.473202586174011230e-01
3.889342248439788818e-01
4.982703626155853271e-01
5.182840228080749512e-01
6.100132465362548828e-01
6.403078436851501465e-01
3.986028432846069336e-01
4.902807772159576416e-01
4.229972362518310547e-01
6.432399749755859375e-01
3.777642846107482910e-01
3.761239349842071533e-01
6.328348517417907715e-01
6.441063284873962402e-01
4.684994518756866455e-01
6.285234093666076660e-01
6.152450442314147949e-01
3.535349965095520020e-01
6.385258436203002930e-01
5.714645981788635254e-01
3.938259482383728027e-01
6.245614886283874512e-01
5.984604358673095703e-01
6.115387678146362305e-01
6.406656503677368164e-01
4.947701394557952881e-01
3.529814481735229492e-01
5.742219686508178711e-01
6.199730634689331055e-01
6.112775802612304688e-01
5.981432795524597168e-01
5.121036171913146973e-01
4.509443640708923340e-01
5.011578798294067383e-01
6.406028270721435547e-01
5.690702199935913086e-01
6.188200116157531738e-01
6.183457970619201660e-01
6.315265297889709473e-01
4.227016568183898926e-01
3.387803435325622559e-01
5.415555238723754883e-01
4.210432469844818115e-01
3.298905491828918457e-01
6.448966264724731445e-01
4.590496420860290527e-01
6.391029357910156250e-01
6.369053721427917480e-01
3.419614136219024658e-01
5.911871790885925293e-01
5.707359313964843750e-01
6.217243075370788574e-01
3.569656312465667725e-01
5.419799685478210449e-01
6.511935591697692871e-01
3.402151763439178467e-01
5.941881537437438965e-01
4.765316247940063477e-01
5.430523753166198730e-01
6.525609493255615234e-01
6.399052143096923828e-01
5.671433210372924805e-01
3.739551305770874023e-01
6.106358170509338379e-01
5.133078098297119141e-01
6.181386113166809082e-01
3.531856238842010498e-01
5.310131907463073730e-01
3.907102346420288086e-01
4.322941899299621582e-01
3.701954483985900879e-01
3.989406228065490723e-01
6.163085699081420898e-01
3.818397223949432373e-01
6.402704119682312012e-01
3.781048357486724854e-01
3.397982418537139893e-01
4.986572563648223877e-01
3.637441992759704590e-01
6.232569813728332520e-01
4.426480829715728760e-01
5.922755599021911621e-01
4.829212725162506104e-01
4.523801505565643311e-01
6.498181819915771484e-01
4.872174561023712158e-01
5.405988693237304688e-01
3.907603621482849121e-01
5.080270171165466309e-01
3.969429433345794678e-01
6.508496403694152832e-01
5.511723756790161133e-01
4.502839446067810059e-01
6.109739542007446289e-01
6.467937231063842773e-01
6.139354109764099121e-01
6.364951729774475098e-01
5.920941829681396484e-01
6.450766921043395996e-01
6.181200146675109863e-01
5.570923686027526855e-01
3.248965144157409668e-01
4.115824401378631592e-01
5.308008193969726562e-01
4.917412400245666504e-01
3.870167434215545654e-01
3.324123620986938477e-01
3.434251844882965088e-01
3.828752338886260986e-01
6.013405919075012207e-01
6.422216296195983887e-01
5.562078952789306641e-01
5.340564846992492676e-01
3.510142862796783447e-01
6.508851647377014160e-01
6.344757676124572754e-01
6.439907550811767578e-01
3.320117890834808350e-01
6.309221386909484863e-01
6.273406147956848145e-01
6.219432950019836426e-01
4.262537062168121338e-01
6.224538683891296387e-01
3.668432831764221191e-01
4.128955900669097900e-01
5.884457826614379883e-01
3.749276697635650635e-01
6.487232446670532227e-01
6.441586017608642578e-01
5.610865950584411621e-01
5.173546671867370605e-01
3.891224563121795654e-01
3.782075941562652588e-01
3.879056274890899658e-01
4.099486172199249268e-01
6.449368596076965332e-01
4.782700538635253906e-01
6.221373677253723145e-01
6.488567590713500977e-01
5.605707168579101562e-01
5.381926894187927246e-01
4.174348115921020508e-01
4.922001063823699951e-01
5.712922215461730957e-01
6.469590067863464355e-01
3.257906734943389893e-01
3.622457683086395264e-01
6.523464918136596680e-01
6.533779501914978027e-01
6.488032341003417969e-01
5.899785161018371582e-01
5.803368091583251953e-01
5.514449477195739746e-01
3.840707838535308838e-01
3.593679964542388916e-01
4.815013110637664795e-01
6.410304903984069824e-01
6.229870319366455078e-01
4.393839240074157715e-01
6.497792005538940430e-01
6.317874789237976074e-01
3.658689856529235840e-01
6.358495354652404785e-01
6.459872722625732422e-01
5.712185502052307129e-01
6.276085972785949707e-01
6.017742753028869629e-01
6.448672413825988770e-01
6.495507955551147461e-01
6.408234238624572754e-01
6.485562324523925781e-01
6.069179177284240723e-01
4.518408477306365967e-01
6.156999468803405762e-01
6.426815986633300781e-01
5.935462117195129395e-01
4.962916970252990723e-01
5.852926373481750488e-01
3.705573081970214844e-01
4.904239773750305176e-01
5.046708583831787109e-01
4.393393397331237793e-01
4.346677958965301514e-01
5.117119550704956055e-01
4.385479390621185303e-01
6.449975371360778809e-01
4.325065314769744873e-01
4.146397411823272705e-01
6.299459934234619141e-01
5.414193868637084961e-01
6.309114098548889160e-01
5.432326197624206543e-01
6.491544842720031738e-01
4.494085609912872314e-01
6.468046307563781738e-01
5.954653024673461914e-01
6.231841444969177246e-01
5.809450149536132812e-01
5.376455783843994141e-01
6.036226153373718262e-01
6.434073448181152344e-01
6.242616772651672363e-01
5.654041171073913574e-01
6.526963710784912109e-01
6.514958143234252930e-01
4.501955509185791016e-01
5.431944727897644043e-01
6.229206919670104980e-01
3.765141367912292480e-01
6.441166400909423828e-01
3.971340358257293701e-01
6.031603217124938965e-01
5.098507404327392578e-01
5.648264884948730469e-01
4.302913844585418701e-01
6.281698346138000488e-01
3.512434959411621094e-01
6.502338051795959473e-01
6.224806904792785645e-01
6.369094848632812500e-01
6.383908987045288086e-01
3.444074988365173340e-01
5.238085985183715820e-01
5.268685221672058105e-01
6.411039829254150391e-01
3.388325273990631104e-01
5.476782321929931641e-01
6.214428544044494629e-01
3.408356606960296631e-01
4.192352592945098877e-01
6.297702789306640625e-01
6.390019655227661133e-01
3.845531344413757324e-01
4.270660877227783203e-01
4.891287088394165039e-01
4.488744437694549561e-01
4.158487319946289062e-01
3.503207862377166748e-01
3.492601811885833740e-01
6.210305690765380859e-01
6.245589852333068848e-01
6.403192281723022461e-01
3.928258717060089111e-01
3.753239214420318604e-01
4.889622926712036133e-01
5.001443624496459961e-01
3.242943286895751953e-01
3.547036945819854736e-01
4.293701052665710449e-01
3.232882618904113770e-01
5.136768221855163574e-01
6.376942992210388184e-01
6.530591845512390137e-01
6.417521834373474121e-01
4.209184646606445312e-01
3.247032463550567627e-01
6.442741751670837402e-01
6.517030596733093262e-01
6.457056999206542969e-01
6.484472751617431641e-01
4.384858906269073486e-01
3.287262022495269775e-01
5.896977782249450684e-01
5.032961964607238770e-01
5.312292575836181641e-01
5.793340206146240234e-01
5.882489085197448730e-01
6.379100084304809570e-01
4.434973597526550293e-01
5.802950263023376465e-01
4.027565121650695801e-01
6.472964286804199219e-01
4.703430533409118652e-01
4.136589467525482178e-01
6.362453103065490723e-01
6.500785946846008301e-01
6.516861319541931152e-01
4.492166042327880859e-01
6.344389915466308594e-01
5.451403856277465820e-01
6.527378559112548828e-01
3.840659260749816895e-01
5.017607212066650391e-01
3.795208334922790527e-01
4.721283316612243652e-01
6.317275166511535645e-01
6.489289402961730957e-01
6.158997416496276855e-01
6.406366229057312012e-01
6.395267248153686523e-01
6.473127603530883789e-01
4.731054306030273438e-01
3.412417471408843994e-01
3.610405921936035156e-01
6.467279195785522461e-01
4.457372426986694336e-01
3.226737082004547119e-01
3.880666196346282959e-01
5.938131213188171387e-01
6.495949625968933105e-01
3.332126438617706299e-01
4.431182146072387695e-01
6.541201472282409668e-01
3.335927724838256836e-01
5.634353756904602051e-01
3.939622044563293457e-01
6.420382261276245117e-01
5.960121154785156250e-01
4.139775335788726807e-01
4.868797063827514648e-01
3.360606729984283447e-01
5.172459483146667480e-01
5.286191701889038086e-01
3.549216091632843018e-01
4.214704036712646484e-01
3.314712345600128174e-01
6.369978189468383789e-01
5.367164611816406250e-01
6.274302601814270020e-01
3.610031902790069580e-01
3.457767665386199951e-01
6.223350167274475098e-01
6.450477838516235352e-01
4.252627193927764893e-01
6.406773924827575684e-01
6.361635923385620117e-01
4.930765032768249512e-01
3.860593140125274658e-01
4.047048091888427734e-01
5.748023390769958496e-01
6.194821596145629883e-01
6.216856837272644043e-01
5.727745890617370605e-01
6.484636664390563965e-01
6.282274723052978516e-01
6.087487936019897461e-01
3.760898709297180176e-01
4.002618491649627686e-01
6.493131518363952637e-01
5.162998437881469727e-01
6.354717016220092773e-01
5.968012809753417969e-01
3.666991293430328369e-01
4.343218505382537842e-01
3.511972129344940186e-01
3.794425129890441895e-01
6.435567736625671387e-01
3.666438758373260498e-01
4.327494800090789795e-01
5.004923343658447266e-01
4.924770593643188477e-01
6.407592296600341797e-01
5.847194194793701172e-01
3.370876312255859375e-01
3.607318997383117676e-01
5.023803710937500000e-01
3.962574899196624756e-01
4.664585590362548828e-01
6.178504824638366699e-01
6.396464705467224121e-01
3.899903297424316406e-01
5.475074052810668945e-01
5.669410824775695801e-01
5.236281156539916992e-01
6.200934052467346191e-01
3.435348272323608398e-01
6.293461918830871582e-01
3.699822127819061279e-01
5.143257379531860352e-01
6.501849293708801270e-01
5.573667287826538086e-01
5.025730133056640625e-01
3.593669533729553223e-01
3.922514915466308594e-01
5.983349680900573730e-01
6.233483552932739258e-01
6.347811222076416016e-01
3.995234668254852295e-01
4.193681776523590088e-01
6.407949328422546387e-01
6.258948445320129395e-01
5.682704448699951172e-01
6.326825618743896484e-01
6.417673230171203613e-01
6.331941485404968262e-01
3.649406731128692627e-01
3.390390872955322266e-01
3.475944697856903076e-01
4.247717261314392090e-01
5.734244585037231445e-01
5.964055657386779785e-01
6.420228481292724609e-01
5.886940956115722656e-01
4.412742853164672852e-01
6.334414482116699219e-01
5.547769665718078613e-01
6.450016498565673828e-01
6.222928166389465332e-01
4.817325174808502197e-01
3.337723910808563232e-01
3.950387835502624512e-01
3.969503939151763916e-01
5.505486726760864258e-01
4.367037713527679443e-01
4.538056254386901855e-01
6.452230215072631836e-01
5.506386756896972656e-01
5.820473432540893555e-01
5.147091746330261230e-01
6.419529318809509277e-01
4.891241192817687988e-01
5.313015580177307129e-01
6.466093063354492188e-01
6.224036216735839844e-01
5.096110701560974121e-01
6.333894133567810059e-01
6.292876005172729492e-01
4.702312648296356201e-01
3.683017194271087646e-01
5.568130016326904297e-01
3.685520291328430176e-01
5.480939149856567383e-01
4.526031315326690674e-01
5.090334415435791016e-01
6.069501042366027832e-01
5.629655718803405762e-01
5.948947072029113770e-01
6.116116046905517578e-01
5.745152831077575684e-01
3.383349478244781494e-01
6.277797818183898926e-01
3.840086460113525391e-01
6.465665102005004883e-01
6.346796751022338867e-01
6.358546614646911621e-01
6.533954143524169922e-01
4.581802189350128174e-01
6.063650250434875488e-01
5.362986922264099121e-01
6.123634576797485352e-01
6.170783638954162598e-01
3.433099389076232910e-01
3.513168990612030029e-01
6.178634762763977051e-01
5.511463880538940430e-01
6.322909593582153320e-01
6.385065317153930664e-01
6.083701252937316895e-01
5.681435465812683105e-01
4.463953673839569092e-01
5.836647748947143555e-01
5.872915983200073242e-01
6.329699754714965820e-01
6.520502567291259766e-01
6.012253165245056152e-01
4.034890234470367432e-01
3.855379819869995117e-01
6.299141049385070801e-01
5.889656543731689453e-01
3.390308618545532227e-01
6.385952234268188477e-01
5.208271741867065430e-01
6.503688693046569824e-01
6.007496118545532227e-01
6.255052089691162109e-01
6.457192301750183105e-01
5.201129913330078125e-01
6.480724215507507324e-01
6.371175050735473633e-01
6.330816149711608887e-01
3.374675810337066650e-01
3.801745772361755371e-01
6.424111723899841309e-01
5.022029876708984375e-01
6.462073326110839844e-01
3.360362350940704346e-01
4.092427790164947510e-01
5.791191458702087402e-01
4.418537616729736328e-01
3.951750993728637695e-01
3.535717129707336426e-01
6.193941831588745117e-01
6.134829521179199219e-01
5.907064676284790039e-01
6.400475502014160156e-01
4.024695754051208496e-01
5.735282897949218750e-01
5.775109529495239258e-01
5.320756435394287109e-01
5.424308776855468750e-01
6.293310523033142090e-01
3.490185737609863281e-01
3.333895206451416016e-01
6.549082398414611816e-01
6.398711204528808594e-01
4.998797476291656494e-01
6.161637306213378906e-01
5.631533861160278320e-01
6.119213104248046875e-01
3.394221365451812744e-01
6.504234671592712402e-01
6.260641813278198242e-01
3.756298422813415527e-01
5.827505588531494141e-01
3.646489977836608887e-01
3.802981078624725342e-01
3.841185271739959717e-01
6.318624019622802734e-01
6.449375748634338379e-01
4.801019430160522461e-01
4.291534721851348877e-01
6.482028961181640625e-01
3.907558023929595947e-01
6.470949053764343262e-01
3.401805758476257324e-01
3.566282093524932861e-01
6.507906317710876465e-01
6.307575702667236328e-01
4.749139249324798584e-01
5.218940973281860352e-01
5.181749463081359863e-01
4.152986407279968262e-01
3.582985997200012207e-01
6.407535076141357422e-01
3.955076336860656738e-01
6.500417590141296387e-01
3.276961445808410645e-01
6.321718692779541016e-01
5.940223932266235352e-01
6.454260945320129395e-01
4.824601411819458008e-01
5.583701729774475098e-01
5.515405535697937012e-01
4.119289219379425049e-01
5.646928548812866211e-01
4.061675965785980225e-01
3.375702798366546631e-01
6.202026009559631348e-01
5.181298255920410156e-01
3.408537805080413818e-01
4.177462160587310791e-01
3.809413015842437744e-01
3.619397580623626709e-01
6.087749600410461426e-01
3.575195968151092529e-01
6.427471041679382324e-01
3.299717307090759277e-01
5.757803320884704590e-01
3.225126266479492188e-01
6.471581459045410156e-01
4.366851449012756348e-01
6.305918693542480469e-01
6.471587419509887695e-01
5.087279081344604492e-01
6.135882735252380371e-01
4.180851578712463379e-01
6.358500123023986816e-01
3.366512060165405273e-01
5.878898501396179199e-01
6.303671598434448242e-01
6.510786414146423340e-01
5.183700323104858398e-01
3.998290598392486572e-01
6.302230358123779297e-01
6.396462917327880859e-01
6.082531809806823730e-01
5.490603446960449219e-01
6.313896775245666504e-01
6.437315940856933594e-01
6.364360451698303223e-01
6.165857911109924316e-01
4.369520545005798340e-01
6.189097762107849121e-01
4.846623539924621582e-01
3.799454867839813232e-01
5.269417166709899902e-01
5.402130484580993652e-01
3.956216871738433838e-01
6.365376114845275879e-01
6.321550011634826660e-01
6.108540892601013184e-01
5.805858969688415527e-01
4.975022971630096436e-01
4.917801022529602051e-01
3.604738116264343262e-01
5.319154262542724609e-01
6.424655318260192871e-01
3.561601936817169189e-01
5.764381289482116699e-01
3.304890096187591553e-01
6.226418018341064453e-01
6.362099647521972656e-01
5.812348723411560059e-01
6.487440466880798340e-01
5.704003572463989258e-01
6.225984096527099609e-01
6.341412663459777832e-01
6.116601228713989258e-01
3.789160549640655518e-01
5.354049801826477051e-01
5.378540754318237305e-01
3.346296250820159912e-01
6.286053061485290527e-01
3.355832397937774658e-01
5.700123906135559082e-01
6.163480281829833984e-01
4.603621065616607666e-01
4.926561415195465088e-01
6.516246795654296875e-01
3.495932221412658691e-01
5.510367155075073242e-01
5.334766507148742676e-01
5.453083515167236328e-01
4.184646308422088623e-01
6.360849142074584961e-01
6.401533484458923340e-01
5.233570933341979980e-01
3.474104106426239014e-01
3.612152934074401855e-01
3.773894309997558594e-01
3.780595362186431885e-01
5.430181622505187988e-01
3.370278477668762207e-01
3.318916261196136475e-01
4.066219031810760498e-01
6.508155465126037598e-01
6.521823406219482422e-01
3.580086529254913330e-01
3.382627665996551514e-01
5.722692608833312988e-01
6.399411559104919434e-01
4.324608743190765381e-01
6.491230726242065430e-01
3.230763077735900879e-01
4.235593378543853760e-01
6.003329157829284668e-01
6.495726704597473145e-01
5.683321952819824219e-01
6.261325478553771973e-01
5.649273991584777832e-01
3.979968428611755371e-01
4.481706917285919189e-01
3.364881873130798340e-01
6.410131454467773438e-01
4.299264550209045410e-01
6.431632637977600098e-01
6.466531157493591309e-01
6.496882438659667969e-01
3.258735537528991699e-01
3.229008018970489502e-01
4.275310933589935303e-01
6.510583162307739258e-01
6.316219568252563477e-01
4.443081915378570557e-01
3.529874980449676514e-01
3.477061390876770020e-01
6.329277753829956055e-01
5.698240399360656738e-01
6.483932137489318848e-01
6.056215167045593262e-01
4.288676381111145020e-01
3.388825356960296631e-01
5.866855382919311523e-01
5.083708167076110840e-01
5.995808839797973633e-01
5.969597697257995605e-01
4.269998371601104736e-01
6.012941598892211914e-01
3.351665139198303223e-01
4.572704434394836426e-01
6.340376734733581543e-01
5.812088847160339355e-01
5.341089367866516113e-01
6.496250033378601074e-01
3.966950178146362305e-01
3.698389232158660889e-01
5.779447555541992188e-01
6.405597925186157227e-01
3.359256684780120850e-01
6.171338558197021484e-01
4.628644287586212158e-01
6.478304266929626465e-01
6.436021924018859863e-01
6.270968317985534668e-01
3.937509059906005859e-01
3.409307599067687988e-01
6.230569481849670410e-01
4.037628769874572754e-01
6.435376405715942383e-01
4.504418373107910156e-01
6.526105999946594238e-01
5.801498293876647949e-01
3.229504227638244629e-01
6.487853527069091797e-01
3.948329389095306396e-01
5.208019018173217773e-01
4.770493209362030029e-01
5.636019110679626465e-01
5.216970443725585938e-01
5.619370341300964355e-01
5.206947922706604004e-01
6.116603016853332520e-01
3.263953924179077148e-01
3.953742980957031250e-01
3.956857025623321533e-01
6.488579511642456055e-01
3.679644763469696045e-01
5.940459370613098145e-01
3.496215343475341797e-01
6.462950110435485840e-01
4.468352496623992920e-01
3.700805902481079102e-01
5.821088552474975586e-01
3.416537940502166748e-01
5.296871066093444824e-01
5.690660476684570312e-01
3.332409560680389404e-01
6.167875528335571289e-01
5.784514546394348145e-01
5.658273100852966309e-01
5.141716003417968750e-01
4.174403846263885498e-01
3.894634544849395752e-01
3.637458384037017822e-01
4.202699363231658936e-01
3.786625266075134277e-01
5.783651471138000488e-01
3.651965856552124023e-01
6.442085504531860352e-01
6.537274718284606934e-01
4.164443314075469971e-01
6.446304321289062500e-01
3.638928234577178955e-01
6.274926066398620605e-01
6.484438180923461914e-01
6.256614327430725098e-01
3.988818526268005371e-01
3.430021703243255615e-01
6.484313011169433594e-01
6.443659067153930664e-01
6.096121668815612793e-01
3.462265431880950928e-01
6.006749868392944336e-01
6.101489067077636719e-01
6.517521739006042480e-01
6.384565234184265137e-01
5.950053334236145020e-01
5.565378665924072266e-01
6.531944274902343750e-01
4.260840415954589844e-01
6.313496828079223633e-01
6.446824669837951660e-01
3.232131600379943848e-01
3.369242548942565918e-01
3.670698702335357666e-01
6.008467078208923340e-01
5.823428034782409668e-01
6.513328552246093750e-01
3.411676287651062012e-01
4.773477613925933838e-01
3.737047612667083740e-01
6.439775228500366211e-01
6.381086111068725586e-01
4.527717828750610352e-01
3.465618789196014404e-01
4.166870117187500000e-01
5.004084110260009766e-01
6.312000155448913574e-01
6.360270380973815918e-01
6.196587681770324707e-01
5.031868815422058105e-01
3.307646512985229492e-01
5.603402256965637207e-01
5.348595380783081055e-01
6.196414232254028320e-01
5.137841701507568359e-01
3.879260122776031494e-01
5.583320260047912598e-01
3.587472438812255859e-01
6.433276534080505371e-01
5.485163331031799316e-01
6.482079625129699707e-01
4.404966235160827637e-01
5.925589203834533691e-01
3.900388777256011963e-01
6.127060651779174805e-01
6.168176531791687012e-01
3.597247302532196045e-01
6.004739403724670410e-01
6.361238956451416016e-01
5.166807770729064941e-01
6.437025666236877441e-01
3.774623274803161621e-01
3.402915894985198975e-01
4.695506989955902100e-01
5.585046410560607910e-01
5.500001907348632812e-01
5.717891454696655273e-01
6.518103480339050293e-01
3.601401448249816895e-01
3.557500243186950684e-01
4.119274318218231201e-01
4.819568395614624023e-01
6.321355104446411133e-01
4.369962513446807861e-01
3.956325352191925049e-01
6.442898511886596680e-01
4.231104552745819092e-01
6.219289898872375488e-01
5.868288278579711914e-01
6.523882150650024414e-01
6.323745846748352051e-01
6.384157538414001465e-01
6.536721587181091309e-01
6.474506855010986328e-01
3.224139511585235596e-01
4.795278608798980713e-01
5.501633286476135254e-01
3.408307433128356934e-01
6.437845230102539062e-01
5.591654777526855469e-01
5.133839249610900879e-01
6.015127897262573242e-01
3.623959422111511230e-01
3.730615377426147461e-01
6.207072734832763672e-01
5.831231474876403809e-01
6.513826251029968262e-01
6.425558924674987793e-01
4.296457469463348389e-01
6.292025446891784668e-01
3.248139321804046631e-01
5.413168072700500488e-01
6.492314338684082031e-01
5.966325998306274414e-01
6.357051134109497070e-01
5.737549066543579102e-01
6.176548004150390625e-01
4.130264520645141602e-01
6.108707189559936523e-01
6.339734196662902832e-01
5.265586376190185547e-01
5.580724477767944336e-01
3.572170138359069824e-01
4.888763725757598877e-01
5.308500528335571289e-01
6.280664801597595215e-01
6.504167914390563965e-01
3.933876156806945801e-01
4.343511462211608887e-01
6.251076459884643555e-01
4.516727328300476074e-01
3.399852812290191650e-01
6.299768686294555664e-01
3.892836570739746094e-01
4.197808206081390381e-01
4.650035798549652100e-01
5.374133586883544922e-01
6.501131653785705566e-01
3.308383822441101074e-01
4.850880503654479980e-01
4.474156200885772705e-01
5.462251901626586914e-01
3.195076882839202881e-01
4.530912637710571289e-01
3.313003182411193848e-01
6.442154049873352051e-01
4.028752744197845459e-01
5.069384574890136719e-01
6.502679586410522461e-01
3.571101725101470947e-01
6.367716193199157715e-01
4.418115913867950439e-01
4.301361441612243652e-01
6.467866301536560059e-01
5.233082175254821777e-01
3.501132428646087646e-01
6.490399241447448730e-01
5.699520111083984375e-01
3.268901407718658447e-01
5.755355954170227051e-01
5.733997821807861328e-01
6.427080035209655762e-01
3.564360439777374268e-01
4.956234991550445557e-01
4.675537049770355225e-01
3.808078765869140625e-01
3.288453221321105957e-01
5.958206057548522949e-01
3.804574906826019287e-01
4.307044744491577148e-01
5.570810437202453613e-01
3.476990163326263428e-01
6.437777280807495117e-01
5.412651896476745605e-01
4.425504207611083984e-01
4.419080615043640137e-01
5.931854248046875000e-01
6.326690316200256348e-01
3.579326868057250977e-01
3.703485429286956787e-01
6.480232477188110352e-01
6.389258503913879395e-01
4.862461686134338379e-01
5.367469787597656250e-01
6.283510923385620117e-01
3.964980244636535645e-01
4.441564083099365234e-01
6.058556437492370605e-01
6.408275365829467773e-01
5.891090631484985352e-01
5.533689260482788086e-01
3.678778409957885742e-01
6.166037321090698242e-01
5.620326995849609375e-01
3.877082765102386475e-01
6.079344749450683594e-01
3.421436846256256104e-01
5.219542980194091797e-01
6.471809744834899902e-01
6.512129902839660645e-01
6.312079429626464844e-01
4.004295468330383301e-01
3.795186281204223633e-01
4.011550545692443848e-01
3.654636144638061523e-01
6.020681858062744141e-01
6.344107985496520996e-01
5.622184276580810547e-01
3.870770931243896484e-01
6.347943544387817383e-01
6.446047425270080566e-01
6.450244784355163574e-01
6.280220150947570801e-01
5.165997743606567383e-01
6.034992933273315430e-01
3.807238638401031494e-01
6.213791966438293457e-01
4.685449302196502686e-01
6.448919177055358887e-01
4.047377705574035645e-01
4.959633946418762207e-01
5.334700942039489746e-01
5.589040517807006836e-01
6.455757021903991699e-01
5.958043932914733887e-01
3.879916071891784668e-01
6.242360472679138184e-01
6.011444330215454102e-01
5.800648331642150879e-01
6.440005302429199219e-01
6.457512378692626953e-01
3.402073979377746582e-01
6.163648366928100586e-01
6.396606564521789551e-01
4.186053574085235596e-01
6.422297954559326172e-01
4.732754230499267578e-01
4.883055090904235840e-01
5.509409904479980469e-01
3.186881840229034424e-01
4.172616004943847656e-01
5.890213847160339355e-01
4.839512705802917480e-01
4.753891229629516602e-01
6.290029883384704590e-01
3.331714868545532227e-01
3.656437397003173828e-01
6.428527235984802246e-01
6.383719444274902344e-01
4.032202959060668945e-01
4.718618094921112061e-01
6.309776306152343750e-01
4.638527333736419678e-01
4.137338697910308838e-01
4.993106126785278320e-01
6.425641179084777832e-01
4.765638709068298340e-01
5.809448361396789551e-01
5.168608427047729492e-01
4.023332595825195312e-01
3.356683850288391113e-01
3.752439320087432861e-01
4.071041941642761230e-01
4.589384794235229492e-01
6.425648927688598633e-01
5.323149561882019043e-01
3.603096008300781250e-01
6.321371197700500488e-01
4.451761245727539062e-01
3.351062834262847900e-01
6.411597132682800293e-01
3.882462382316589355e-01
6.281788349151611328e-01
6.411094665527343750e-01
3.406527340412139893e-01
3.747139871120452881e-01
3.888987004756927490e-01
4.757565557956695557e-01
6.396967172622680664e-01
6.514608263969421387e-01
4.485767781734466553e-01
6.337850689888000488e-01
3.938254415988922119e-01
6.283703446388244629e-01
6.371252536773681641e-01
6.504257321357727051e-01
6.473242044448852539e-01
5.464527606964111328e-01
4.966940879821777344e-01
6.500776410102844238e-01
6.346273422241210938e-01
3.260534405708312988e-01
3.440188467502593994e-01
3.612374365329742432e-01
6.281013488769531250e-01
5.770937204360961914e-01
6.203359365463256836e-01
4.322851002216339111e-01
6.147980690002441406e-01
6.307672858238220215e-01
3.354287743568420410e-01
6.457669138908386230e-01
3.690521717071533203e-01
6.209802627563476562e-01
5.849724411964416504e-01
4.123129844665527344e-01
5.850890874862670898e-01
4.605400562286376953e-01
5.944032669067382812e-01
5.920587182044982910e-01
6.523260474205017090e-01
6.304321289062500000e-01
6.504608392715454102e-01
6.181192994117736816e-01
6.499177217483520508e-01
4.884493052959442139e-01
6.485722064971923828e-01
6.428503394126892090e-01
6.496649980545043945e-01
3.947260081768035889e-01
5.514426231384277344e-01
5.266653299331665039e-01
5.439800620079040527e-01
4.577393233776092529e-01
5.436841249465942383e-01
3.659247159957885742e-01
6.287938952445983887e-01
4.322852790355682373e-01
4.062735140323638916e-01
3.801507949829101562e-01
4.698115885257720947e-01
6.240760087966918945e-01
6.487237215042114258e-01
6.524572968482971191e-01
6.169506907463073730e-01
4.620905518531799316e-01
6.454272866249084473e-01
6.361203193664550781e-01
6.522113680839538574e-01
5.760739445686340332e-01
6.105011701583862305e-01
3.286399245262145996e-01
6.492161750793457031e-01
5.118068456649780273e-01
4.851397573947906494e-01
4.127044677734375000e-01
6.506919860839843750e-01
6.289970874786376953e-01
6.019910573959350586e-01
5.527590513229370117e-01
5.828626155853271484e-01
5.117926597595214844e-01
3.736979961395263672e-01
3.607661426067352295e-01
5.630783438682556152e-01
3.343509137630462646e-01
4.033136963844299316e-01
6.035768985748291016e-01
4.419387876987457275e-01
5.700692534446716309e-01
6.023330688476562500e-01
4.672729969024658203e-01
6.332755088806152344e-01
6.268370747566223145e-01
6.020681858062744141e-01
6.010739803314208984e-01
4.008685052394866943e-01
3.932528197765350342e-01
4.014840722084045410e-01
4.433249831199645996e-01
6.372331976890563965e-01
6.415966153144836426e-01
4.313285052776336670e-01
6.536974310874938965e-01
6.312742233276367188e-01
3.338374793529510498e-01
6.505045890808105469e-01
