3.367875218391418457e-01
4.007108807563781738e-01
6.011841893196105957e-01
3.733671307563781738e-01
6.006268262863159180e-01
4.479739665985107422e-01
5.042129158973693848e-01
5.859913229942321777e-01
6.164510250091552734e-01
4.912990927696228027e-01
3.539213836193084717e-01
4.238188862800598145e-01
3.545376062393188477e-01
4.026726782321929932e-01
5.888866782188415527e-01
3.597123026847839355e-01
3.781023025512695312e-01
3.703201115131378174e-01
5.316329002380371094e-01
4.296607375144958496e-01
5.747337341308593750e-01
4.015678167343139648e-01
5.315281152725219727e-01
5.962329506874084473e-01
3.384510874748229980e-01
6.163581609725952148e-01
4.618743360042572021e-01
3.709858059883117676e-01
5.981454849243164062e-01
6.315165758132934570e-01
3.774763345718383789e-01
6.055967211723327637e-01
4.103043973445892334e-01
3.421540260314941406e-01
4.621626138687133789e-01
4.288934767246246338e-01
5.873173475265502930e-01
4.009551107883453369e-01
4.877567291259765625e-01
3.828972280025482178e-01
3.863618671894073486e-01
3.784978687763214111e-01
3.452510535717010498e-01
6.119615435600280762e-01
4.837213158607482910e-01
6.154817938804626465e-01
5.346802473068237305e-01
3.700931072235107422e-01
3.739929497241973877e-01
4.146175086498260498e-01
3.567932248115539551e-01
5.838571190834045410e-01
4.192543923854827881e-01
4.017230570316314697e-01
4.667604267597198486e-01
5.915902853012084961e-01
3.475281596183776855e-01
4.398015737533569336e-01
3.868895471096038818e-01
5.868555307388305664e-01
5.930429697036743164e-01
6.007472872734069824e-01
5.398048162460327148e-01
4.298529624938964844e-01
3.989193141460418701e-01
6.172198653221130371e-01
4.664405286312103271e-01
4.029203057289123535e-01
4.721560180187225342e-01
3.773484826087951660e-01
5.692775845527648926e-01
3.874816894531250000e-01
6.060019731521606445e-01
3.717622756958007812e-01
3.776912689208984375e-01
5.045189857482910156e-01
3.519443571567535400e-01
4.069512486457824707e-01
5.938712358474731445e-01
6.239932179450988770e-01
3.816719949245452881e-01
3.731296956539154053e-01
3.528611660003662109e-01
3.657239079475402832e-01
3.843647241592407227e-01
3.425586521625518799e-01
3.814297616481781006e-01
6.349551677703857422e-01
6.103743314743041992e-01
6.116088628768920898e-01
6.045018434524536133e-01
5.137435197830200195e-01
3.921759128570556641e-01
6.227427721023559570e-01
4.133774936199188232e-01
4.376513957977294922e-01
4.042526483535766602e-01
3.496434688568115234e-01
6.235234737396240234e-01
5.917020440101623535e-01
3.768121302127838135e-01
3.978080153465270996e-01
3.632093369960784912e-01
5.499181151390075684e-01
5.681650638580322266e-01
4.967593252658843994e-01
6.125624775886535645e-01
5.548821687698364258e-01
4.302580654621124268e-01
6.269670128822326660e-01
3.653573095798492432e-01
4.183495640754699707e-01
3.818133175373077393e-01
5.558888316154479980e-01
4.834881722927093506e-01
4.495508372783660889e-01
6.027066111564636230e-01
3.862044811248779297e-01
5.811299681663513184e-01
3.539299964904785156e-01
6.099773049354553223e-01
5.893167853355407715e-01
5.685067772865295410e-01
3.457745313644409180e-01
3.734582066535949707e-01
6.279857158660888672e-01
3.902243971824645996e-01
3.552444875240325928e-01
3.673863708972930908e-01
3.593560159206390381e-01
5.449310541152954102e-01
5.470783114433288574e-01
5.942600965499877930e-01
3.685715198516845703e-01
4.019084870815277100e-01
4.051029682159423828e-01
6.199153065681457520e-01
4.024886190891265869e-01
6.093567013740539551e-01
5.863522291183471680e-01
5.827519893646240234e-01
5.967814922332763672e-01
5.485579371452331543e-01
5.215660929679870605e-01
4.898148179054260254e-01
4.689217507839202881e-01
3.960403501987457275e-01
6.160488724708557129e-01
4.551087915897369385e-01
5.843157768249511719e-01
6.271543502807617188e-01
4.294859468936920166e-01
3.600496351718902588e-01
3.367794156074523926e-01
6.091567277908325195e-01
4.494131207466125488e-01
4.911792576313018799e-01
6.174551844596862793e-01
5.971965193748474121e-01
3.636987507343292236e-01
5.160380005836486816e-01
4.829952716827392578e-01
6.250059008598327637e-01
4.989081025123596191e-01
6.215602159500122070e-01
6.086717247962951660e-01
5.797352194786071777e-01
4.950526654720306396e-01
3.500147759914398193e-01
3.927531838417053223e-01
4.153802692890167236e-01
6.103133559226989746e-01
4.580788910388946533e-01
4.420502781867980957e-01
3.430131077766418457e-01
5.678952336311340332e-01
3.471232950687408447e-01
5.932593941688537598e-01
3.481514751911163330e-01
6.202176213264465332e-01
4.331445395946502686e-01
6.128731369972229004e-01
3.649603724479675293e-01
6.305105686187744141e-01
5.759698748588562012e-01
4.064275622367858887e-01
4.537160992622375488e-01
6.068596243858337402e-01
3.428913652896881104e-01
4.177491962909698486e-01
5.696051120758056641e-01
6.267761588096618652e-01
4.347887039184570312e-01
6.028335094451904297e-01
3.546898365020751953e-01
5.169289708137512207e-01
4.520751535892486572e-01
3.638421595096588135e-01
4.345388710498809814e-01
6.328293085098266602e-01
5.726153254508972168e-01
3.507176637649536133e-01
6.063337326049804688e-01
5.879328846931457520e-01
3.612490296363830566e-01
6.265248060226440430e-01
3.434840142726898193e-01
4.381718337535858154e-01
3.718417882919311523e-01
6.020597815513610840e-01
5.852073431015014648e-01
4.823094606399536133e-01
3.886231780052185059e-01
4.115665853023529053e-01
5.608739256858825684e-01
5.691594481468200684e-01
3.475845158100128174e-01
5.211064219474792480e-01
6.167717576026916504e-01
4.168976545333862305e-01
6.324046254158020020e-01
4.942768216133117676e-01
4.421051740646362305e-01
3.362287282943725586e-01
6.206115484237670898e-01
3.865186572074890137e-01
3.704230487346649170e-01
4.033284783363342285e-01
5.272163748741149902e-01
5.688206553459167480e-01
6.226103901863098145e-01
6.020024418830871582e-01
5.908056497573852539e-01
3.539820313453674316e-01
3.535136878490447998e-01
6.160179972648620605e-01
3.944662213325500488e-01
6.242589950561523438e-01
3.505418598651885986e-01
6.299694180488586426e-01
4.477536976337432861e-01
4.733224213123321533e-01
5.986506938934326172e-01
6.016597151756286621e-01
5.706725716590881348e-01
5.892705321311950684e-01
4.231251180171966553e-01
5.231051445007324219e-01
4.069002270698547363e-01
4.095713496208190918e-01
5.998694300651550293e-01
4.158812761306762695e-01
5.615188479423522949e-01
4.891789555549621582e-01
4.030773043632507324e-01
6.148620843887329102e-01
6.174191832542419434e-01
3.486870229244232178e-01
6.143944859504699707e-01
4.017841219902038574e-01
4.595252573490142822e-01
5.249596238136291504e-01
3.651629090309143066e-01
5.889987945556640625e-01
3.631454110145568848e-01
5.762100815773010254e-01
3.418583571910858154e-01
3.702128827571868896e-01
4.750806987285614014e-01
6.186023950576782227e-01
3.940440416336059570e-01
4.192860126495361328e-01
4.781126976013183594e-01
6.091431379318237305e-01
5.856551527976989746e-01
4.549102187156677246e-01
6.177157163619995117e-01
5.341303348541259766e-01
3.968808948993682861e-01
3.567454516887664795e-01
4.122567176818847656e-01
6.102104187011718750e-01
5.060309767723083496e-01
4.236659109592437744e-01
6.192581057548522949e-01
6.028008460998535156e-01
3.956219553947448730e-01
6.071260571479797363e-01
4.067731201648712158e-01
3.829084634780883789e-01
3.418937027454376221e-01
3.629687130451202393e-01
5.953385233879089355e-01
4.792808890342712402e-01
3.771849274635314941e-01
5.703589320182800293e-01
3.513862490653991699e-01
3.613459765911102295e-01
6.168576478958129883e-01
3.920381367206573486e-01
5.177613496780395508e-01
5.759068727493286133e-01
5.565089583396911621e-01
3.873651623725891113e-01
5.946506261825561523e-01
6.263117790222167969e-01
3.666037619113922119e-01
6.297078728675842285e-01
6.171406507492065430e-01
5.785209536552429199e-01
5.230901241302490234e-01
3.535875380039215088e-01
5.579424500465393066e-01
6.076729297637939453e-01
3.701935112476348877e-01
6.285251975059509277e-01
4.648532569408416748e-01
3.606927990913391113e-01
5.992848873138427734e-01
5.024802088737487793e-01
4.645754098892211914e-01
4.287208616733551025e-01
3.574312031269073486e-01
4.146686494350433350e-01
4.055073857307434082e-01
6.308842897415161133e-01
6.143787503242492676e-01
5.466568470001220703e-01
4.042391479015350342e-01
6.094041466712951660e-01
3.613801598548889160e-01
4.754776060581207275e-01
3.504075407981872559e-01
5.373514890670776367e-01
3.728339076042175293e-01
5.165264010429382324e-01
4.352550506591796875e-01
3.784332275390625000e-01
4.582757353782653809e-01
5.909554362297058105e-01
3.436191380023956299e-01
3.862360119819641113e-01
3.439913094043731689e-01
6.285933852195739746e-01
3.485600650310516357e-01
6.085561513900756836e-01
3.419227004051208496e-01
3.631752431392669678e-01
5.663968324661254883e-01
6.304226517677307129e-01
3.689053952693939209e-01
4.027282595634460449e-01
5.617336034774780273e-01
5.773342847824096680e-01
3.502938747406005859e-01
6.228698492050170898e-01
4.173504114151000977e-01
3.641898632049560547e-01
6.249616146087646484e-01
5.355248451232910156e-01
4.736733436584472656e-01
3.920910060405731201e-01
6.155340075492858887e-01
5.968999862670898438e-01
4.559472203254699707e-01
3.977411687374114990e-01
4.754148721694946289e-01
4.471006691455841064e-01
3.542029261589050293e-01
5.746544003486633301e-01
4.447192251682281494e-01
6.240436434745788574e-01
3.379563093185424805e-01
3.732182979583740234e-01
5.999488830566406250e-01
6.222732067108154297e-01
4.034724235534667969e-01
3.765194416046142578e-01
5.121768712997436523e-01
4.181535243988037109e-01
5.546318292617797852e-01
6.286126971244812012e-01
4.012767970561981201e-01
4.614976644515991211e-01
3.498739302158355713e-01
6.195166110992431641e-01
6.276056170463562012e-01
5.157015323638916016e-01
4.847059547901153564e-01
3.508949875831604004e-01
6.272044777870178223e-01
3.701200485229492188e-01
3.865350186824798584e-01
3.869713246822357178e-01
5.372637510299682617e-01
4.075311422348022461e-01
3.462597429752349854e-01
5.814961194992065430e-01
4.180982112884521484e-01
6.093230843544006348e-01
6.265181303024291992e-01
3.526923954486846924e-01
6.192703843116760254e-01
4.730995297431945801e-01
3.666962087154388428e-01
5.396435856819152832e-01
3.602481782436370850e-01
5.381801724433898926e-01
4.848209023475646973e-01
3.667929768562316895e-01
6.116069555282592773e-01
4.661968052387237549e-01
3.851656615734100342e-01
5.413812398910522461e-01
4.178647398948669434e-01
5.349314808845520020e-01
3.981002569198608398e-01
6.166541576385498047e-01
6.275022625923156738e-01
6.028597950935363770e-01
5.647877454757690430e-01
6.129109859466552734e-01
5.938745737075805664e-01
3.408796489238739014e-01
5.036804080009460449e-01
5.045939683914184570e-01
5.504587292671203613e-01
3.367256820201873779e-01
5.738883018493652344e-01
4.030337631702423096e-01
5.869177579879760742e-01
4.820507168769836426e-01
4.072938561439514160e-01
3.572225272655487061e-01
3.353877961635589600e-01
6.289427280426025391e-01
3.729831874370574951e-01
3.488010764122009277e-01
3.757734894752502441e-01
4.893648326396942139e-01
5.382616519927978516e-01
5.932719707489013672e-01
3.832044303417205811e-01
3.451626300811767578e-01
5.710604786872863770e-01
5.266327857971191406e-01
6.278831958770751953e-01
3.491114079952239990e-01
6.131026744842529297e-01
6.276767849922180176e-01
3.628195226192474365e-01
3.819393813610076904e-01
6.188104748725891113e-01
3.664047420024871826e-01
3.765419423580169678e-01
4.029686450958251953e-01
4.925995171070098877e-01
4.482825398445129395e-01
3.754905760288238525e-01
3.859150707721710205e-01
5.518853068351745605e-01
6.313592791557312012e-01
5.864797830581665039e-01
6.218710541725158691e-01
3.551591038703918457e-01
3.826639652252197266e-01
5.976205468177795410e-01
5.402169227600097656e-01
4.836952090263366699e-01
6.080940961837768555e-01
4.006438851356506348e-01
5.628980398178100586e-01
4.037804305553436279e-01
6.319129467010498047e-01
3.614791333675384521e-01
6.050976514816284180e-01
6.342103481292724609e-01
3.740491867065429688e-01
4.145590960979461670e-01
5.717847943305969238e-01
4.962483644485473633e-01
5.931379795074462891e-01
6.326234340667724609e-01
3.468783497810363770e-01
4.719453752040863037e-01
4.022155404090881348e-01
6.058394908905029297e-01
5.686212182044982910e-01
3.674282431602478027e-01
4.217665791511535645e-01
5.394700169563293457e-01
5.697264075279235840e-01
4.007131755352020264e-01
3.454342484474182129e-01
3.416375517845153809e-01
3.447774350643157959e-01
3.875793218612670898e-01
3.809394538402557373e-01
5.580279231071472168e-01
5.209664106369018555e-01
3.510797321796417236e-01
4.560670554637908936e-01
4.206314384937286377e-01
5.353287458419799805e-01
5.588821768760681152e-01
5.992540717124938965e-01
4.237209260463714600e-01
3.648232817649841309e-01
6.280865073204040527e-01
5.700978040695190430e-01
3.512156307697296143e-01
4.179007112979888916e-01
4.558557271957397461e-01
5.526843070983886719e-01
6.153936982154846191e-01
6.330598592758178711e-01
5.993987321853637695e-01
4.181649982929229736e-01
5.372023582458496094e-01
3.505179882049560547e-01
4.555537700653076172e-01
5.995190739631652832e-01
4.761029183864593506e-01
5.920920968055725098e-01
3.811457455158233643e-01
6.214603185653686523e-01
5.944669246673583984e-01
3.775640726089477539e-01
5.829741358757019043e-01
5.657316446304321289e-01
6.234869360923767090e-01
6.147812008857727051e-01
3.990379869937896729e-01
5.860225558280944824e-01
5.975707173347473145e-01
5.608624219894409180e-01
5.817960500717163086e-01
3.658611774444580078e-01
3.787193596363067627e-01
5.384154915809631348e-01
6.080710887908935547e-01
4.248515367507934570e-01
4.451078176498413086e-01
4.282793402671813965e-01
5.229405760765075684e-01
5.426740646362304688e-01
3.576745986938476562e-01
4.978548884391784668e-01
4.902827739715576172e-01
6.157401204109191895e-01
4.599569737911224365e-01
4.533804357051849365e-01
5.899212956428527832e-01
3.767325878143310547e-01
4.049524664878845215e-01
3.612760305404663086e-01
3.373852074146270752e-01
3.634257614612579346e-01
6.111015677452087402e-01
5.230595469474792480e-01
4.972814023494720459e-01
3.702030777931213379e-01
6.085787415504455566e-01
3.832874894142150879e-01
6.157019734382629395e-01
4.065411090850830078e-01
4.884292483329772949e-01
5.804851055145263672e-01
5.590232610702514648e-01
4.972726106643676758e-01
4.305572807788848877e-01
5.173969864845275879e-01
5.780622363090515137e-01
4.211994409561157227e-01
6.280276775360107422e-01
5.630229115486145020e-01
3.435181081295013428e-01
4.133721292018890381e-01
4.390638470649719238e-01
3.454304337501525879e-01
5.357149839401245117e-01
3.681987226009368896e-01
3.402474522590637207e-01
3.499390184879302979e-01
4.425710141658782959e-01
5.925458669662475586e-01
6.203302145004272461e-01
6.163024902343750000e-01
4.430735111236572266e-01
4.300310909748077393e-01
5.794604420661926270e-01
5.057258009910583496e-01
5.430255532264709473e-01
3.503096103668212891e-01
5.141580104827880859e-01
5.685688257217407227e-01
3.665900826454162598e-01
3.561374545097351074e-01
3.551236391067504883e-01
4.191143810749053955e-01
3.677606284618377686e-01
5.955795049667358398e-01
3.454971313476562500e-01
3.877764642238616943e-01
5.423114299774169922e-01
4.265683293342590332e-01
4.625128209590911865e-01
5.674679875373840332e-01
3.808471858501434326e-01
5.625095963478088379e-01
4.540213942527770996e-01
4.314188361167907715e-01
3.593400120735168457e-01
5.623087286949157715e-01
3.631141483783721924e-01
3.718644678592681885e-01
6.141800284385681152e-01
4.152066707611083984e-01
5.604152679443359375e-01
3.507245481014251709e-01
3.896144628524780273e-01
5.409271717071533203e-01
4.458648264408111572e-01
5.972102284431457520e-01
5.791823267936706543e-01
5.530816912651062012e-01
3.358825743198394775e-01
5.885372757911682129e-01
6.222708225250244141e-01
3.968105018138885498e-01
3.410222828388214111e-01
6.172887086868286133e-01
6.274254918098449707e-01
6.045747995376586914e-01
5.948235988616943359e-01
4.452754259109497070e-01
3.416516780853271484e-01
3.861150145530700684e-01
4.214382469654083252e-01
5.867952108383178711e-01
4.130509495735168457e-01
3.406875133514404297e-01
3.530126214027404785e-01
5.800476670265197754e-01
3.727666139602661133e-01
5.691426992416381836e-01
4.014199674129486084e-01
5.645968914031982422e-01
6.342252492904663086e-01
6.212657094001770020e-01
4.038906395435333252e-01
4.007254242897033691e-01
6.292003989219665527e-01
4.096606373786926270e-01
5.777745246887207031e-01
4.868809282779693604e-01
3.460270464420318604e-01
4.743408560752868652e-01
6.206220984458923340e-01
3.518150150775909424e-01
6.304618120193481445e-01
6.280694603919982910e-01
3.782916367053985596e-01
4.840222001075744629e-01
3.493029475212097168e-01
3.887658715248107910e-01
3.905729949474334717e-01
5.776760578155517578e-01
6.317580342292785645e-01
6.299505233764648438e-01
3.880272805690765381e-01
3.950359821319580078e-01
6.198916435241699219e-01
6.292523145675659180e-01
3.653460741043090820e-01
5.536283850669860840e-01
6.116526126861572266e-01
5.286546349525451660e-01
6.311158537864685059e-01
5.953551530838012695e-01
3.676285147666931152e-01
3.407973349094390869e-01
3.512392044067382812e-01
6.238030791282653809e-01
5.500683784484863281e-01
3.588885068893432617e-01
3.900181055068969727e-01
4.850134253501892090e-01
4.055153727531433105e-01
4.159874320030212402e-01
4.018197655677795410e-01
3.591588139533996582e-01
6.324070692062377930e-01
5.523437857627868652e-01
4.775583744049072266e-01
5.396506190299987793e-01
5.412335395812988281e-01
6.158130764961242676e-01
3.554847240447998047e-01
5.195255279541015625e-01
6.136136651039123535e-01
5.628674030303955078e-01
5.955486893653869629e-01
4.458799064159393311e-01
6.189627647399902344e-01
3.535599112510681152e-01
3.379251062870025635e-01
4.492534995079040527e-01
4.960320293903350830e-01
4.133189916610717773e-01
3.521451652050018311e-01
5.656616091728210449e-01
6.297604441642761230e-01
6.116619110107421875e-01
3.919037878513336182e-01
4.484672248363494873e-01
6.060709953308105469e-01
3.725551366806030273e-01
3.430579006671905518e-01
5.874480009078979492e-01
5.067895054817199707e-01
4.912901222705841064e-01
3.415332436561584473e-01
6.111994385719299316e-01
3.576865196228027344e-01
3.796965479850769043e-01
4.113475084304809570e-01
5.136039853096008301e-01
3.854660391807556152e-01
6.315751671791076660e-01
6.059201359748840332e-01
3.847738802433013916e-01
4.824785888195037842e-01
6.210380196571350098e-01
3.875876665115356445e-01
6.105604171752929688e-01
4.294183254241943359e-01
3.622926771640777588e-01
3.533271253108978271e-01
6.206828355789184570e-01
3.602055609226226807e-01
4.809275269508361816e-01
5.976800918579101562e-01
3.703622817993164062e-01
3.470577597618103027e-01
6.324246525764465332e-01
5.547554492950439453e-01
5.828013420104980469e-01
3.510311543941497803e-01
5.644434094429016113e-01
3.729420006275177002e-01
6.274509429931640625e-01
4.688753783702850342e-01
4.812849462032318115e-01
4.619451165199279785e-01
3.764032125473022461e-01
3.523749411106109619e-01
3.777127861976623535e-01
5.744336247444152832e-01
6.063815951347351074e-01
3.823382258415222168e-01
5.616465806961059570e-01
3.688504993915557861e-01
6.270659565925598145e-01
5.831602215766906738e-01
6.325819492340087891e-01
6.047356128692626953e-01
5.333095788955688477e-01
3.581416308879852295e-01
5.195505023002624512e-01
4.863930642604827881e-01
4.008307456970214844e-01
4.468837678432464600e-01
6.210813522338867188e-01
4.611123800277709961e-01
5.422400236129760742e-01
3.480551540851593018e-01
5.868546962738037109e-01
3.536184728145599365e-01
5.989477634429931641e-01
5.704520940780639648e-01
6.196968555450439453e-01
6.122276782989501953e-01
3.583177328109741211e-01
4.382016360759735107e-01
3.717995882034301758e-01
5.242547392845153809e-01
5.420463085174560547e-01
4.715585708618164062e-01
3.429236114025115967e-01
3.947384953498840332e-01
6.157839298248291016e-01
5.515208840370178223e-01
3.797717690467834473e-01
3.908402025699615479e-01
3.763568103313446045e-01
3.591022789478302002e-01
6.022471785545349121e-01
3.590674400329589844e-01
5.068991184234619141e-01
6.348359584808349609e-01
4.138796627521514893e-01
5.195255875587463379e-01
4.294790923595428467e-01
3.713619112968444824e-01
6.087449193000793457e-01
4.227631688117980957e-01
3.531172871589660645e-01
6.218628287315368652e-01
5.282232761383056641e-01
6.289492249488830566e-01
5.260760188102722168e-01
5.335264801979064941e-01
4.404967129230499268e-01
3.485763967037200928e-01
6.081496477127075195e-01
4.464928805828094482e-01
4.109451174736022949e-01
3.632875680923461914e-01
3.488034904003143311e-01
6.126015782356262207e-01
5.346943140029907227e-01
4.846943020820617676e-01
3.682519197463989258e-01
4.007460176944732666e-01
6.219606399536132812e-01
6.048064231872558594e-01
6.017555594444274902e-01
5.562255978584289551e-01
4.151774048805236816e-01
5.453935265541076660e-01
5.694887638092041016e-01
6.114777326583862305e-01
5.455029010772705078e-01
5.907969474792480469e-01
4.891604185104370117e-01
5.309038758277893066e-01
5.576403737068176270e-01
5.324140787124633789e-01
3.557927608489990234e-01
4.569094479084014893e-01
4.857206344604492188e-01
4.224794805049896240e-01
4.633587598800659180e-01
5.484802722930908203e-01
5.590604543685913086e-01
3.455930352210998535e-01
3.782733380794525146e-01
4.066011905670166016e-01
5.872404575347900391e-01
4.164387881755828857e-01
5.465244650840759277e-01
6.085741519927978516e-01
3.415094912052154541e-01
6.145871281623840332e-01
4.466017484664916992e-01
5.805672407150268555e-01
5.939347743988037109e-01
5.284949541091918945e-01
5.433661937713623047e-01
3.963539600372314453e-01
3.867922425270080566e-01
4.223163425922393799e-01
6.315117478370666504e-01
3.421668112277984619e-01
3.565751314163208008e-01
6.277372837066650391e-01
4.415168464183807373e-01
3.501667082309722900e-01
6.293660998344421387e-01
4.064748287200927734e-01
6.238440275192260742e-01
3.888594508171081543e-01
5.578789114952087402e-01
6.078650951385498047e-01
3.568235635757446289e-01
5.100390315055847168e-01
3.437963426113128662e-01
4.187940955162048340e-01
4.953949451446533203e-01
4.929443895816802979e-01
3.804280757904052734e-01
6.270481944084167480e-01
6.085405945777893066e-01
3.494676649570465088e-01
6.158460378646850586e-01
3.609408736228942871e-01
6.333539485931396484e-01
3.931543529033660889e-01
3.738315701484680176e-01
6.052310466766357422e-01
4.866704344749450684e-01
3.436321318149566650e-01
6.240550875663757324e-01
4.469494223594665527e-01
6.048048138618469238e-01
5.881001949310302734e-01
6.295523047447204590e-01
5.783403515815734863e-01
3.419875800609588623e-01
4.556411206722259521e-01
3.735770285129547119e-01
5.753452777862548828e-01
3.931604325771331787e-01
3.847151696681976318e-01
4.881464242935180664e-01
5.529473423957824707e-01
6.035634875297546387e-01
4.367597103118896484e-01
4.356755316257476807e-01
5.265522599220275879e-01
3.985581994056701660e-01
6.142098307609558105e-01
4.294911324977874756e-01
3.511996567249298096e-01
3.622574210166931152e-01
3.494326472282409668e-01
4.538774192333221436e-01
4.109008908271789551e-01
3.858602046966552734e-01
3.381161093711853027e-01
5.771060585975646973e-01
5.755375027656555176e-01
3.605276644229888916e-01
6.056149601936340332e-01
4.318874180316925049e-01
5.645659565925598145e-01
3.803989887237548828e-01
5.676357150077819824e-01
4.158981740474700928e-01
5.599218606948852539e-01
3.443652093410491943e-01
5.169888734817504883e-01
3.768274784088134766e-01
6.276212930679321289e-01
4.132796525955200195e-01
4.448646903038024902e-01
3.607580363750457764e-01
6.013762950897216797e-01
4.354117512702941895e-01
6.246789693832397461e-01
3.627204895019531250e-01
5.645742416381835938e-01
4.029974043369293213e-01
3.422164320945739746e-01
6.038265824317932129e-01
6.216081976890563965e-01
5.861273407936096191e-01
3.814746141433715820e-01
5.998117923736572266e-01
5.768271684646606445e-01
3.675758242607116699e-01
3.740653395652770996e-01
3.599452078342437744e-01
5.688702464103698730e-01
4.089458584785461426e-01
3.598857820034027100e-01
5.913962721824645996e-01
5.897221565246582031e-01
5.790399909019470215e-01
3.665636479854583740e-01
4.767577648162841797e-01
4.005259871482849121e-01
4.089254438877105713e-01
4.208233356475830078e-01
5.390964150428771973e-01
5.505867600440979004e-01
6.166222691535949707e-01
3.989829719066619873e-01
5.344393253326416016e-01
6.346338987350463867e-01
6.274807453155517578e-01
4.051278531551361084e-01
4.130885303020477295e-01
6.294591426849365234e-01
5.216820836067199707e-01
3.454725444316864014e-01
6.097652912139892578e-01
5.850983858108520508e-01
6.164714694023132324e-01
4.465719759464263916e-01
3.575617372989654541e-01
6.192938089370727539e-01
3.668486475944519043e-01
6.054788827896118164e-01
4.571212232112884521e-01
3.838437199592590332e-01
5.996039509773254395e-01
5.731495022773742676e-01
5.675797462463378906e-01
6.202535629272460938e-01
5.131177306175231934e-01
5.093126893043518066e-01
6.179994940757751465e-01
4.663216471672058105e-01
5.410239100456237793e-01
6.310029625892639160e-01
6.150445342063903809e-01
5.464771389961242676e-01
5.157385468482971191e-01
4.677368700504302979e-01
4.995338618755340576e-01
3.654481768608093262e-01
3.765014111995697021e-01
6.002787351608276367e-01
4.189590811729431152e-01
3.438648581504821777e-01
5.896886587142944336e-01
4.685876965522766113e-01
5.964865684509277344e-01
3.953215479850769043e-01
6.209593415260314941e-01
5.429512262344360352e-01
5.725780725479125977e-01
5.480043888092041016e-01
6.145806312561035156e-01
3.461544215679168701e-01
4.214711189270019531e-01
4.673876464366912842e-01
4.389115869998931885e-01
6.112338304519653320e-01
5.878048539161682129e-01
4.054759740829467773e-01
3.460850417613983154e-01
3.767993152141571045e-01
3.456298112869262695e-01
5.085490942001342773e-01
3.816700279712677002e-01
6.150480508804321289e-01
4.512003064155578613e-01
4.895105957984924316e-01
4.506081640720367432e-01
3.647376596927642822e-01
3.552015423774719238e-01
6.090812683105468750e-01
3.558931052684783936e-01
3.500404655933380127e-01
5.660420060157775879e-01
6.137105226516723633e-01
6.105122566223144531e-01
5.724731087684631348e-01
3.761290311813354492e-01
5.105008482933044434e-01
3.462110459804534912e-01
6.229470968246459961e-01
3.430053293704986572e-01
3.488604724407196045e-01
5.915343761444091797e-01
5.870605707168579102e-01
6.282453536987304688e-01
6.179798245429992676e-01
3.571626543998718262e-01
5.846750140190124512e-01
6.238305568695068359e-01
6.058852076530456543e-01
4.840692281723022461e-01
4.385282099246978760e-01
4.389445483684539795e-01
4.142208695411682129e-01
3.819012641906738281e-01
3.409436643123626709e-01
3.575776219367980957e-01
5.042352080345153809e-01
3.394775986671447754e-01
6.104015707969665527e-01
6.222807168960571289e-01
5.170573592185974121e-01
5.902769565582275391e-01
3.652964532375335693e-01
3.643066585063934326e-01
6.252350807189941406e-01
3.369973897933959961e-01
4.743120074272155762e-01
4.002694487571716309e-01
3.435348868370056152e-01
4.978948533535003662e-01
5.891473293304443359e-01
5.939958095550537109e-01
5.973177552223205566e-01
4.152195751667022705e-01
4.184748530387878418e-01
4.658844769001007080e-01
4.173814058303833008e-01
6.194210648536682129e-01
3.393490612506866455e-01
3.934801518917083740e-01
3.644949495792388916e-01
3.357950448989868164e-01
5.798592567443847656e-01
5.583269000053405762e-01
4.180409014225006104e-01
5.784223079681396484e-01
5.409161448478698730e-01
5.924578905105590820e-01
3.708809912204742432e-01
3.378377854824066162e-01
6.212409138679504395e-01
3.423071503639221191e-01
4.502287507057189941e-01
3.853197395801544189e-01
5.304806828498840332e-01
3.390693366527557373e-01
5.345265269279479980e-01
4.032965600490570068e-01
6.308378577232360840e-01
5.426959991455078125e-01
5.093432664871215820e-01
5.215485095977783203e-01
6.160055398941040039e-01
5.142906904220581055e-01
3.665166795253753662e-01
4.399970173835754395e-01
3.381316363811492920e-01
3.605533242225646973e-01
3.568265438079833984e-01
3.484048843383789062e-01
4.242309927940368652e-01
6.092846393585205078e-01
5.040007829666137695e-01
5.947963595390319824e-01
4.804829657077789307e-01
4.909749329090118408e-01
4.064494967460632324e-01
5.417920947074890137e-01
5.584267973899841309e-01
3.843593895435333252e-01
4.363915324211120605e-01
3.695164918899536133e-01
6.203492283821105957e-01
3.857413828372955322e-01
3.640871644020080566e-01
3.892675340175628662e-01
3.816174268722534180e-01
4.957787394523620605e-01
3.738344013690948486e-01
5.122395753860473633e-01
5.777360200881958008e-01
3.778345286846160889e-01
4.671674370765686035e-01
5.149357914924621582e-01
3.587026894092559814e-01
4.064894020557403564e-01
6.269044876098632812e-01
6.235604286193847656e-01
4.020703434944152832e-01
4.610290527343750000e-01
6.214051842689514160e-01
3.700209558010101318e-01
4.253687262535095215e-01
5.728133916854858398e-01
5.611841678619384766e-01
3.364785313606262207e-01
5.903154015541076660e-01
4.837866425514221191e-01
3.860467076301574707e-01
6.332508325576782227e-01
6.302298903465270996e-01
6.265475749969482422e-01
3.722119629383087158e-01
4.091684520244598389e-01
5.940263271331787109e-01
5.906071662902832031e-01
6.027090549468994141e-01
3.598372638225555420e-01
5.910437107086181641e-01
4.458009600639343262e-01
3.566147983074188232e-01
3.577074110507965088e-01
4.220672249794006348e-01
6.329971551895141602e-01
3.816338777542114258e-01
3.553642928600311279e-01
6.282575726509094238e-01
3.727576434612274170e-01
4.111143052577972412e-01
5.076791644096374512e-01
4.902466237545013428e-01
5.874145627021789551e-01
4.744482636451721191e-01
6.277476549148559570e-01
3.756842017173767090e-01
4.030426144599914551e-01
3.478741347789764404e-01
5.289512276649475098e-01
3.590482473373413086e-01
3.749900460243225098e-01
3.599212467670440674e-01
5.456203222274780273e-01
4.127465188503265381e-01
4.492976069450378418e-01
3.623847365379333496e-01
5.371026992797851562e-01
5.643541216850280762e-01
4.033731222152709961e-01
3.531381189823150635e-01
3.675355017185211182e-01
5.412380695343017578e-01
5.132225751876831055e-01
3.886880576610565186e-01
5.540753602981567383e-01
5.450811982154846191e-01
3.869748711585998535e-01
3.448228240013122559e-01
4.244512319564819336e-01
6.052908897399902344e-01
3.893855512142181396e-01
3.888309001922607422e-01
4.813795089721679688e-01
4.835782647132873535e-01
5.911058783531188965e-01
4.805076718330383301e-01
3.925207555294036865e-01
3.815287947654724121e-01
5.956631302833557129e-01
3.829230666160583496e-01
3.592040240764617920e-01
6.020874977111816406e-01
3.592188060283660889e-01
3.549823462963104248e-01
5.912165641784667969e-01
3.487468957901000977e-01
4.105542898178100586e-01
6.087998747825622559e-01
6.044698953628540039e-01
5.614626407623291016e-01
6.042148470878601074e-01
5.353507995605468750e-01
5.526705384254455566e-01
5.899747610092163086e-01
4.393496215343475342e-01
6.133422851562500000e-01
3.513564765453338623e-01
6.006644964218139648e-01
3.513696789741516113e-01
3.451845347881317139e-01
4.832529425621032715e-01
5.542587041854858398e-01
4.114360809326171875e-01
6.174989342689514160e-01
6.352067589759826660e-01
5.864524841308593750e-01
5.187183022499084473e-01
3.520152270793914795e-01
3.822309076786041260e-01
6.145628690719604492e-01
4.284974038600921631e-01
3.444581627845764160e-01
4.141979515552520752e-01
3.643990159034729004e-01
5.027261972427368164e-01
5.933578610420227051e-01
5.639166235923767090e-01
3.969419598579406738e-01
5.445943474769592285e-01
6.229206323623657227e-01
4.054423272609710693e-01
4.904358983039855957e-01
6.314905285835266113e-01
3.795717358589172363e-01
3.459009230136871338e-01
6.318908929824829102e-01
6.240828037261962891e-01
4.120600819587707520e-01
6.076565384864807129e-01
4.140255749225616455e-01
5.271080732345581055e-01
3.426936864852905273e-01
4.020027816295623779e-01
4.858030974864959717e-01
4.036369621753692627e-01
3.837686181068420410e-01
6.258886456489562988e-01
4.082762002944946289e-01
3.468449413776397705e-01
6.269947290420532227e-01
3.379915356636047363e-01
6.146621704101562500e-01
3.937175273895263672e-01
3.665555715560913086e-01
5.837541818618774414e-01
4.061565101146697998e-01
6.313005685806274414e-01
3.789309561252593994e-01
3.786259591579437256e-01
4.988224804401397705e-01
4.640724956989288330e-01
3.513625562191009521e-01
4.127636551856994629e-01
6.241157054901123047e-01
6.271396875381469727e-01
5.332528352737426758e-01
5.266845822334289551e-01
4.997184574604034424e-01
5.305922031402587891e-01
3.456386625766754150e-01
5.662946701049804688e-01
3.609610497951507568e-01
3.540262281894683838e-01
3.861454427242279053e-01
6.041747927665710449e-01
3.448268771171569824e-01
6.276876926422119141e-01
3.890054225921630859e-01
5.856254696846008301e-01
3.970095217227935791e-01
3.982577323913574219e-01
4.115158021450042725e-01
6.309525370597839355e-01
4.812226593494415283e-01
3.537875413894653320e-01
6.151248216629028320e-01
5.312483310699462891e-01
6.005926728248596191e-01
5.014432072639465332e-01
4.411193132400512695e-01
6.065835356712341309e-01
3.583457171916961670e-01
3.683057427406311035e-01
6.032389402389526367e-01
6.206951141357421875e-01
4.570013880729675293e-01
3.841764926910400391e-01
6.124068498611450195e-01
6.189633607864379883e-01
4.309817552566528320e-01
6.043332219123840332e-01
5.702185034751892090e-01
3.609662055969238281e-01
3.590345382690429688e-01
5.455518960952758789e-01
4.759042561054229736e-01
3.487134873867034912e-01
3.508554995059967041e-01
5.327916145324707031e-01
6.229417324066162109e-01
5.349828600883483887e-01
6.313121318817138672e-01
6.197179555892944336e-01
4.650511741638183594e-01
5.977241396903991699e-01
3.443926572799682617e-01
3.550013899803161621e-01
5.775781869888305664e-01
4.649593532085418701e-01
6.248840093612670898e-01
4.047175347805023193e-01
3.791230618953704834e-01
3.672900497913360596e-01
4.242236912250518799e-01
4.213912189006805420e-01
5.400587320327758789e-01
3.835219442844390869e-01
4.304735660552978516e-01
6.306062936782836914e-01
3.691461384296417236e-01
6.109049916267395020e-01
4.965286850929260254e-01
6.331349611282348633e-01
6.297494769096374512e-01
3.683072924613952637e-01
5.680026412010192871e-01
6.124426126480102539e-01
5.859867930412292480e-01
3.928853273391723633e-01
6.200880408287048340e-01
5.884682536125183105e-01
6.067174673080444336e-01
3.534696996212005615e-01
3.864054083824157715e-01
5.491948127746582031e-01
4.100124239921569824e-01
4.109249114990234375e-01
5.767018198966979980e-01
5.876248478889465332e-01
3.627761602401733398e-01
4.340488314628601074e-01
4.732410907745361328e-01
4.939204156398773193e-01
6.098891496658325195e-01
6.120296120643615723e-01
3.470963537693023682e-01
3.569389879703521729e-01
3.562906980514526367e-01
4.179822504520416260e-01
3.559244871139526367e-01
3.781443834304809570e-01
5.911998152732849121e-01
6.066854596138000488e-01
4.268262684345245361e-01
3.539998233318328857e-01
6.113111972808837891e-01
4.188701212406158447e-01
4.251502454280853271e-01
4.401573240756988525e-01
5.765739679336547852e-01
3.854251801967620850e-01
4.063116908073425293e-01
4.539696276187896729e-01
3.559525310993194580e-01
4.724607765674591064e-01
5.485939383506774902e-01
3.412142097949981689e-01
6.143593192100524902e-01
6.275424361228942871e-01
4.610960483551025391e-01
6.303545236587524414e-01
4.785479009151458740e-01
5.210351943969726562e-01
5.915952920913696289e-01
4.779330790042877197e-01
4.134606122970581055e-01
3.581070601940155029e-01
6.091160178184509277e-01
3.430001735687255859e-01
4.152948856353759766e-01
5.984017848968505859e-01
4.524770677089691162e-01
3.503226637840270996e-01
3.405246436595916748e-01
5.631173253059387207e-01
6.258680224418640137e-01
4.735983610153198242e-01
5.786974430084228516e-01
4.582548439502716064e-01
4.063495993614196777e-01
3.412815034389495850e-01
6.126235723495483398e-01
4.119849205017089844e-01
3.727671205997467041e-01
3.477770090103149414e-01
6.088877320289611816e-01
3.763462007045745850e-01
6.070891618728637695e-01
4.600645899772644043e-01
6.329022645950317383e-01
5.847159624099731445e-01
4.603578150272369385e-01
4.114845395088195801e-01
5.682461857795715332e-01
6.078937649726867676e-01
6.314851045608520508e-01
6.205899715423583984e-01
5.625680088996887207e-01
3.844800591468811035e-01
6.292175650596618652e-01
4.991331398487091064e-01
3.721588551998138428e-01
6.255323290824890137e-01
3.437018096446990967e-01
4.430204331874847412e-01
3.381269574165344238e-01
6.312246322631835938e-01
4.908544421195983887e-01
3.510607779026031494e-01
4.710914194583892822e-01
5.486697554588317871e-01
4.878082275390625000e-01
4.693008363246917725e-01
6.145732402801513672e-01
6.051945686340332031e-01
3.883982300758361816e-01
4.926378726959228516e-01
5.752264857292175293e-01
4.445093572139739990e-01
4.677473902702331543e-01
3.592770099639892578e-01
5.166821479797363281e-01
3.463961184024810791e-01
4.150699377059936523e-01
3.411865234375000000e-01
3.516823947429656982e-01
4.450375437736511230e-01
4.012993276119232178e-01
3.448135852813720703e-01
3.799613714218139648e-01
3.789045810699462891e-01
3.476836085319519043e-01
6.160183548927307129e-01
5.016356110572814941e-01
4.781129360198974609e-01
3.650556504726409912e-01
4.902994632720947266e-01
3.481354117393493652e-01
4.063764512538909912e-01
5.906659960746765137e-01
5.522680282592773438e-01
5.222900509834289551e-01
5.505269169807434082e-01
6.177545785903930664e-01
6.211578249931335449e-01
6.170621514320373535e-01
5.886968970298767090e-01
3.995085060596466064e-01
6.027612686157226562e-01
5.703845024108886719e-01
6.118975877761840820e-01
4.449284374713897705e-01
3.761601746082305908e-01
6.280901432037353516e-01
4.125248491764068604e-01
6.201782822608947754e-01
3.432745933532714844e-01
4.469861090183258057e-01
3.386179506778717041e-01
3.570416867733001709e-01
4.461434185504913330e-01
5.820057392120361328e-01
4.267350733280181885e-01
3.562143146991729736e-01
4.029314815998077393e-01
4.244027137756347656e-01
6.089371442794799805e-01
6.007705330848693848e-01
4.020274281501770020e-01
3.753055632114410400e-01
6.263555288314819336e-01
6.065867543220520020e-01
5.896748900413513184e-01
5.163194537162780762e-01
4.398480653762817383e-01
4.212799072265625000e-01
4.012583196163177490e-01
3.914589285850524902e-01
5.534322261810302734e-01
6.197918057441711426e-01
5.271735787391662598e-01
3.701504468917846680e-01
3.601796329021453857e-01
4.894383251667022705e-01
3.757825791835784912e-01
3.535402417182922363e-01
6.328980326652526855e-01
3.983188569545745850e-01
3.925998806953430176e-01
3.651589751243591309e-01
6.183021664619445801e-01
4.603503048419952393e-01
4.716902375221252441e-01
5.752614736557006836e-01
4.657470285892486572e-01
5.125464797019958496e-01
3.521977663040161133e-01
3.440197706222534180e-01
5.820326209068298340e-01
3.921453952789306641e-01
6.110311150550842285e-01
4.166039228439331055e-01
6.258393526077270508e-01
5.195857286453247070e-01
4.966208636760711670e-01
4.286110401153564453e-01
5.118257403373718262e-01
6.140717267990112305e-01
5.609527826309204102e-01
5.747166275978088379e-01
5.114919543266296387e-01
4.161998927593231201e-01
6.071131825447082520e-01
5.952454805374145508e-01
5.348516702651977539e-01
4.833730757236480713e-01
6.245053410530090332e-01
6.204894781112670898e-01
6.170091032981872559e-01
5.819229483604431152e-01
6.225672960281372070e-01
5.665364861488342285e-01
3.634612560272216797e-01
4.163843691349029541e-01
5.405027866363525391e-01
5.524297952651977539e-01
4.531273543834686279e-01
6.273601055145263672e-01
6.250677704811096191e-01
6.060497760772705078e-01
3.417727947235107422e-01
6.183832287788391113e-01
4.128890037536621094e-01
6.241195201873779297e-01
6.069740653038024902e-01
3.667427301406860352e-01
4.379493594169616699e-01
4.028630554676055908e-01
6.064288020133972168e-01
5.772535204887390137e-01
5.064954757690429688e-01
6.211996674537658691e-01
4.105950593948364258e-01
5.252828001976013184e-01
6.099761128425598145e-01
6.192332506179809570e-01
4.859831631183624268e-01
3.681339621543884277e-01
6.302922964096069336e-01
3.404881954193115234e-01
3.711730837821960449e-01
6.016067266464233398e-01
4.929515719413757324e-01
6.111645698547363281e-01
3.906984329223632812e-01
4.448153972625732422e-01
5.340608954429626465e-01
3.482583165168762207e-01
6.258046030998229980e-01
6.270992159843444824e-01
3.504449725151062012e-01
3.869889378547668457e-01
3.734288811683654785e-01
3.903869986534118652e-01
3.560005128383636475e-01
6.308093667030334473e-01
4.934931099414825439e-01
3.655850589275360107e-01
3.802355229854583740e-01
5.024622678756713867e-01
5.502538681030273438e-01
4.605706334114074707e-01
5.259547829627990723e-01
3.749537467956542969e-01
3.956167399883270264e-01
4.119010567665100098e-01
3.813095986843109131e-01
3.769668936729431152e-01
3.554893136024475098e-01
3.397537469863891602e-01
5.106650590896606445e-01
4.338079690933227539e-01
4.864254891872406006e-01
4.297174811363220215e-01
