3.480912744998931885e-01
3.313351571559906006e-01
3.479848802089691162e-01
6.360328793525695801e-01
6.473287343978881836e-01
4.672602415084838867e-01
6.202490329742431641e-01
5.831530690193176270e-01
3.399806022644042969e-01
4.378634989261627197e-01
3.590968251228332520e-01
3.421718180179595947e-01
3.649355173110961914e-01
3.418748378753662109e-01
3.248806595802307129e-01
5.995450615882873535e-01
3.707914650440216064e-01
5.102421045303344727e-01
5.724953413009643555e-01
5.988132357597351074e-01
3.299281895160675049e-01
3.547625839710235596e-01
5.374301075935363770e-01
3.818351030349731445e-01
3.266365230083465576e-01
3.634970784187316895e-01
5.025372505187988281e-01
3.242937624454498291e-01
3.272153437137603760e-01
4.927573800086975098e-01
3.485469520092010498e-01
4.125744700431823730e-01
3.237721920013427734e-01
3.236469924449920654e-01
3.747323155403137207e-01
3.327507972717285156e-01
3.332560956478118896e-01
4.021885693073272705e-01
3.269849717617034912e-01
3.587720990180969238e-01
6.082406640052795410e-01
4.787506759166717529e-01
6.014040708541870117e-01
5.252048969268798828e-01
5.818631649017333984e-01
5.351457595825195312e-01
6.408022046089172363e-01
4.046942293643951416e-01
6.206005811691284180e-01
3.358739018440246582e-01
3.494302332401275635e-01
3.393274247646331787e-01
5.368438363075256348e-01
6.292391419410705566e-01
3.455349802970886230e-01
6.266575455665588379e-01
3.859776854515075684e-01
3.327501416206359863e-01
6.200891137123107910e-01
6.237611770629882812e-01
5.849287509918212891e-01
4.545615613460540771e-01
5.886336565017700195e-01
3.291023671627044678e-01
3.397474586963653564e-01
5.253284573554992676e-01
3.402066528797149658e-01
3.516587913036346436e-01
3.323242366313934326e-01
3.403994143009185791e-01
3.434680402278900146e-01
3.304814100265502930e-01
6.046091914176940918e-01
3.623581230640411377e-01
3.255266547203063965e-01
3.831600248813629150e-01
6.019391417503356934e-01
4.606971144676208496e-01
6.137578487396240234e-01
3.537728488445281982e-01
3.969894647598266602e-01
6.328361034393310547e-01
5.890035033226013184e-01
6.053622961044311523e-01
3.287293016910552979e-01
3.425840437412261963e-01
6.330271363258361816e-01
6.146754026412963867e-01
3.925401568412780762e-01
6.055876612663269043e-01
3.473358452320098877e-01
3.268937766551971436e-01
3.571599423885345459e-01
4.652799069881439209e-01
3.993976116180419922e-01
3.347039520740509033e-01
5.497409105300903320e-01
3.338025212287902832e-01
3.446527421474456787e-01
4.083394110202789307e-01
5.362256169319152832e-01
5.994206666946411133e-01
5.587675571441650391e-01
3.288938105106353760e-01
3.291636705398559570e-01
4.171708822250366211e-01
3.359777629375457764e-01
4.140374660491943359e-01
5.312813520431518555e-01
6.024165153503417969e-01
5.628785490989685059e-01
3.484356105327606201e-01
3.809241354465484619e-01
3.269194662570953369e-01
4.946073591709136963e-01
4.793594479560852051e-01
6.146962046623229980e-01
4.373144507408142090e-01
3.232827186584472656e-01
3.509344756603240967e-01
3.269852101802825928e-01
5.853418707847595215e-01
5.736657977104187012e-01
5.826875567436218262e-01
3.346096575260162354e-01
3.522334098815917969e-01
3.337098360061645508e-01
4.527769684791564941e-01
6.172187924385070801e-01
6.355090737342834473e-01
6.098484992980957031e-01
3.796288371086120605e-01
3.457160592079162598e-01
6.131205558776855469e-01
3.398154973983764648e-01
5.253561735153198242e-01
5.863762497901916504e-01
3.534283638000488281e-01
5.136086344718933105e-01
3.350607454776763916e-01
3.381969332695007324e-01
3.725613057613372803e-01
3.311492800712585449e-01
6.041942238807678223e-01
5.345435142517089844e-01
6.432116627693176270e-01
5.192790031433105469e-01
3.281103968620300293e-01
3.787171542644500732e-01
3.316512703895568848e-01
3.309717774391174316e-01
3.299042880535125732e-01
3.288591206073760986e-01
3.238657116889953613e-01
3.590516746044158936e-01
6.299560666084289551e-01
4.139539003372192383e-01
4.496836662292480469e-01
3.588084876537322998e-01
6.421275734901428223e-01
4.191242754459381104e-01
3.473342359066009521e-01
6.083692908287048340e-01
3.704740405082702637e-01
4.443878829479217529e-01
3.765662610530853271e-01
6.013179421424865723e-01
4.810714423656463623e-01
6.121798157691955566e-01
4.000940918922424316e-01
6.146588325500488281e-01
3.404941856861114502e-01
3.746663033962249756e-01
3.742982745170593262e-01
3.543767929077148438e-01
3.503398001194000244e-01
3.942260742187500000e-01
3.293388783931732178e-01
6.234987974166870117e-01
5.375672578811645508e-01
3.390817344188690186e-01
3.347019851207733154e-01
3.460344672203063965e-01
4.815748333930969238e-01
4.041611850261688232e-01
6.110563874244689941e-01
3.389986753463745117e-01
4.317046999931335449e-01
5.744414925575256348e-01
6.149921417236328125e-01
3.459078371524810791e-01
6.493555307388305664e-01
3.445094525814056396e-01
3.679437339305877686e-01
3.524903655052185059e-01
5.492084622383117676e-01
5.798649191856384277e-01
5.463789701461791992e-01
3.621201813220977783e-01
3.281732201576232910e-01
5.182396769523620605e-01
3.350323438644409180e-01
3.533136248588562012e-01
3.630429208278656006e-01
4.884365200996398926e-01
6.305261254310607910e-01
3.454148471355438232e-01
5.892328023910522461e-01
6.349390149116516113e-01
3.587732017040252686e-01
3.379473090171813965e-01
6.404352188110351562e-01
3.520150780677795410e-01
3.702427744865417480e-01
3.287443220615386963e-01
3.648083806037902832e-01
3.277390003204345703e-01
5.309721231460571289e-01
5.174155831336975098e-01
6.148164868354797363e-01
3.287051320075988770e-01
5.777831077575683594e-01
3.413454592227935791e-01
3.560212254524230957e-01
3.222466111183166504e-01
3.404812812805175781e-01
3.530046641826629639e-01
4.395950734615325928e-01
3.367456793785095215e-01
3.470799922943115234e-01
3.826561868190765381e-01
4.232440292835235596e-01
3.353301882743835449e-01
3.324622213840484619e-01
3.258959054946899414e-01
4.003693461418151855e-01
5.687808394432067871e-01
3.387288451194763184e-01
6.087023615837097168e-01
4.480355978012084961e-01
3.836419880390167236e-01
3.358266949653625488e-01
5.507668256759643555e-01
6.397773623466491699e-01
5.166317224502563477e-01
3.598534166812896729e-01
4.580882489681243896e-01
3.217684924602508545e-01
5.877675414085388184e-01
6.357514858245849609e-01
4.779745340347290039e-01
3.316706418991088867e-01
5.950518250465393066e-01
5.360117554664611816e-01
3.402732908725738525e-01
3.401130437850952148e-01
3.308069705963134766e-01
6.190205216407775879e-01
3.246514201164245605e-01
5.954466462135314941e-01
4.402956664562225342e-01
5.311731100082397461e-01
3.442582190036773682e-01
3.345386087894439697e-01
6.111156344413757324e-01
3.564352393150329590e-01
5.625895857810974121e-01
3.582211136817932129e-01
5.835688710212707520e-01
6.458770036697387695e-01
5.885853767395019531e-01
5.857023596763610840e-01
4.964747428894042969e-01
3.290197551250457764e-01
5.561880469322204590e-01
5.448631644248962402e-01
6.223310232162475586e-01
3.492978811264038086e-01
5.533015131950378418e-01
5.648924112319946289e-01
3.382548391819000244e-01
4.648309946060180664e-01
5.312709212303161621e-01
6.224952936172485352e-01
4.473189413547515869e-01
4.347708523273468018e-01
6.056128144264221191e-01
3.334343433380126953e-01
3.242717385292053223e-01
5.933486819267272949e-01
5.734423398971557617e-01
5.888799428939819336e-01
3.283924460411071777e-01
3.746447563171386719e-01
3.326353728771209717e-01
3.392359018325805664e-01
3.254625499248504639e-01
3.227613568305969238e-01
3.538028001785278320e-01
4.429054558277130127e-01
3.603706359863281250e-01
5.807944536209106445e-01
3.710583150386810303e-01
3.386571407318115234e-01
6.144915819168090820e-01
3.309797346591949463e-01
6.239500641822814941e-01
5.844217538833618164e-01
5.183001160621643066e-01
4.255201518535614014e-01
4.430194199085235596e-01
3.607000708580017090e-01
4.246245324611663818e-01
4.904910922050476074e-01
3.281774222850799561e-01
6.005359888076782227e-01
3.240244686603546143e-01
4.176875054836273193e-01
3.314366042613983154e-01
4.324727356433868408e-01
3.361353874206542969e-01
3.739719390869140625e-01
3.244991600513458252e-01
5.832172036170959473e-01
3.310945928096771240e-01
3.525068759918212891e-01
3.813863396644592285e-01
3.354811370372772217e-01
3.403681516647338867e-01
6.340737342834472656e-01
6.383246183395385742e-01
4.409843981266021729e-01
3.484927415847778320e-01
3.275017738342285156e-01
6.348825693130493164e-01
3.296711444854736328e-01
6.371819972991943359e-01
3.229078352451324463e-01
3.701786994934082031e-01
4.012582898139953613e-01
5.635317564010620117e-01
5.368339419364929199e-01
3.240028321743011475e-01
6.110309362411499023e-01
3.296443819999694824e-01
4.259529709815979004e-01
5.807247757911682129e-01
3.567048013210296631e-01
3.733054399490356445e-01
5.786760449409484863e-01
4.902887940406799316e-01
3.478293120861053467e-01
3.316922485828399658e-01
6.240640282630920410e-01
6.287287473678588867e-01
3.823388218879699707e-01
5.528879165649414062e-01
3.229338526725769043e-01
3.900592029094696045e-01
5.645207762718200684e-01
4.425365626811981201e-01
4.417243003845214844e-01
3.654735088348388672e-01
3.913849294185638428e-01
3.284973800182342529e-01
3.306230008602142334e-01
5.769835710525512695e-01
4.628458619117736816e-01
5.347535014152526855e-01
3.574513494968414307e-01
3.464002609252929688e-01
5.608592629432678223e-01
5.156688690185546875e-01
6.065498590469360352e-01
3.311743140220642090e-01
5.795458555221557617e-01
4.950641095638275146e-01
6.104711294174194336e-01
6.273995041847229004e-01
3.559524118900299072e-01
5.688968896865844727e-01
3.277488350868225098e-01
3.374638259410858154e-01
3.544200062751770020e-01
3.345079123973846436e-01
5.819801092147827148e-01
5.995299220085144043e-01
3.662821948528289795e-01
3.276680111885070801e-01
5.350297689437866211e-01
3.285408914089202881e-01
3.478966653347015381e-01
3.279285132884979248e-01
3.586357533931732178e-01
5.806134939193725586e-01
3.293485939502716064e-01
5.292641520500183105e-01
5.706507563591003418e-01
5.125681161880493164e-01
3.406490087509155273e-01
5.541599988937377930e-01
4.053742587566375732e-01
6.300520896911621094e-01
6.289966702461242676e-01
4.348906874656677246e-01
5.746089816093444824e-01
3.443007469177246094e-01
4.361420571804046631e-01
5.284128189086914062e-01
4.146474301815032959e-01
4.687073230743408203e-01
3.264181315898895264e-01
4.246523380279541016e-01
4.832579493522644043e-01
5.722133517265319824e-01
3.873761892318725586e-01
6.284693479537963867e-01
5.091636776924133301e-01
4.286989867687225342e-01
5.975154042243957520e-01
5.640447735786437988e-01
3.480996191501617432e-01
3.563541471958160400e-01
5.784843564033508301e-01
3.385886847972869873e-01
3.514949977397918701e-01
4.185794591903686523e-01
4.356559813022613525e-01
3.302980065345764160e-01
6.056063771247863770e-01
3.651705086231231689e-01
4.146892428398132324e-01
3.732044696807861328e-01
6.194777488708496094e-01
3.331689238548278809e-01
3.322416543960571289e-01
3.338789343833923340e-01
5.492765903472900391e-01
3.431660234928131104e-01
3.223217427730560303e-01
3.845676481723785400e-01
3.313056826591491699e-01
3.719405829906463623e-01
3.681684136390686035e-01
4.429054856300354004e-01
5.823739171028137207e-01
3.426179289817810059e-01
3.240244388580322266e-01
6.191844940185546875e-01
5.378472208976745605e-01
3.302782177925109863e-01
5.632233023643493652e-01
5.127133131027221680e-01
3.639039695262908936e-01
3.307134509086608887e-01
3.647167682647705078e-01
3.498235344886779785e-01
3.382726311683654785e-01
5.616968870162963867e-01
3.350005447864532471e-01
3.464167416095733643e-01
4.309432208538055420e-01
3.733507692813873291e-01
3.918580412864685059e-01
3.522929549217224121e-01
3.474870920181274414e-01
3.352991938591003418e-01
6.123628616333007812e-01
4.579464495182037354e-01
3.431216478347778320e-01
6.132352948188781738e-01
3.384640514850616455e-01
3.296381831169128418e-01
6.016146540641784668e-01
4.558314681053161621e-01
5.364519953727722168e-01
5.964790582656860352e-01
3.421061336994171143e-01
5.663619041442871094e-01
3.658913671970367432e-01
4.981336891651153564e-01
3.697628080844879150e-01
3.320289254188537598e-01
4.517990946769714355e-01
4.867244362831115723e-01
6.011471152305603027e-01
5.822816491127014160e-01
4.650336503982543945e-01
4.280007779598236084e-01
5.252389311790466309e-01
6.277574300765991211e-01
5.778339505195617676e-01
3.232580721378326416e-01
6.485961675643920898e-01
3.395747542381286621e-01
3.367134034633636475e-01
5.619795322418212891e-01
3.776584267616271973e-01
3.364818394184112549e-01
3.364751935005187988e-01
3.363832831382751465e-01
5.300003290176391602e-01
3.995166420936584473e-01
3.900303840637207031e-01
4.348674118518829346e-01
4.927340447902679443e-01
3.288500010967254639e-01
3.263672590255737305e-01
5.911034345626831055e-01
3.322406411170959473e-01
6.137276887893676758e-01
3.295471370220184326e-01
5.934523344039916992e-01
3.475964665412902832e-01
3.396039307117462158e-01
4.080883860588073730e-01
6.336310505867004395e-01
3.738976120948791504e-01
3.694076538085937500e-01
4.393846094608306885e-01
6.389012932777404785e-01
3.491528928279876709e-01
3.574162423610687256e-01
6.074265241622924805e-01
3.264455199241638184e-01
3.765692710876464844e-01
6.419996619224548340e-01
3.291978538036346436e-01
3.574141263961791992e-01
3.257583677768707275e-01
6.036494374275207520e-01
6.344607472419738770e-01
3.452720046043395996e-01
5.086857080459594727e-01
5.656141042709350586e-01
3.500654995441436768e-01
5.045157074928283691e-01
3.260498940944671631e-01
6.092557907104492188e-01
6.105028390884399414e-01
4.223034977912902832e-01
4.968987405300140381e-01
3.846400678157806396e-01
3.314930796623229980e-01
3.399422466754913330e-01
5.483373403549194336e-01
6.147646903991699219e-01
3.363186120986938477e-01
3.586683869361877441e-01
3.470291793346405029e-01
5.025945901870727539e-01
4.731362760066986084e-01
3.968750536441802979e-01
5.372051596641540527e-01
6.381684541702270508e-01
3.353794813156127930e-01
5.673626065254211426e-01
3.348118662834167480e-01
5.770838260650634766e-01
3.273881077766418457e-01
5.328175425529479980e-01
4.214405119419097900e-01
5.228997468948364258e-01
3.957339227199554443e-01
6.028555035591125488e-01
3.315449953079223633e-01
3.289631307125091553e-01
3.255801200866699219e-01
4.957742989063262939e-01
3.862667083740234375e-01
4.228509366512298584e-01
3.230585157871246338e-01
3.417074084281921387e-01
3.278429210186004639e-01
3.244109153747558594e-01
4.537146091461181641e-01
5.893644690513610840e-01
4.892033040523529053e-01
3.664319515228271484e-01
3.261526525020599365e-01
3.318476974964141846e-01
3.492445647716522217e-01
3.707982897758483887e-01
3.321875035762786865e-01
3.303774595260620117e-01
3.623789250850677490e-01
6.267483234405517578e-01
3.291414976119995117e-01
5.646057128906250000e-01
3.259556293487548828e-01
5.590858459472656250e-01
6.026789546012878418e-01
4.343104064464569092e-01
4.234266281127929688e-01
5.101943016052246094e-01
5.776746869087219238e-01
6.412216424942016602e-01
4.390718340873718262e-01
5.795616507530212402e-01
4.633761644363403320e-01
6.236333250999450684e-01
5.171056389808654785e-01
3.652819395065307617e-01
5.000431537628173828e-01
4.685061872005462646e-01
3.980855941772460938e-01
5.637482404708862305e-01
5.057405829429626465e-01
3.315150439739227295e-01
3.639615774154663086e-01
3.873237371444702148e-01
4.137846529483795166e-01
3.922758102416992188e-01
3.337681889533996582e-01
5.700430870056152344e-01
6.281664967536926270e-01
4.520868957042694092e-01
6.363816261291503906e-01
6.167441010475158691e-01
4.887460172176361084e-01
3.385933041572570801e-01
3.319088220596313477e-01
3.512234687805175781e-01
3.375664055347442627e-01
6.117210388183593750e-01
3.778900206089019775e-01
3.293951153755187988e-01
3.378628194332122803e-01
6.385201215744018555e-01
5.883399248123168945e-01
3.813573718070983887e-01
5.887550711631774902e-01
3.436095118522644043e-01
4.598099887371063232e-01
3.477436006069183350e-01
3.802152276039123535e-01
4.391081631183624268e-01
6.416082382202148438e-01
3.286307752132415771e-01
5.113866329193115234e-01
3.536538183689117432e-01
3.308056592941284180e-01
4.640562832355499268e-01
3.270094394683837891e-01
3.339640498161315918e-01
3.805308938026428223e-01
3.333567380905151367e-01
4.199923574924468994e-01
3.293009996414184570e-01
3.402424752712249756e-01
6.168550252914428711e-01
6.395161151885986328e-01
5.846688151359558105e-01
3.443322777748107910e-01
4.391223192214965820e-01
6.257841587066650391e-01
4.133332371711730957e-01
5.823502540588378906e-01
3.254157304763793945e-01
5.646094679832458496e-01
6.112377047538757324e-01
4.205808043479919434e-01
6.031386256217956543e-01
5.144927501678466797e-01
3.602897226810455322e-01
4.975821375846862793e-01
3.359062373638153076e-01
6.275121569633483887e-01
4.688570201396942139e-01
6.059309244155883789e-01
3.398131430149078369e-01
3.472648262977600098e-01
3.516619205474853516e-01
4.171092808246612549e-01
3.842857480049133301e-01
6.085519194602966309e-01
4.489434063434600830e-01
6.161309480667114258e-01
3.923596739768981934e-01
3.294596374034881592e-01
5.027472972869873047e-01
3.460472226142883301e-01
6.135566830635070801e-01
6.014555096626281738e-01
3.313811719417572021e-01
6.137601137161254883e-01
3.264356553554534912e-01
5.888765454292297363e-01
4.572258889675140381e-01
4.877154529094696045e-01
3.523087501525878906e-01
3.310521543025970459e-01
5.013979077339172363e-01
3.703380823135375977e-01
4.174431264400482178e-01
3.429262042045593262e-01
6.290565133094787598e-01
3.962053954601287842e-01
3.525191545486450195e-01
6.422114372253417969e-01
3.221896290779113770e-01
5.988045930862426758e-01
3.548715114593505859e-01
6.076565384864807129e-01
3.544406592845916748e-01
4.585089385509490967e-01
5.967317819595336914e-01
3.263350725173950195e-01
4.452336430549621582e-01
3.254570662975311279e-01
3.260244727134704590e-01
5.588711500167846680e-01
4.543458819389343262e-01
6.145702004432678223e-01
4.145572483539581299e-01
5.451303720474243164e-01
3.298214972019195557e-01
3.475867807865142822e-01
3.647069931030273438e-01
3.542601466178894043e-01
4.052303135395050049e-01
4.741862118244171143e-01
6.377524733543395996e-01
4.223866760730743408e-01
4.074403345584869385e-01
3.721990287303924561e-01
5.955234766006469727e-01
3.423611819744110107e-01
3.270571231842041016e-01
3.379288017749786377e-01
5.430585741996765137e-01
5.905834436416625977e-01
3.522195816040039062e-01
3.353882133960723877e-01
3.956599533557891846e-01
6.128914356231689453e-01
3.556622862815856934e-01
4.094600975513458252e-01
3.998717069625854492e-01
4.099945127964019775e-01
6.424272656440734863e-01
5.778708457946777344e-01
6.201873421669006348e-01
4.764918088912963867e-01
5.284638404846191406e-01
4.525710940361022949e-01
3.311636447906494141e-01
4.806428551673889160e-01
3.408366739749908447e-01
3.342080116271972656e-01
6.140530109405517578e-01
5.220906734466552734e-01
6.269357800483703613e-01
3.456347584724426270e-01
3.500490784645080566e-01
3.754772543907165527e-01
3.345671594142913818e-01
3.945574164390563965e-01
3.269164860248565674e-01
4.725398719310760498e-01
5.719583034515380859e-01
6.132990717887878418e-01
5.386660099029541016e-01
3.400748372077941895e-01
3.431282937526702881e-01
3.963980376720428467e-01
6.353818774223327637e-01
6.356529593467712402e-01
3.315277099609375000e-01
5.885428190231323242e-01
4.725370407104492188e-01
6.113309264183044434e-01
3.285166323184967041e-01
6.263682246208190918e-01
3.494224846363067627e-01
4.123552143573760986e-01
5.450065135955810547e-01
3.422662317752838135e-01
3.459209501743316650e-01
4.505620896816253662e-01
5.812138319015502930e-01
3.239879012107849121e-01
4.669999480247497559e-01
3.335223793983459473e-01
3.313322663307189941e-01
3.450570106506347656e-01
3.464262485504150391e-01
3.453443050384521484e-01
3.281610012054443359e-01
4.647348821163177490e-01
3.393023312091827393e-01
3.305033743381500244e-01
3.447483181953430176e-01
3.286869525909423828e-01
3.306812345981597900e-01
4.421697258949279785e-01
3.278934359550476074e-01
4.208294749259948730e-01
4.933094084262847900e-01
3.581386804580688477e-01
3.293822705745697021e-01
4.575455486774444580e-01
6.375635862350463867e-01
3.336815834045410156e-01
4.180366992950439453e-01
3.274472057819366455e-01
4.096646904945373535e-01
3.285642862319946289e-01
5.064653754234313965e-01
3.433496654033660889e-01
6.332061886787414551e-01
3.320858776569366455e-01
5.036784410476684570e-01
3.329936563968658447e-01
6.288485527038574219e-01
4.666751325130462646e-01
5.877931118011474609e-01
3.457427024841308594e-01
5.540624856948852539e-01
5.063901543617248535e-01
3.282368779182434082e-01
3.462204337120056152e-01
4.184449613094329834e-01
5.423091650009155273e-01
4.039815068244934082e-01
3.437629938125610352e-01
3.845444619655609131e-01
6.468063592910766602e-01
6.213803887367248535e-01
3.302047848701477051e-01
5.470177531242370605e-01
4.522355198860168457e-01
5.098648667335510254e-01
3.793024718761444092e-01
5.419694781303405762e-01
3.271103203296661377e-01
5.655754804611206055e-01
5.846919417381286621e-01
3.233342170715332031e-01
6.472269296646118164e-01
3.258418738842010498e-01
3.454677462577819824e-01
3.321629464626312256e-01
3.263954818248748779e-01
5.052430629730224609e-01
4.497505128383636475e-01
3.280456066131591797e-01
3.750230967998504639e-01
3.614670634269714355e-01
3.642654418945312500e-01
4.994771480560302734e-01
3.239738643169403076e-01
3.296282887458801270e-01
3.378435373306274414e-01
5.982279777526855469e-01
3.258610367774963379e-01
3.336624503135681152e-01
5.222711563110351562e-01
3.284577131271362305e-01
3.260266184806823730e-01
5.109745860099792480e-01
3.579082787036895752e-01
3.414566516876220703e-01
5.907878279685974121e-01
4.900222122669219971e-01
6.302189826965332031e-01
6.298273205757141113e-01
3.732103109359741211e-01
5.519174933433532715e-01
5.313677191734313965e-01
3.334723114967346191e-01
5.897229909896850586e-01
3.921078145503997803e-01
3.408191204071044922e-01
3.561212420463562012e-01
5.694063901901245117e-01
3.275121152400970459e-01
5.476797223091125488e-01
3.438037335872650146e-01
5.693421959877014160e-01
4.782342910766601562e-01
3.307937383651733398e-01
4.941802024841308594e-01
3.295198976993560791e-01
4.639720320701599121e-01
4.469401836395263672e-01
5.935305356979370117e-01
4.370352327823638916e-01
3.434346914291381836e-01
3.713355362415313721e-01
3.405014872550964355e-01
6.374688148498535156e-01
3.438017964363098145e-01
4.056702256202697754e-01
3.633193075656890869e-01
3.265970647335052490e-01
5.944889187812805176e-01
5.130012631416320801e-01
3.251611888408660889e-01
6.264173388481140137e-01
3.351352512836456299e-01
6.232411861419677734e-01
3.266912996768951416e-01
4.685829281806945801e-01
3.315209150314331055e-01
5.334665775299072266e-01
6.114823818206787109e-01
4.037308394908905029e-01
4.038998186588287354e-01
3.786029815673828125e-01
6.245650649070739746e-01
3.306023180484771729e-01
3.356274366378784180e-01
3.808672726154327393e-01
4.386979639530181885e-01
3.514260649681091309e-01
3.349467813968658447e-01
3.441808521747589111e-01
6.144722700119018555e-01
3.242570757865905762e-01
4.186461865901947021e-01
3.305678367614746094e-01
3.354979753494262695e-01
3.499467968940734863e-01
3.805015087127685547e-01
3.532736897468566895e-01
5.250780582427978516e-01
3.410000205039978027e-01
3.531521558761596680e-01
6.280913949012756348e-01
6.239061355590820312e-01
5.878289341926574707e-01
3.504193723201751709e-01
3.564900159835815430e-01
4.382120966911315918e-01
3.771507740020751953e-01
4.914806783199310303e-01
3.425473570823669434e-01
5.481113791465759277e-01
3.362524807453155518e-01
4.701312780380249023e-01
3.501612842082977295e-01
4.731852412223815918e-01
4.368383288383483887e-01
4.707655906677246094e-01
3.277682363986968994e-01
3.260920047760009766e-01
5.752964615821838379e-01
3.309827148914337158e-01
3.468917906284332275e-01
3.474439680576324463e-01
3.408715128898620605e-01
5.904309749603271484e-01
3.310396373271942139e-01
5.314676165580749512e-01
3.315549790859222412e-01
3.523487448692321777e-01
3.364081382751464844e-01
3.227707445621490479e-01
5.333966612815856934e-01
5.418924093246459961e-01
3.273120522499084473e-01
4.768554270267486572e-01
3.300738036632537842e-01
3.521658480167388916e-01
4.077835977077484131e-01
3.548234999179840088e-01
5.750850439071655273e-01
3.252144753932952881e-01
3.978589773178100586e-01
3.963265120983123779e-01
3.382772207260131836e-01
4.189168512821197510e-01
3.894514441490173340e-01
3.619662225246429443e-01
4.865236580371856689e-01
6.020173430442810059e-01
5.007557868957519531e-01
3.259406685829162598e-01
4.076921343803405762e-01
5.729039311408996582e-01
6.117236614227294922e-01
4.186336100101470947e-01
4.859837889671325684e-01
4.358721971511840820e-01
6.313631534576416016e-01
6.129139065742492676e-01
4.466241896152496338e-01
5.040087103843688965e-01
5.012851357460021973e-01
3.276884257793426514e-01
3.452386856079101562e-01
3.446388840675354004e-01
6.091831326484680176e-01
5.486350655555725098e-01
6.094107031822204590e-01
3.578015267848968506e-01
4.115299284458160400e-01
4.541557729244232178e-01
6.408813595771789551e-01
4.206481873989105225e-01
3.279732465744018555e-01
3.308463692665100098e-01
5.938796401023864746e-01
5.931589603424072266e-01
5.943540334701538086e-01
5.954131484031677246e-01
3.751385211944580078e-01
6.029980182647705078e-01
5.710433125495910645e-01
3.397879600524902344e-01
3.402152359485626221e-01
3.363846838474273682e-01
3.269550800323486328e-01
3.260616958141326904e-01
3.451043665409088135e-01
5.906727313995361328e-01
3.228897154331207275e-01
3.612809479236602783e-01
3.539566993713378906e-01
5.608033537864685059e-01
3.456439673900604248e-01
5.144230127334594727e-01
6.148694157600402832e-01
4.119396805763244629e-01
3.337475955486297607e-01
3.255708515644073486e-01
5.320942401885986328e-01
6.303096413612365723e-01
3.254261314868927002e-01
3.960392475128173828e-01
6.122553944587707520e-01
3.985833823680877686e-01
4.154520630836486816e-01
4.705974161624908447e-01
3.998641669750213623e-01
5.223242640495300293e-01
3.298318684101104736e-01
3.687877655029296875e-01
5.604122281074523926e-01
3.963918983936309814e-01
5.333280563354492188e-01
3.774378299713134766e-01
5.563605427742004395e-01
3.301480412483215332e-01
3.271766006946563721e-01
3.248577713966369629e-01
6.249421834945678711e-01
5.440753102302551270e-01
3.383955359458923340e-01
3.242917060852050781e-01
3.467409908771514893e-01
4.910989105701446533e-01
6.167640089988708496e-01
4.875493943691253662e-01
3.710989356040954590e-01
3.531284928321838379e-01
5.437512993812561035e-01
4.571270048618316650e-01
6.367501616477966309e-01
3.428839147090911865e-01
3.402158915996551514e-01
6.047720313072204590e-01
3.862563073635101318e-01
5.641247630119323730e-01
3.340663909912109375e-01
5.648479461669921875e-01
4.809840321540832520e-01
5.419769883155822754e-01
3.568592965602874756e-01
3.230693936347961426e-01
3.229369223117828369e-01
5.174236893653869629e-01
3.282788097858428955e-01
4.041074514389038086e-01
5.197369456291198730e-01
6.368442773818969727e-01
3.298657536506652832e-01
3.828191161155700684e-01
5.663051009178161621e-01
6.337800025939941406e-01
3.812429010868072510e-01
5.362738966941833496e-01
3.295736014842987061e-01
5.756457448005676270e-01
3.721703588962554932e-01
3.581048548221588135e-01
3.310812711715698242e-01
6.394868493080139160e-01
5.946255326271057129e-01
3.492487967014312744e-01
4.062765538692474365e-01
3.253217339515686035e-01
5.688828229904174805e-01
4.254605770111083984e-01
5.796692371368408203e-01
3.358120024204254150e-01
6.135703325271606445e-01
6.057384014129638672e-01
5.083446502685546875e-01
3.322594463825225830e-01
3.429667949676513672e-01
3.848558664321899414e-01
5.492490530014038086e-01
3.689538240432739258e-01
6.413224339485168457e-01
5.449162125587463379e-01
4.683564007282257080e-01
5.972307324409484863e-01
6.321785449981689453e-01
5.908252596855163574e-01
5.199843049049377441e-01
3.502522110939025879e-01
4.470243155956268311e-01
3.224454224109649658e-01
5.765297412872314453e-01
3.601749241352081299e-01
3.515915274620056152e-01
3.487760126590728760e-01
6.024344563484191895e-01
3.818712830543518066e-01
3.836351037025451660e-01
3.674828410148620605e-01
3.364633619785308838e-01
6.264340877532958984e-01
3.361852765083312988e-01
4.522364437580108643e-01
3.520696163177490234e-01
3.627329468727111816e-01
4.216558039188385010e-01
3.394040167331695557e-01
3.303824067115783691e-01
4.989957809448242188e-01
3.312351703643798828e-01
3.924627900123596191e-01
4.712153673171997070e-01
3.310144841670989990e-01
5.263229608535766602e-01
4.239412248134613037e-01
3.276982009410858154e-01
5.079888701438903809e-01
3.281499147415161133e-01
4.087855517864227295e-01
3.326580226421356201e-01
3.284146189689636230e-01
3.283649086952209473e-01
3.262611329555511475e-01
3.351149559020996094e-01
3.662922680377960205e-01
3.457351326942443848e-01
3.783046305179595947e-01
5.872868895530700684e-01
4.237751066684722900e-01
5.486069917678833008e-01
5.885360836982727051e-01
3.300379812717437744e-01
5.313429832458496094e-01
5.160375833511352539e-01
3.440812528133392334e-01
4.011955857276916504e-01
5.553612709045410156e-01
3.483511507511138916e-01
6.325981020927429199e-01
5.253790020942687988e-01
4.123013913631439209e-01
3.214805126190185547e-01
3.612383604049682617e-01
4.830765128135681152e-01
3.363951444625854492e-01
3.270038068294525146e-01
4.269074797630310059e-01
4.778510332107543945e-01
3.521449863910675049e-01
3.597272634506225586e-01
3.260997533798217773e-01
3.814457952976226807e-01
6.297188997268676758e-01
6.049486994743347168e-01
6.050292253494262695e-01
3.377861082553863525e-01
5.602635145187377930e-01
4.115233421325683594e-01
3.912492990493774414e-01
3.543462157249450684e-01
3.434804081916809082e-01
3.969587981700897217e-01
3.415865302085876465e-01
5.703517198562622070e-01
6.410118341445922852e-01
6.226277947425842285e-01
5.584461688995361328e-01
3.462707102298736572e-01
3.985735177993774414e-01
3.695056736469268799e-01
6.143760085105895996e-01
5.919283032417297363e-01
5.765247344970703125e-01
3.688137829303741455e-01
3.304310739040374756e-01
3.687589764595031738e-01
5.685405731201171875e-01
5.574207305908203125e-01
3.943932056427001953e-01
3.598762750625610352e-01
3.379696011543273926e-01
6.184788346290588379e-01
5.255960822105407715e-01
5.644569993019104004e-01
5.587224960327148438e-01
5.588139891624450684e-01
4.675548970699310303e-01
3.658584058284759521e-01
5.314779281616210938e-01
5.617700815200805664e-01
3.365100026130676270e-01
5.436730980873107910e-01
4.059856832027435303e-01
6.000595688819885254e-01
3.720457851886749268e-01
4.496052861213684082e-01
5.196283459663391113e-01
4.857146143913269043e-01
6.317089200019836426e-01
4.234755337238311768e-01
4.469072818756103516e-01
3.325081467628479004e-01
3.284623324871063232e-01
3.442585170269012451e-01
3.243303298950195312e-01
3.935586810111999512e-01
5.237547755241394043e-01
3.641245961189270020e-01
5.685827136039733887e-01
6.146563887596130371e-01
3.453679084777832031e-01
3.613078296184539795e-01
3.876439034938812256e-01
3.289817571640014648e-01
4.343027472496032715e-01
6.270793080329895020e-01
3.731516003608703613e-01
4.264351129531860352e-01
5.016770958900451660e-01
3.897348046302795410e-01
4.242301285266876221e-01
4.822419285774230957e-01
4.902530312538146973e-01
6.083804965019226074e-01
3.267301023006439209e-01
4.054334163665771484e-01
5.448561906814575195e-01
3.856856226921081543e-01
3.578131198883056641e-01
3.354392349720001221e-01
5.714549422264099121e-01
3.783695399761199951e-01
3.399465382099151611e-01
3.723955750465393066e-01
4.150986671447753906e-01
3.283275365829467773e-01
3.987367451190948486e-01
3.260954618453979492e-01
3.366075158119201660e-01
3.322599828243255615e-01
5.963928103446960449e-01
4.469180107116699219e-01
5.740407705307006836e-01
4.921168386936187744e-01
3.230663239955902100e-01
3.657822310924530029e-01
6.395226716995239258e-01
4.371843636035919189e-01
4.204253852367401123e-01
3.567314147949218750e-01
3.583593070507049561e-01
4.542141258716583252e-01
3.497740924358367920e-01
3.362320065498352051e-01
3.255270719528198242e-01
3.339700996875762939e-01
4.748640358448028564e-01
3.408047258853912354e-01
3.376129567623138428e-01
3.306996822357177734e-01
5.934154391288757324e-01
5.749849081039428711e-01
3.490380644798278809e-01
5.778301358222961426e-01
3.606876730918884277e-01
5.930222868919372559e-01
3.342953324317932129e-01
6.194040775299072266e-01
4.544160664081573486e-01
3.433406949043273926e-01
3.635147809982299805e-01
5.707253813743591309e-01
6.305962800979614258e-01
5.996353030204772949e-01
5.515565872192382812e-01
3.723507523536682129e-01
5.205671191215515137e-01
3.339744210243225098e-01
3.378325402736663818e-01
3.857287168502807617e-01
3.465883433818817139e-01
4.193581044673919678e-01
5.356744527816772461e-01
3.346524536609649658e-01
3.500783145427703857e-01
3.352891206741333008e-01
6.324711441993713379e-01
5.743225216865539551e-01
5.104021430015563965e-01
3.365397155284881592e-01
5.770970582962036133e-01
3.290628790855407715e-01
3.273023962974548340e-01
3.776464760303497314e-01
3.320333957672119141e-01
5.720119476318359375e-01
5.704885125160217285e-01
4.627022147178649902e-01
4.884706437587738037e-01
5.899346470832824707e-01
3.437922894954681396e-01
5.845272541046142578e-01
6.103969812393188477e-01
6.209826469421386719e-01
3.414457142353057861e-01
3.436970710754394531e-01
6.137693524360656738e-01
6.370330452919006348e-01
3.359714150428771973e-01
6.208560466766357422e-01
5.599506497383117676e-01
3.274770379066467285e-01
5.721511840820312500e-01
3.244056403636932373e-01
4.814389646053314209e-01
5.983846783638000488e-01
3.852913379669189453e-01
4.208503961563110352e-01
3.423331081867218018e-01
3.299320936203002930e-01
4.793132543563842773e-01
3.412592411041259766e-01
3.598021864891052246e-01
4.492234289646148682e-01
4.417439401149749756e-01
3.665557205677032471e-01
4.049891233444213867e-01
5.267662405967712402e-01
3.456571400165557861e-01
3.483798503875732422e-01
3.570517301559448242e-01
5.676911473274230957e-01
3.515642285346984863e-01
6.128068566322326660e-01
3.385969996452331543e-01
6.228657960891723633e-01
3.404482007026672363e-01
5.243065357208251953e-01
3.662587404251098633e-01
3.559526205062866211e-01
5.082647800445556641e-01
6.005852222442626953e-01
3.685274720191955566e-01
5.953015685081481934e-01
5.680004358291625977e-01
3.672900497913360596e-01
4.052598476409912109e-01
5.960680246353149414e-01
4.668290913105010986e-01
3.662201464176177979e-01
5.810540914535522461e-01
4.425835311412811279e-01
5.983401536941528320e-01
4.109978079795837402e-01
5.911201834678649902e-01
3.539492189884185791e-01
3.420838117599487305e-01
3.586924374103546143e-01
6.256109476089477539e-01
3.551856279373168945e-01
5.475538372993469238e-01
3.422945737838745117e-01
3.344863653182983398e-01
5.294508934020996094e-01
3.359027504920959473e-01
4.248349666595458984e-01
5.997138023376464844e-01
5.893446803092956543e-01
5.908142924308776855e-01
3.244130313396453857e-01
3.488029539585113525e-01
4.370154738426208496e-01
3.650107383728027344e-01
3.573008775711059570e-01
6.462500095367431641e-01
3.573521077632904053e-01
3.548884689807891846e-01
3.324870765209197998e-01
5.757909417152404785e-01
3.512457311153411865e-01
5.966624021530151367e-01
6.226157546043395996e-01
4.213158786296844482e-01
3.361661434173583984e-01
6.332322359085083008e-01
6.111181378364562988e-01
3.236823976039886475e-01
4.129827022552490234e-01
6.286699771881103516e-01
3.752914071083068848e-01
3.918711245059967041e-01
4.674927592277526855e-01
6.243040561676025391e-01
3.595735430717468262e-01
6.174352169036865234e-01
3.288879990577697754e-01
6.063774228096008301e-01
5.898672938346862793e-01
5.633283853530883789e-01
6.394338011741638184e-01
6.046550869941711426e-01
6.318636536598205566e-01
4.372650980949401855e-01
3.345492482185363770e-01
4.018314778804779053e-01
4.446878731250762939e-01
3.360294103622436523e-01
5.751024484634399414e-01
4.297015666961669922e-01
5.988464951515197754e-01
6.009205579757690430e-01
3.454462885856628418e-01
3.947751820087432861e-01
5.880951285362243652e-01
3.629003763198852539e-01
3.368997871875762939e-01
5.632181763648986816e-01
5.567104816436767578e-01
3.253487050533294678e-01
3.314140439033508301e-01
5.041248202323913574e-01
6.138994097709655762e-01
5.833115577697753906e-01
4.168871343135833740e-01
5.478592514991760254e-01
3.240344226360321045e-01
3.465062379837036133e-01
5.537642240524291992e-01
6.292555332183837891e-01
3.978662490844726562e-01
3.422908484935760498e-01
6.364001631736755371e-01
4.412764608860015869e-01
3.603728711605072021e-01
3.236769139766693115e-01
5.781192183494567871e-01
3.323787748813629150e-01
4.118745923042297363e-01
5.854749679565429688e-01
3.371210098266601562e-01
4.059334099292755127e-01
5.610376000404357910e-01
3.755120038986206055e-01
3.286611139774322510e-01
6.334543824195861816e-01
4.297131896018981934e-01
6.175539493560791016e-01
4.273346066474914551e-01
3.339617550373077393e-01
3.420245051383972168e-01
4.129496514797210693e-01
6.371975541114807129e-01
3.430386185646057129e-01
5.610413551330566406e-01
3.364462256431579590e-01
4.003397226333618164e-01
5.423718094825744629e-01
6.042187213897705078e-01
3.248550593852996826e-01
6.293750405311584473e-01
5.373677611351013184e-01
3.680422902107238770e-01
6.095705628395080566e-01
6.267601847648620605e-01
5.986471772193908691e-01
3.747051656246185303e-01
3.531470298767089844e-01
3.775822818279266357e-01
6.032018661499023438e-01
3.939863741397857666e-01
3.419532775878906250e-01
3.373454213142395020e-01
3.501846194267272949e-01
5.751575231552124023e-01
6.351926326751708984e-01
4.384417533874511719e-01
4.840838015079498291e-01
3.523945212364196777e-01
3.914369344711303711e-01
4.314211606979370117e-01
3.583086133003234863e-01
4.666863083839416504e-01
3.621439337730407715e-01
6.199846863746643066e-01
3.449873626232147217e-01
5.391263961791992188e-01
3.290258646011352539e-01
4.215382635593414307e-01
5.858339071273803711e-01
4.957213103771209717e-01
4.748418331146240234e-01
4.650335311889648438e-01
4.529043734073638916e-01
5.628122091293334961e-01
5.925180912017822266e-01
5.880380868911743164e-01
3.819223046302795410e-01
3.255653083324432373e-01
5.085337162017822266e-01
3.325143456459045410e-01
3.362852334976196289e-01
3.224667906761169434e-01
3.449500501155853271e-01
3.585298657417297363e-01
3.816328048706054688e-01
4.651349186897277832e-01
6.209700703620910645e-01
5.446920394897460938e-01
5.235221385955810547e-01
5.281336307525634766e-01
3.738217949867248535e-01
3.264317512512207031e-01
5.167160630226135254e-01
6.090050935745239258e-01
4.255166351795196533e-01
3.340397775173187256e-01
6.013194322586059570e-01
3.388426601886749268e-01
3.989252746105194092e-01
3.651492297649383545e-01
5.714445710182189941e-01
3.465575873851776123e-01
6.344916820526123047e-01
3.391638696193695068e-01
3.739053308963775635e-01
6.093474626541137695e-01
4.017516374588012695e-01
3.236971199512481689e-01
5.523855686187744141e-01
3.841463327407836914e-01
3.380635380744934082e-01
6.034294366836547852e-01
6.278306245803833008e-01
6.156973838806152344e-01
3.242419064044952393e-01
5.886389017105102539e-01
4.690389633178710938e-01
4.359344542026519775e-01
3.421431481838226318e-01
3.595942556858062744e-01
4.221788346767425537e-01
4.889271855354309082e-01
4.306412041187286377e-01
5.776861310005187988e-01
3.830149769783020020e-01
3.287989199161529541e-01
5.411894321441650391e-01
3.241026699542999268e-01
4.138580560684204102e-01
3.296498060226440430e-01
3.271530568599700928e-01
3.284327387809753418e-01
5.468538999557495117e-01
3.532391190528869629e-01
3.676276803016662598e-01
3.229917883872985840e-01
3.263520598411560059e-01
6.014143824577331543e-01
3.326332271099090576e-01
4.176100492477416992e-01
3.474402725696563721e-01
6.233998537063598633e-01
3.379172980785369873e-01
3.244594037532806396e-01
4.494926035404205322e-01
3.470502793788909912e-01
3.456409573554992676e-01
3.420720994472503662e-01
4.218002557754516602e-01
3.433867096900939941e-01
3.344202339649200439e-01
4.361826181411743164e-01
4.066287577152252197e-01
6.019196510314941406e-01
6.393011808395385742e-01
5.131531357765197754e-01
3.417928516864776611e-01
5.751188993453979492e-01
3.509891033172607422e-01
4.473966360092163086e-01
6.012267470359802246e-01
3.267515897750854492e-01
5.803759098052978516e-01
4.965853691101074219e-01
6.178870797157287598e-01
6.421901583671569824e-01
6.109340190887451172e-01
5.830193758010864258e-01
3.476461470127105713e-01
3.534151911735534668e-01
4.638041257858276367e-01
4.544159770011901855e-01
6.133410334587097168e-01
3.490507900714874268e-01
4.229419529438018799e-01
4.838473200798034668e-01
5.479818582534790039e-01
5.565233230590820312e-01
5.826944708824157715e-01
3.839884996414184570e-01
4.164434969425201416e-01
3.646610081195831299e-01
5.809000134468078613e-01
3.489862084388732910e-01
4.124007821083068848e-01
