4.710689783096313477e-01
4.551658928394317627e-01
4.540521502494812012e-01
3.481843471527099609e-01
6.460148692131042480e-01
4.893223643302917480e-01
5.450140237808227539e-01
3.610729575157165527e-01
4.851727187633514404e-01
3.577171266078948975e-01
5.942251682281494141e-01
4.284075200557708740e-01
6.106608510017395020e-01
3.460421860218048096e-01
3.211041092872619629e-01
6.237435340881347656e-01
4.523409008979797363e-01
5.655677914619445801e-01
4.687203764915466309e-01
4.581990838050842285e-01
3.688818514347076416e-01
6.263083219528198242e-01
6.405058503150939941e-01
4.184383749961853027e-01
6.212576031684875488e-01
5.069109201431274414e-01
4.143731296062469482e-01
5.537983179092407227e-01
4.500496089458465576e-01
6.375041007995605469e-01
3.482964336872100830e-01
3.538092076778411865e-01
4.010906219482421875e-01
3.855156898498535156e-01
5.793048143386840820e-01
6.460602879524230957e-01
4.650315940380096436e-01
5.946518778800964355e-01
3.876699507236480713e-01
6.160923242568969727e-01
3.236292302608489990e-01
4.468057453632354736e-01
5.214132666587829590e-01
6.018854379653930664e-01
6.289178729057312012e-01
5.938395857810974121e-01
6.495177745819091797e-01
6.001212596893310547e-01
6.297959089279174805e-01
6.025348305702209473e-01
5.107979774475097656e-01
4.264136850833892822e-01
5.819492936134338379e-01
6.113598346710205078e-01
3.338935971260070801e-01
5.063780546188354492e-01
4.652427732944488525e-01
5.892676115036010742e-01
5.284217596054077148e-01
4.553144574165344238e-01
3.621981739997863770e-01
4.741077721118927002e-01
3.362359404563903809e-01
3.804112970829010010e-01
6.284879446029663086e-01
5.793340206146240234e-01
6.018308997154235840e-01
3.540294170379638672e-01
6.425660252571105957e-01
5.175912380218505859e-01
3.661646842956542969e-01
5.253432393074035645e-01
4.028106331825256348e-01
6.354092359542846680e-01
4.840795099735260010e-01
3.811055421829223633e-01
5.862724781036376953e-01
3.246178030967712402e-01
3.819381892681121826e-01
5.656253695487976074e-01
5.238374471664428711e-01
4.796102643013000488e-01
6.193633079528808594e-01
6.122622489929199219e-01
3.283365666866302490e-01
5.317867994308471680e-01
5.065748691558837891e-01
6.082213521003723145e-01
4.488055408000946045e-01
3.343324363231658936e-01
5.032745003700256348e-01
4.596445262432098389e-01
6.510455012321472168e-01
3.595061600208282471e-01
3.176780939102172852e-01
4.159148335456848145e-01
6.160988807678222656e-01
3.545989990234375000e-01
4.025500416755676270e-01
3.338441252708435059e-01
3.483590781688690186e-01
6.392087936401367188e-01
3.493192791938781738e-01
3.893282413482666016e-01
6.079338192939758301e-01
5.171755552291870117e-01
4.791760742664337158e-01
4.995582401752471924e-01
4.659093320369720459e-01
3.242302238941192627e-01
3.383955359458923340e-01
4.258518218994140625e-01
4.356232881546020508e-01
6.388131380081176758e-01
3.767107129096984863e-01
5.529214739799499512e-01
6.126130223274230957e-01
3.412331938743591309e-01
3.639030158519744873e-01
6.357084512710571289e-01
5.460541844367980957e-01
4.632556736469268799e-01
6.171575784683227539e-01
6.003013849258422852e-01
6.020613908767700195e-01
4.519148468971252441e-01
5.029363632202148438e-01
6.394291520118713379e-01
3.472714424133300781e-01
3.662897348403930664e-01
5.298644304275512695e-01
6.183577775955200195e-01
4.433325827121734619e-01
6.110808849334716797e-01
5.754100084304809570e-01
5.772766470909118652e-01
6.339315176010131836e-01
5.204778909683227539e-01
3.869332671165466309e-01
4.760317206382751465e-01
6.249857544898986816e-01
3.517956435680389404e-01
6.222702264785766602e-01
3.734836280345916748e-01
5.559496283531188965e-01
3.817788362503051758e-01
4.627131521701812744e-01
3.287860751152038574e-01
5.483997464179992676e-01
6.268467903137207031e-01
5.207391977310180664e-01
6.361443400382995605e-01
3.312331438064575195e-01
5.000780224800109863e-01
3.265418112277984619e-01
6.180663704872131348e-01
3.269625604152679443e-01
3.260505199432373047e-01
6.153757572174072266e-01
5.694622993469238281e-01
6.359408497810363770e-01
4.798747003078460693e-01
6.354121565818786621e-01
6.464455723762512207e-01
3.700683712959289551e-01
5.333070755004882812e-01
6.402029395103454590e-01
3.954502940177917480e-01
5.134517550468444824e-01
5.024360418319702148e-01
6.477632522583007812e-01
5.938935875892639160e-01
3.704058229923248291e-01
3.503076732158660889e-01
6.295182704925537109e-01
3.413565158843994141e-01
3.850644826889038086e-01
3.661804199218750000e-01
4.404887557029724121e-01
4.692117571830749512e-01
3.402011096477508545e-01
4.493466317653656006e-01
4.444133639335632324e-01
3.590736687183380127e-01
3.950839340686798096e-01
4.329408705234527588e-01
6.529042720794677734e-01
6.071642637252807617e-01
3.292551636695861816e-01
6.479414105415344238e-01
3.256028294563293457e-01
3.475285470485687256e-01
3.859184384346008301e-01
6.463285684585571289e-01
6.277058124542236328e-01
3.224769234657287598e-01
6.319559216499328613e-01
3.405720293521881104e-01
5.385535955429077148e-01
3.448491990566253662e-01
4.427158236503601074e-01
5.958215594291687012e-01
5.655414462089538574e-01
5.611351728439331055e-01
4.634838998317718506e-01
4.340995848178863525e-01
6.350258588790893555e-01
5.721685886383056641e-01
6.326434612274169922e-01
4.006340205669403076e-01
4.404439926147460938e-01
5.861084461212158203e-01
6.160712838172912598e-01
5.360258221626281738e-01
6.471663713455200195e-01
4.627143740653991699e-01
3.291832506656646729e-01
4.380702972412109375e-01
6.163665652275085449e-01
5.434371829032897949e-01
6.276532411575317383e-01
6.279366612434387207e-01
3.893464803695678711e-01
4.345874190330505371e-01
4.679709672927856445e-01
5.926640033721923828e-01
4.049227535724639893e-01
6.535816192626953125e-01
6.360700130462646484e-01
3.482725322246551514e-01
3.727900087833404541e-01
5.023143887519836426e-01
6.455825567245483398e-01
6.512552499771118164e-01
5.123984813690185547e-01
6.360778212547302246e-01
6.056854128837585449e-01
3.503504097461700439e-01
4.539240896701812744e-01
3.548341393470764160e-01
3.515932261943817139e-01
3.918596506118774414e-01
5.760204195976257324e-01
5.438327193260192871e-01
5.266380310058593750e-01
6.394807100296020508e-01
4.273512661457061768e-01
5.736458301544189453e-01
5.763513445854187012e-01
6.178516745567321777e-01
6.278782486915588379e-01
3.572263717651367188e-01
3.568283617496490479e-01
4.406245350837707520e-01
4.511874914169311523e-01
3.627526164054870605e-01
4.055668413639068604e-01
5.350990891456604004e-01
5.744616985321044922e-01
3.282883167266845703e-01
4.464027583599090576e-01
6.437538266181945801e-01
4.279585480690002441e-01
3.378661870956420898e-01
6.149049997329711914e-01
3.362982571125030518e-01
5.072292089462280273e-01
3.246943950653076172e-01
3.293040692806243896e-01
4.100605249404907227e-01
5.947545766830444336e-01
3.366747498512268066e-01
5.847134590148925781e-01
6.283634901046752930e-01
6.379793286323547363e-01
5.677427053451538086e-01
5.837397575378417969e-01
3.224125802516937256e-01
6.368436813354492188e-01
6.343076825141906738e-01
5.190880298614501953e-01
4.415690302848815918e-01
6.442363262176513672e-01
5.444787740707397461e-01
6.220111846923828125e-01
6.234239339828491211e-01
3.557938337326049805e-01
3.653461039066314697e-01
3.407878875732421875e-01
3.599736988544464111e-01
3.985426127910614014e-01
6.467707157135009766e-01
3.779761791229248047e-01
3.414259552955627441e-01
5.216369032859802246e-01
6.437720060348510742e-01
3.652126789093017578e-01
3.583169877529144287e-01
4.698266386985778809e-01
5.790973901748657227e-01
5.406596660614013672e-01
3.578191101551055908e-01
5.956198573112487793e-01
4.201289415359497070e-01
3.222478032112121582e-01
3.686849772930145264e-01
4.612393379211425781e-01
3.663655817508697510e-01
3.711798191070556641e-01
6.472384929656982422e-01
3.868398368358612061e-01
5.747168064117431641e-01
5.953277349472045898e-01
5.798900723457336426e-01
5.944842696189880371e-01
4.312212765216827393e-01
5.941168665885925293e-01
5.000587105751037598e-01
4.659419357776641846e-01
6.431162953376770020e-01
6.348513960838317871e-01
3.280279636383056641e-01
6.289806962013244629e-01
6.340745091438293457e-01
6.528416872024536133e-01
4.226676821708679199e-01
3.301795721054077148e-01
6.145361661911010742e-01
5.144060850143432617e-01
5.498120188713073730e-01
3.861344754695892334e-01
3.592316508293151855e-01
3.289318978786468506e-01
4.209079444408416748e-01
3.314483165740966797e-01
3.741685748100280762e-01
6.329941153526306152e-01
6.045674681663513184e-01
3.454138040542602539e-01
4.449808299541473389e-01
6.000896692276000977e-01
6.017327904701232910e-01
6.273820996284484863e-01
6.042601466178894043e-01
3.368457853794097900e-01
3.230680525302886963e-01
5.562473535537719727e-01
3.527256250381469727e-01
3.395493030548095703e-01
3.382889330387115479e-01
6.218053698539733887e-01
3.644834160804748535e-01
6.417405605316162109e-01
5.908812880516052246e-01
5.930498838424682617e-01
3.320893645286560059e-01
5.703532099723815918e-01
3.249492943286895752e-01
3.340200483798980713e-01
3.487001359462738037e-01
3.711433112621307373e-01
6.522846817970275879e-01
6.014150381088256836e-01
3.195784986019134521e-01
6.340076923370361328e-01
3.729283809661865234e-01
6.022350788116455078e-01
3.962815999984741211e-01
6.460369825363159180e-01
4.894465506076812744e-01
4.082737863063812256e-01
5.931043624877929688e-01
6.471343040466308594e-01
6.444265246391296387e-01
3.253231048583984375e-01
3.504205048084259033e-01
6.487693190574645996e-01
3.406828641891479492e-01
6.416748166084289551e-01
4.052355587482452393e-01
3.446848094463348389e-01
4.780759811401367188e-01
4.704173207283020020e-01
3.543250560760498047e-01
4.048516452312469482e-01
6.419867277145385742e-01
3.527108132839202881e-01
3.352930843830108643e-01
5.960605144500732422e-01
4.455787539482116699e-01
4.237525165081024170e-01
6.196581125259399414e-01
5.019807815551757812e-01
6.416365504264831543e-01
3.394569754600524902e-01
6.127560734748840332e-01
4.924292564392089844e-01
6.509177684783935547e-01
5.269772410392761230e-01
3.220573365688323975e-01
5.262500643730163574e-01
3.626966178417205811e-01
6.297138929367065430e-01
4.762553870677947998e-01
6.220222711563110352e-01
3.698401153087615967e-01
6.347512006759643555e-01
6.455688476562500000e-01
6.315839886665344238e-01
6.326790452003479004e-01
6.169424057006835938e-01
6.218730807304382324e-01
3.389778137207031250e-01
4.617508947849273682e-01
6.044383645057678223e-01
5.150677561759948730e-01
3.353953957557678223e-01
3.504374623298645020e-01
4.327993988990783691e-01
3.641279041767120361e-01
3.866715431213378906e-01
3.881174027919769287e-01
6.108182668685913086e-01
6.372198462486267090e-01
4.160613715648651123e-01
6.154965162277221680e-01
5.472879409790039062e-01
3.350743651390075684e-01
5.245617032051086426e-01
6.202468276023864746e-01
3.562597930431365967e-01
6.503146290779113770e-01
4.761671423912048340e-01
6.028818488121032715e-01
4.372598528861999512e-01
4.833535850048065186e-01
6.002250909805297852e-01
5.850518345832824707e-01
6.416861414909362793e-01
3.808237016201019287e-01
6.203199625015258789e-01
5.180442333221435547e-01
5.169116258621215820e-01
6.365973949432373047e-01
3.552444577217102051e-01
6.382746696472167969e-01
6.485919952392578125e-01
6.303387284278869629e-01
4.650971889495849609e-01
4.101060926914215088e-01
6.416702866554260254e-01
6.437317728996276855e-01
3.229267597198486328e-01
6.388404965400695801e-01
3.570098578929901123e-01
6.509889960289001465e-01
5.055716037750244141e-01
6.359867453575134277e-01
3.656046986579895020e-01
6.275798678398132324e-01
3.406091034412384033e-01
3.336881101131439209e-01
5.172677040100097656e-01
3.341561257839202881e-01
6.016219854354858398e-01
3.256847858428955078e-01
4.068360626697540283e-01
4.640718400478363037e-01
4.573072791099548340e-01
5.437397956848144531e-01
4.480257928371429443e-01
3.806084990501403809e-01
6.522621512413024902e-01
5.977006554603576660e-01
5.704675912857055664e-01
3.585716187953948975e-01
3.586772978305816650e-01
3.720141351222991943e-01
5.405140519142150879e-01
3.893752992153167725e-01
6.493843197822570801e-01
3.344825804233551025e-01
5.146360397338867188e-01
3.461484313011169434e-01
3.734937310218811035e-01
6.503396034240722656e-01
4.512712061405181885e-01
3.785155117511749268e-01
6.236100792884826660e-01
4.840100109577178955e-01
3.716030120849609375e-01
4.318570494651794434e-01
5.780818462371826172e-01
4.975467324256896973e-01
6.431942582130432129e-01
4.274746179580688477e-01
6.336660385131835938e-01
6.174125075340270996e-01
3.731770515441894531e-01
6.291994452476501465e-01
6.183769702911376953e-01
3.569626510143280029e-01
5.307095646858215332e-01
6.363392472267150879e-01
3.324670195579528809e-01
5.857221484184265137e-01
4.806707501411437988e-01
4.559434354305267334e-01
6.192551255226135254e-01
3.646830618381500244e-01
3.474774658679962158e-01
3.620544672012329102e-01
6.391008496284484863e-01
5.804881453514099121e-01
5.665994286537170410e-01
3.295572698116302490e-01
4.828844070434570312e-01
5.396939516067504883e-01
4.953960776329040527e-01
3.452319502830505371e-01
6.429340839385986328e-01
5.385596752166748047e-01
4.383100867271423340e-01
3.490853011608123779e-01
6.240453720092773438e-01
3.354299664497375488e-01
5.045995116233825684e-01
5.289145708084106445e-01
4.394382536411285400e-01
6.387223601341247559e-01
3.445369601249694824e-01
3.720710277557373047e-01
5.855377316474914551e-01
5.116891264915466309e-01
6.006946563720703125e-01
5.777800083160400391e-01
3.900998234748840332e-01
6.179720163345336914e-01
4.304313957691192627e-01
6.505143046379089355e-01
3.989116549491882324e-01
3.668941557407379150e-01
5.847493410110473633e-01
6.249095201492309570e-01
3.540365099906921387e-01
6.460054516792297363e-01
6.179434657096862793e-01
6.031246185302734375e-01
6.180911064147949219e-01
5.674340724945068359e-01
3.354412615299224854e-01
6.470963954925537109e-01
6.196925640106201172e-01
6.401247978210449219e-01
6.434403061866760254e-01
5.778251886367797852e-01
4.064040780067443848e-01
6.516796946525573730e-01
5.055281519889831543e-01
6.497914791107177734e-01
5.592882037162780762e-01
3.365073800086975098e-01
3.992627561092376709e-01
3.384452462196350098e-01
6.375027298927307129e-01
6.250815391540527344e-01
5.120726227760314941e-01
6.461828351020812988e-01
4.558131396770477295e-01
4.783075749874114990e-01
3.338405191898345947e-01
5.792440772056579590e-01
3.512240052223205566e-01
3.285126388072967529e-01
6.228829622268676758e-01
5.279357433319091797e-01
6.486564278602600098e-01
3.817977309226989746e-01
3.829795420169830322e-01
3.641298711299896240e-01
4.168148934841156006e-01
4.094718694686889648e-01
4.344515502452850342e-01
3.438007235527038574e-01
6.507098674774169922e-01
3.523043692111968994e-01
3.375572860240936279e-01
5.165517926216125488e-01
5.400150418281555176e-01
6.409891247749328613e-01
5.897221565246582031e-01
5.631245970726013184e-01
3.496674299240112305e-01
6.179425120353698730e-01
6.361567378044128418e-01
5.278277397155761719e-01
3.535395860671997070e-01
6.169766187667846680e-01
3.744906187057495117e-01
3.500092625617980957e-01
4.596190154552459717e-01
4.218759834766387939e-01
5.928707718849182129e-01
3.221376836299896240e-01
6.472562551498413086e-01
3.799277245998382568e-01
5.450792312622070312e-01
3.809735774993896484e-01
3.428295850753784180e-01
6.287516951560974121e-01
4.960945248603820801e-01
4.750680923461914062e-01
3.505706191062927246e-01
3.672609925270080566e-01
6.220213174819946289e-01
5.836674571037292480e-01
3.395554721355438232e-01
3.577929735183715820e-01
3.441924154758453369e-01
3.366434872150421143e-01
6.378247141838073730e-01
5.747224092483520508e-01
4.684794545173645020e-01
6.185273528099060059e-01
6.209113001823425293e-01
6.114591956138610840e-01
5.867173671722412109e-01
6.296042203903198242e-01
6.106906533241271973e-01
5.125517845153808594e-01
6.427749991416931152e-01
3.305512368679046631e-01
4.613498449325561523e-01
5.393369197845458984e-01
3.853040337562561035e-01
3.743469715118408203e-01
3.543925583362579346e-01
3.514333963394165039e-01
3.246690034866333008e-01
4.852560758590698242e-01
6.150799989700317383e-01
5.665984153747558594e-01
4.293310344219207764e-01
3.589204847812652588e-01
6.462038755416870117e-01
6.153463125228881836e-01
5.702946186065673828e-01
4.815891683101654053e-01
5.732393264770507812e-01
4.733500778675079346e-01
6.112850308418273926e-01
4.275065064430236816e-01
6.376519799232482910e-01
3.257716596126556396e-01
4.109137952327728271e-01
4.793881475925445557e-01
3.534543216228485107e-01
6.275424361228942871e-01
6.134866476058959961e-01
5.048115849494934082e-01
4.084770977497100830e-01
3.474108278751373291e-01
3.860687315464019775e-01
4.120018482208251953e-01
3.333738148212432861e-01
6.117233633995056152e-01
3.529126346111297607e-01
5.322051644325256348e-01
6.455692648887634277e-01
6.391221880912780762e-01
3.858257234096527100e-01
3.770780563354492188e-01
3.326667547225952148e-01
5.887328982353210449e-01
6.456586122512817383e-01
3.276746869087219238e-01
4.458622634410858154e-01
6.431442499160766602e-01
6.393089294433593750e-01
6.468063592910766602e-01
6.391162872314453125e-01
3.596063554286956787e-01
6.021669507026672363e-01
4.261072874069213867e-01
3.358768820762634277e-01
3.361901640892028809e-01
5.946612358093261719e-01
5.741410255432128906e-01
3.756184577941894531e-01
6.439878344535827637e-01
5.752785205841064453e-01
4.111846685409545898e-01
6.509937047958374023e-01
5.703130364418029785e-01
5.602906942367553711e-01
6.411095261573791504e-01
6.090789437294006348e-01
6.492602229118347168e-01
6.308292746543884277e-01
6.125982403755187988e-01
6.284025907516479492e-01
6.337832212448120117e-01
3.592441976070404053e-01
3.901922404766082764e-01
6.088868975639343262e-01
4.068151712417602539e-01
3.645361959934234619e-01
6.415572166442871094e-01
3.708378672599792480e-01
5.830186605453491211e-01
5.988187193870544434e-01
4.521706700325012207e-01
4.368214011192321777e-01
3.686329722404479980e-01
4.183294773101806641e-01
4.460364878177642822e-01
3.685324192047119141e-01
4.170878529548645020e-01
6.402198672294616699e-01
4.493448138236999512e-01
6.514647603034973145e-01
5.593627095222473145e-01
5.342777371406555176e-01
3.505143821239471436e-01
6.478469967842102051e-01
3.690397739410400391e-01
5.859799981117248535e-01
4.549081325531005859e-01
5.504040718078613281e-01
6.223592758178710938e-01
6.445527076721191406e-01
6.387954950332641602e-01
4.785353541374206543e-01
5.927364826202392578e-01
6.429710984230041504e-01
4.078910052776336670e-01
5.642903447151184082e-01
5.251204967498779297e-01
3.602141439914703369e-01
6.276635527610778809e-01
3.947918415069580078e-01
6.441941261291503906e-01
5.896356105804443359e-01
4.404809772968292236e-01
5.284153819084167480e-01
6.495249271392822266e-01
3.591431975364685059e-01
6.458826661109924316e-01
5.279240608215332031e-01
6.318757534027099609e-01
4.556182324886322021e-01
3.423073887825012207e-01
4.722639322280883789e-01
6.332488059997558594e-01
6.486580967903137207e-01
3.665667176246643066e-01
6.101374626159667969e-01
5.663792490959167480e-01
3.681725263595581055e-01
3.344395458698272705e-01
6.401215195655822754e-01
5.558248162269592285e-01
3.278120458126068115e-01
3.366554975509643555e-01
3.917832672595977783e-01
4.192445874214172363e-01
3.652985692024230957e-01
3.824652731418609619e-01
4.106662571430206299e-01
3.601856827735900879e-01
6.350696086883544922e-01
6.456052064895629883e-01
3.678848743438720703e-01
5.652922391891479492e-01
3.632468581199645996e-01
5.629192590713500977e-01
3.908417224884033203e-01
3.394471704959869385e-01
4.012561738491058350e-01
3.521732687950134277e-01
4.421958923339843750e-01
6.150541305541992188e-01
6.514116525650024414e-01
6.222278475761413574e-01
3.566166758537292480e-01
3.186576664447784424e-01
6.308866739273071289e-01
6.441675424575805664e-01
6.534447669982910156e-01
6.403654217720031738e-01
3.310500681400299072e-01
3.771757781505584717e-01
5.648518204689025879e-01
5.232399106025695801e-01
4.446923136711120605e-01
5.930479764938354492e-01
5.564792752265930176e-01
6.427556872367858887e-01
3.570683598518371582e-01
6.378582715988159180e-01
3.758729994297027588e-01
6.422536969184875488e-01
5.843791365623474121e-01
3.590252995491027832e-01
6.237604618072509766e-01
5.416347980499267578e-01
6.378992199897766113e-01
3.820095956325531006e-01
6.328814625740051270e-01
5.802508592605590820e-01
6.217865943908691406e-01
3.430727124214172363e-01
5.936029553413391113e-01
4.166973531246185303e-01
4.002187848091125488e-01
4.848842024803161621e-01
6.081154346466064453e-01
6.132736206054687500e-01
5.487524271011352539e-01
6.483651399612426758e-01
6.275002956390380859e-01
4.783587455749511719e-01
3.367097079753875732e-01
4.010693728923797607e-01
6.220238804817199707e-01
3.820627033710479736e-01
3.356587588787078857e-01
3.535240888595581055e-01
6.391427516937255859e-01
6.378293633460998535e-01
3.406233787536621094e-01
4.302302002906799316e-01
6.524997353553771973e-01
3.189394176006317139e-01
3.839397132396697998e-01
3.614141643047332764e-01
6.435291767120361328e-01
4.053432941436767578e-01
4.777226448059082031e-01
3.270612955093383789e-01
3.307000994682312012e-01
5.504729747772216797e-01
6.242272257804870605e-01
3.500536084175109863e-01
3.409685492515563965e-01
3.597671091556549072e-01
6.033917665481567383e-01
3.602579236030578613e-01
5.752497911453247070e-01
5.401470661163330078e-01
3.331990838050842285e-01
5.971621870994567871e-01
6.332535147666931152e-01
3.531182706356048584e-01
6.133966445922851562e-01
5.092850923538208008e-01
3.552156388759613037e-01
3.348772525787353516e-01
3.516198098659515381e-01
6.372392773628234863e-01
6.056918501853942871e-01
5.016528367996215820e-01
4.012135267257690430e-01
6.277281045913696289e-01
5.780174732208251953e-01
5.892496705055236816e-01
4.041666686534881592e-01
3.624311983585357666e-01
6.240213513374328613e-01
3.842618465423583984e-01
5.940440893173217773e-01
6.447309851646423340e-01
4.284794628620147705e-01
4.090952277183532715e-01
3.369519710540771484e-01
4.116854965686798096e-01
5.865398049354553223e-01
3.650149106979370117e-01
5.437401533126831055e-01
4.434019029140472412e-01
4.963147044181823730e-01
6.508777141571044922e-01
5.972302556037902832e-01
3.278761506080627441e-01
3.254471719264984131e-01
6.292526721954345703e-01
4.474666118621826172e-01
3.713073134422302246e-01
5.213649272918701172e-01
6.043360829353332520e-01
3.238441348075866699e-01
3.349860310554504395e-01
6.070860624313354492e-01
3.788577616214752197e-01
6.176555156707763672e-01
3.419594764709472656e-01
5.236422419548034668e-01
3.493863940238952637e-01
4.230408370494842529e-01
6.450110673904418945e-01
4.165320992469787598e-01
4.064103066921234131e-01
5.642492771148681641e-01
4.040476679801940918e-01
4.365032613277435303e-01
6.279962658882141113e-01
5.868356823921203613e-01
4.970303475856781006e-01
5.043646097183227539e-01
5.980646014213562012e-01
5.617557764053344727e-01
3.676257133483886719e-01
6.110966205596923828e-01
6.263197064399719238e-01
6.359033584594726562e-01
3.343662917613983154e-01
3.346918523311614990e-01
3.206077218055725098e-01
3.538024425506591797e-01
5.905367136001586914e-01
5.291021466255187988e-01
6.365513801574707031e-01
5.474896430969238281e-01
3.673418760299682617e-01
5.881918668746948242e-01
3.549118340015411377e-01
6.469860076904296875e-01
6.316955685615539551e-01
4.750301539897918701e-01
3.626632988452911377e-01
4.000354111194610596e-01
4.031854867935180664e-01
4.609847664833068848e-01
4.922977387905120850e-01
5.436549782752990723e-01
6.434956192970275879e-01
5.536259412765502930e-01
5.847492218017578125e-01
5.221460461616516113e-01
6.213381886482238770e-01
3.464402556419372559e-01
6.186161637306213379e-01
6.518200039863586426e-01
5.489063858985900879e-01
4.699082374572753906e-01
6.398039460182189941e-01
5.392888784408569336e-01
3.633814454078674316e-01
3.354405760765075684e-01
4.609983861446380615e-01
4.992842674255371094e-01
4.323196709156036377e-01
3.658311069011688232e-01
5.909020304679870605e-01
5.944251418113708496e-01
5.740802288055419922e-01
5.016576051712036133e-01
5.062698721885681152e-01
3.971195220947265625e-01
3.309476673603057861e-01
6.463273763656616211e-01
3.556730151176452637e-01
6.418973803520202637e-01
6.430796980857849121e-01
5.441097021102905273e-01
6.181633472442626953e-01
3.641476333141326904e-01
6.160075068473815918e-01
6.006533503532409668e-01
5.752850770950317383e-01
6.444446444511413574e-01
4.024453163146972656e-01
4.183293282985687256e-01
6.377127766609191895e-01
4.245097339153289795e-01
6.197264194488525391e-01
6.378641128540039062e-01
6.359087228775024414e-01
4.810752868652343750e-01
4.449629187583923340e-01
6.252681016921997070e-01
6.486418843269348145e-01
6.422462463378906250e-01
6.187186241149902344e-01
5.185582041740417480e-01
4.461687505245208740e-01
3.684838116168975830e-01
6.136766076087951660e-01
5.636951327323913574e-01
3.775465190410614014e-01
5.494054555892944336e-01
3.826310932636260986e-01
6.425542831420898438e-01
6.313702464103698730e-01
6.395066976547241211e-01
6.260550618171691895e-01
3.864934742450714111e-01
6.204127073287963867e-01
6.340017914772033691e-01
5.038956999778747559e-01
4.048601984977722168e-01
3.680510520935058594e-01
4.115049839019775391e-01
3.801580369472503662e-01
6.319063305854797363e-01
3.263049423694610596e-01
5.172711610794067383e-01
6.088427901268005371e-01
3.573264777660369873e-01
3.533804714679718018e-01
3.192564249038696289e-01
6.467026472091674805e-01
5.190364122390747070e-01
4.169462323188781738e-01
6.404616832733154297e-01
3.425313532352447510e-01
4.650117754936218262e-01
4.359275698661804199e-01
3.375864326953887939e-01
3.921056687831878662e-01
5.882449150085449219e-01
3.647706210613250732e-01
3.609228432178497314e-01
6.491143107414245605e-01
6.456881761550903320e-01
4.944790005683898926e-01
6.523436903953552246e-01
4.787110984325408936e-01
5.863382816314697266e-01
3.239703476428985596e-01
5.935769677162170410e-01
6.311604380607604980e-01
4.185452461242675781e-01
4.518496096134185791e-01
3.438937962055206299e-01
3.777979612350463867e-01
4.407088458538055420e-01
6.175131201744079590e-01
6.094800829887390137e-01
6.212300658226013184e-01
5.590780973434448242e-01
6.376679539680480957e-01
4.042719006538391113e-01
6.437553763389587402e-01
3.212835788726806641e-01
4.756641685962677002e-01
6.424555182456970215e-01
5.775309205055236816e-01
3.516437411308288574e-01
3.983408510684967041e-01
3.778595626354217529e-01
5.120786428451538086e-01
3.366174995899200439e-01
5.183202624320983887e-01
3.839313387870788574e-01
6.479936242103576660e-01
3.549066185951232910e-01
6.261521577835083008e-01
3.683125376701354980e-01
5.586410164833068848e-01
4.899111688137054443e-01
3.461343646049499512e-01
4.675975739955902100e-01
3.557781279087066650e-01
5.463076233863830566e-01
3.824479877948760986e-01
3.401380181312561035e-01
5.622063875198364258e-01
4.824436008930206299e-01
3.388617634773254395e-01
3.451492786407470703e-01
3.519578874111175537e-01
4.042108058929443359e-01
4.495016932487487793e-01
3.684325516223907471e-01
6.274518966674804688e-01
3.370692431926727295e-01
5.722346901893615723e-01
3.387103080749511719e-01
6.185480952262878418e-01
3.702680766582489014e-01
6.243199706077575684e-01
6.437324881553649902e-01
4.222469627857208252e-01
4.958006441593170166e-01
5.736829042434692383e-01
4.037472307682037354e-01
3.530654013156890869e-01
3.527772426605224609e-01
4.730962514877319336e-01
6.272363662719726562e-01
5.320608019828796387e-01
4.028516709804534912e-01
6.535813212394714355e-01
4.253231585025787354e-01
6.205428242683410645e-01
5.630827546119689941e-01
6.341182589530944824e-01
6.343009471893310547e-01
6.134557723999023438e-01
5.726734399795532227e-01
3.553222417831420898e-01
6.041414737701416016e-01
6.314944624900817871e-01
3.354656398296356201e-01
3.400534391403198242e-01
3.979552984237670898e-01
4.256272017955780029e-01
6.391854882240295410e-01
6.206020116806030273e-01
6.181985139846801758e-01
6.452594995498657227e-01
3.811770677566528320e-01
5.323539376258850098e-01
3.331018984317779541e-01
6.205469965934753418e-01
4.451005160808563232e-01
3.565067350864410400e-01
4.423939287662506104e-01
3.417451977729797363e-01
6.015137434005737305e-01
6.163976788520812988e-01
3.226948082447052002e-01
6.279246807098388672e-01
4.125491678714752197e-01
6.273929476737976074e-01
6.339350938796997070e-01
6.415328383445739746e-01
5.185270905494689941e-01
3.428647220134735107e-01
4.281601607799530029e-01
3.618482053279876709e-01
6.040391921997070312e-01
3.716591298580169678e-01
6.241704821586608887e-01
5.587164163589477539e-01
3.741587996482849121e-01
3.765276372432708740e-01
6.516962647438049316e-01
5.013404488563537598e-01
6.413271427154541016e-01
6.325555443763732910e-01
4.448239803314208984e-01
3.436961472034454346e-01
6.232049465179443359e-01
4.212824404239654541e-01
4.722195267677307129e-01
3.576427400112152100e-01
3.330620229244232178e-01
4.764471054077148438e-01
3.730123639106750488e-01
3.600393235683441162e-01
3.578955531120300293e-01
3.319686353206634521e-01
4.156434834003448486e-01
6.451213359832763672e-01
6.254254579544067383e-01
3.364383280277252197e-01
3.498117625713348389e-01
6.185263395309448242e-01
6.449019312858581543e-01
4.013136923313140869e-01
6.409488320350646973e-01
3.212341368198394775e-01
3.381460905075073242e-01
6.164811253547668457e-01
6.488540768623352051e-01
5.780050158500671387e-01
6.249638199806213379e-01
4.677014052867889404e-01
4.175782203674316406e-01
6.244322657585144043e-01
3.312081396579742432e-01
6.337192058563232422e-01
4.816836714744567871e-01
6.301717162132263184e-01
5.778072476387023926e-01
6.538251638412475586e-01
3.261054456233978271e-01
3.306158483028411865e-01
3.859031498432159424e-01
6.199429035186767578e-01
6.197440624237060547e-01
4.284897744655609131e-01
3.666731119155883789e-01
3.841413259506225586e-01
4.669306576251983643e-01
6.362725496292114258e-01
6.119440197944641113e-01
5.801640152931213379e-01
5.619645118713378906e-01
3.585228323936462402e-01
5.934990644454956055e-01
4.686883687973022461e-01
4.156210720539093018e-01
6.422621607780456543e-01
4.530743360519409180e-01
4.239890575408935547e-01
4.187766611576080322e-01
4.112638235092163086e-01
6.229985952377319336e-01
3.713825643062591553e-01
6.113649606704711914e-01
6.494941711425781250e-01
3.467819988727569580e-01
3.881317079067230225e-01
5.873275995254516602e-01
6.388255357742309570e-01
3.678258955478668213e-01
5.944712162017822266e-01
3.330326080322265625e-01
6.493578553199768066e-01
6.494337320327758789e-01
5.549062490463256836e-01
3.361958563327789307e-01
3.260740935802459717e-01
6.356679797172546387e-01
3.807342350482940674e-01
6.408828496932983398e-01
3.719368577003479004e-01
6.103881001472473145e-01
4.679079949855804443e-01
3.212454915046691895e-01
5.787040591239929199e-01
5.712172985076904297e-01
6.378188729286193848e-01
4.816331267356872559e-01
3.501402139663696289e-01
5.746156573295593262e-01
5.070527195930480957e-01
4.430353343486785889e-01
6.214699149131774902e-01
3.311303257942199707e-01
3.266970813274383545e-01
4.437206387519836426e-01
6.371162533760070801e-01
3.716205358505249023e-01
4.146312773227691650e-01
3.429234325885772705e-01
6.517361998558044434e-01
4.566724896430969238e-01
3.409535288810729980e-01
6.408005356788635254e-01
3.935169279575347900e-01
5.947035551071166992e-01
5.300819277763366699e-01
3.425290286540985107e-01
4.227376878261566162e-01
6.003754734992980957e-01
5.267482399940490723e-01
3.730998337268829346e-01
3.902348875999450684e-01
3.540302515029907227e-01
4.052360355854034424e-01
3.433167040348052979e-01
3.522097170352935791e-01
6.441754102706909180e-01
3.877656757831573486e-01
6.465553045272827148e-01
6.249340176582336426e-01
3.712428510189056396e-01
5.339381694793701172e-01
3.327857255935668945e-01
5.488510727882385254e-01
4.391508996486663818e-01
5.256909132003784180e-01
4.084537625312805176e-01
3.930253088474273682e-01
5.995802879333496094e-01
6.455044150352478027e-01
4.758695662021636963e-01
3.777914345264434814e-01
6.325742602348327637e-01
6.244633793830871582e-01
6.371936202049255371e-01
5.572080612182617188e-01
5.404325127601623535e-01
3.742531836032867432e-01
6.196516752243041992e-01
3.792518377304077148e-01
6.162316203117370605e-01
5.343621373176574707e-01
3.225315511226654053e-01
3.327531814575195312e-01
6.023892164230346680e-01
3.429905474185943604e-01
4.414141476154327393e-01
5.390054583549499512e-01
3.527020514011383057e-01
3.320060670375823975e-01
3.382420837879180908e-01
6.496832370758056641e-01
4.764066338539123535e-01
5.027492046356201172e-01
4.248083829879760742e-01
5.823025107383728027e-01
4.909709095954895020e-01
5.296013355255126953e-01
6.229134798049926758e-01
6.383137106895446777e-01
4.861102402210235596e-01
3.322913348674774170e-01
5.513206124305725098e-01
5.685045719146728516e-01
5.494009256362915039e-01
4.587773084640502930e-01
4.591543078422546387e-01
3.373841643333435059e-01
3.896058499813079834e-01
6.326441168785095215e-01
6.372449994087219238e-01
5.624813437461853027e-01
4.489003419876098633e-01
3.822343051433563232e-01
4.050075113773345947e-01
6.441503763198852539e-01
6.350221037864685059e-01
4.851771891117095947e-01
6.389449238777160645e-01
5.512036085128784180e-01
3.387377858161926270e-01
6.127662062644958496e-01
3.453818559646606445e-01
3.202175199985504150e-01
3.453359901905059814e-01
4.228241443634033203e-01
4.038730561733245850e-01
4.938525557518005371e-01
6.464616656303405762e-01
3.470263183116912842e-01
3.387707769870758057e-01
3.939897119998931885e-01
3.311736285686492920e-01
5.727443695068359375e-01
5.384571552276611328e-01
3.496206104755401611e-01
6.364276409149169922e-01
4.621443748474121094e-01
6.160199642181396484e-01
6.446656584739685059e-01
6.452959775924682617e-01
6.352355480194091797e-01
4.903964102268218994e-01
6.458625793457031250e-01
5.859518647193908691e-01
3.897181451320648193e-01
3.496692776679992676e-01
5.329568982124328613e-01
3.394934833049774170e-01
6.471716761589050293e-01
5.873000621795654297e-01
3.611190915107727051e-01
5.350335240364074707e-01
4.473254680633544922e-01
3.614147305488586426e-01
4.321511089801788330e-01
6.105349659919738770e-01
6.243479251861572266e-01
6.151982545852661133e-01
4.752248227596282959e-01
6.349690556526184082e-01
3.433228135108947754e-01
5.110208392143249512e-01
6.399012804031372070e-01
6.182871460914611816e-01
6.124142408370971680e-01
5.795683264732360840e-01
3.595559000968933105e-01
4.583909809589385986e-01
4.170295596122741699e-01
6.031370759010314941e-01
4.272604584693908691e-01
4.762512743473052979e-01
3.257697820663452148e-01
3.676113486289978027e-01
5.959001779556274414e-01
5.455335378646850586e-01
6.184012293815612793e-01
4.636150598526000977e-01
6.417964100837707520e-01
5.582463145256042480e-01
4.170638024806976318e-01
3.343383371829986572e-01
6.417793631553649902e-01
3.213115334510803223e-01
3.713442087173461914e-01
3.700794279575347900e-01
5.788890719413757324e-01
6.499257087707519531e-01
3.503808677196502686e-01
5.702908039093017578e-01
4.368163943290710449e-01
4.347030818462371826e-01
3.810249269008636475e-01
4.221583902835845947e-01
3.257842063903808594e-01
6.370317935943603516e-01
3.980119526386260986e-01
4.371134638786315918e-01
6.301084756851196289e-01
3.375310003757476807e-01
6.262100338935852051e-01
4.262530803680419922e-01
5.790696740150451660e-01
6.065683364868164062e-01
4.013381600379943848e-01
3.208119273185729980e-01
6.412217617034912109e-01
6.319748759269714355e-01
3.299570977687835693e-01
4.761910438537597656e-01
5.906189084053039551e-01
6.490694284439086914e-01
4.104636609554290771e-01
5.802950263023376465e-01
3.609768152236938477e-01
3.425413370132446289e-01
3.733255863189697266e-01
6.214832663536071777e-01
3.654530942440032959e-01
3.978772163391113281e-01
6.417490243911743164e-01
3.972468674182891846e-01
6.381586194038391113e-01
4.669255912303924561e-01
3.494989573955535889e-01
5.303115844726562500e-01
6.161703467369079590e-01
6.519161462783813477e-01
3.171297609806060791e-01
3.162260949611663818e-01
6.491737365722656250e-01
5.519025325775146484e-01
3.770633339881896973e-01
5.145452618598937988e-01
6.246848702430725098e-01
4.753600358963012695e-01
3.307166099548339844e-01
3.502551615238189697e-01
4.698379039764404297e-01
6.285566687583923340e-01
6.282044649124145508e-01
3.232961595058441162e-01
6.013419032096862793e-01
5.701316595077514648e-01
3.232239782810211182e-01
4.803238809108734131e-01
5.058381557464599609e-01
4.993780255317687988e-01
5.335547327995300293e-01
6.249179840087890625e-01
6.050132513046264648e-01
3.573711514472961426e-01
3.589760065078735352e-01
4.063448905944824219e-01
4.257390797138214111e-01
3.733120858669281006e-01
5.536695718765258789e-01
4.748589694499969482e-01
3.442406058311462402e-01
6.348396539688110352e-01
6.290073394775390625e-01
6.197421550750732422e-01
4.402407109737396240e-01
3.820454180240631104e-01
5.117816925048828125e-01
4.118128418922424316e-01
6.152732372283935547e-01
3.716013133525848389e-01
6.087800264358520508e-01
5.258511304855346680e-01
3.558031916618347168e-01
6.046138405799865723e-01
5.652563571929931641e-01
6.316239833831787109e-01
5.402888059616088867e-01
3.615856468677520752e-01
5.756665468215942383e-01
5.638463497161865234e-01
4.984564781188964844e-01
6.332647800445556641e-01
6.301441192626953125e-01
4.916959404945373535e-01
5.908938646316528320e-01
5.820204019546508789e-01
5.774803757667541504e-01
5.106318593025207520e-01
5.872691869735717773e-01
5.818520784378051758e-01
5.753815770149230957e-01
3.222565948963165283e-01
3.226145505905151367e-01
4.789902567863464355e-01
5.736507177352905273e-01
3.532876670360565186e-01
6.141616106033325195e-01
3.295541405677795410e-01
3.510601222515106201e-01
6.386653780937194824e-01
5.844851732254028320e-01
4.643699824810028076e-01
4.529971778392791748e-01
6.083700656890869141e-01
3.770701289176940918e-01
4.003805816173553467e-01
4.947686195373535156e-01
6.163180470466613770e-01
4.521933794021606445e-01
6.420862078666687012e-01
4.362821578979492188e-01
3.787701725959777832e-01
3.299418687820434570e-01
3.551137149333953857e-01
3.497584760189056396e-01
5.653060674667358398e-01
6.496955156326293945e-01
4.231597185134887695e-01
4.010656177997589111e-01
5.813645720481872559e-01
3.637909889221191406e-01
3.318879604339599609e-01
6.081502437591552734e-01
3.473684489727020264e-01
6.423431038856506348e-01
6.308094859123229980e-01
3.202530443668365479e-01
3.406757712364196777e-01
4.966276884078979492e-01
3.525253236293792725e-01
5.208844542503356934e-01
6.258750557899475098e-01
4.136270582675933838e-01
6.253193616867065430e-01
3.188693523406982422e-01
6.209630966186523438e-01
6.460057497024536133e-01
6.218017935752868652e-01
5.779594182968139648e-01
3.385430276393890381e-01
4.295472204685211182e-01
5.916428565979003906e-01
6.459846496582031250e-01
3.394281566143035889e-01
3.231554329395294189e-01
3.528861701488494873e-01
5.754708051681518555e-01
5.295332074165344238e-01
6.146124601364135742e-01
4.286720454692840576e-01
6.437712311744689941e-01
4.873920679092407227e-01
3.402912020683288574e-01
6.069174408912658691e-01
3.390988409519195557e-01
3.757658004760742188e-01
6.310985684394836426e-01
4.183301925659179688e-01
4.959973096847534180e-01
4.003510177135467529e-01
6.245732903480529785e-01
5.382268428802490234e-01
6.258696913719177246e-01
4.877667129039764404e-01
6.150336265563964844e-01
5.986129641532897949e-01
6.269146203994750977e-01
6.004471182823181152e-01
6.201469898223876953e-01
6.440964341163635254e-01
6.399714946746826172e-01
3.991593420505523682e-01
3.779800534248352051e-01
4.021318256855010986e-01
6.042374372482299805e-01
3.946292400360107422e-01
4.713546335697174072e-01
3.461139798164367676e-01
6.385250687599182129e-01
3.933209776878356934e-01
3.738532662391662598e-01
4.373754858970642090e-01
5.648264288902282715e-01
5.542448163032531738e-01
6.489213705062866211e-01
6.174166798591613770e-01
6.056746244430541992e-01
3.354745805263519287e-01
6.297977566719055176e-01
5.188961625099182129e-01
6.531651020050048828e-01
4.808776080608367920e-01
6.304453015327453613e-01
4.038910865783691406e-01
6.171359419822692871e-01
6.205146908760070801e-01
6.332623362541198730e-01
3.315066993236541748e-01
6.517007350921630859e-01
6.347182393074035645e-01
5.452429056167602539e-01
4.970731735229492188e-01
3.880806267261505127e-01
6.271681785583496094e-01
5.992866158485412598e-01
3.913625776767730713e-01
5.399181842803955078e-01
3.234223425388336182e-01
3.873479068279266357e-01
6.329604387283325195e-01
4.494290649890899658e-01
4.590103030204772949e-01
5.486149787902832031e-01
5.048201084136962891e-01
6.067448258399963379e-01
6.202170848846435547e-01
3.733120858669281006e-01
5.190957188606262207e-01
5.276051759719848633e-01
3.829470276832580566e-01
3.691573143005371094e-01
3.411792218685150146e-01
6.347820758819580078e-01
5.940784215927124023e-01
5.453674197196960449e-01
6.485043168067932129e-01
6.427919268608093262e-01
3.310224413871765137e-01
4.450633227825164795e-01
