3.631408810615539551e-01
5.103716254234313965e-01
4.828656017780303955e-01
5.986734628677368164e-01
3.705570399761199951e-01
5.172971487045288086e-01
4.091947674751281738e-01
5.027771592140197754e-01
3.515988290309906006e-01
4.926287233829498291e-01
5.575367212295532227e-01
3.586882054805755615e-01
3.500903844833374023e-01
5.962481498718261719e-01
4.457720518112182617e-01
3.476620614528656006e-01
6.106603145599365234e-01
3.558572828769683838e-01
3.655992150306701660e-01
6.232476234436035156e-01
4.738460183143615723e-01
3.601089417934417725e-01
5.960562825202941895e-01
5.330713391304016113e-01
5.919122099876403809e-01
4.441886842250823975e-01
4.923320710659027100e-01
4.236620068550109863e-01
5.994606018066406250e-01
4.317991137504577637e-01
3.614626228809356689e-01
3.511615693569183350e-01
4.406455457210540771e-01
6.057310104370117188e-01
3.955268859863281250e-01
6.153565645217895508e-01
6.057430505752563477e-01
5.343325734138488770e-01
3.687089383602142334e-01
3.837036788463592529e-01
3.725836575031280518e-01
3.450826406478881836e-01
3.434033393859863281e-01
6.118572950363159180e-01
3.560588359832763672e-01
4.404008686542510986e-01
4.194553494453430176e-01
6.098129749298095703e-01
6.149479746818542480e-01
5.839676856994628906e-01
5.962888002395629883e-01
3.474075496196746826e-01
6.060101985931396484e-01
5.018404722213745117e-01
5.002225637435913086e-01
3.526163399219512939e-01
5.650175809860229492e-01
5.338811278343200684e-01
6.096209883689880371e-01
4.725996553897857666e-01
6.122703552246093750e-01
5.617578625679016113e-01
4.608012139797210693e-01
3.427276611328125000e-01
5.942000746726989746e-01
4.851485192775726318e-01
6.033997535705566406e-01
5.397295355796813965e-01
6.001985073089599609e-01
4.276879429817199707e-01
3.580065667629241943e-01
6.116066575050354004e-01
4.209608137607574463e-01
4.722083806991577148e-01
6.078059673309326172e-01
6.142142415046691895e-01
3.721194863319396973e-01
4.450409114360809326e-01
5.845917463302612305e-01
3.771892189979553223e-01
6.036731004714965820e-01
3.464729189872741699e-01
5.863196253776550293e-01
5.939294695854187012e-01
3.487817943096160889e-01
5.577903389930725098e-01
5.611674785614013672e-01
4.756823480129241943e-01
4.341062605381011963e-01
3.428862690925598145e-01
3.588700592517852783e-01
4.204620420932769775e-01
5.362014770507812500e-01
4.108060300350189209e-01
4.120210111141204834e-01
3.455645442008972168e-01
3.731456995010375977e-01
5.128987431526184082e-01
4.835130870342254639e-01
6.252940297126770020e-01
3.914896249771118164e-01
3.919499218463897705e-01
4.099025726318359375e-01
6.094856262207031250e-01
5.995125770568847656e-01
5.064150691032409668e-01
4.251596033573150635e-01
5.699674487113952637e-01
3.485239446163177490e-01
3.890398442745208740e-01
3.628671169281005859e-01
3.887366056442260742e-01
6.299952864646911621e-01
5.779269933700561523e-01
3.552271425724029541e-01
4.626150131225585938e-01
5.848423838615417480e-01
5.872215032577514648e-01
6.152766346931457520e-01
3.632597625255584717e-01
3.520778417587280273e-01
6.201565265655517578e-01
6.179451942443847656e-01
5.872702598571777344e-01
3.654111027717590332e-01
5.429605245590209961e-01
6.218150258064270020e-01
5.072590112686157227e-01
5.911727547645568848e-01
5.248946547508239746e-01
4.544596970081329346e-01
6.256076693534851074e-01
3.518254160881042480e-01
5.453172326087951660e-01
6.200271844863891602e-01
5.338361263275146484e-01
3.457687795162200928e-01
6.186109781265258789e-01
4.509331881999969482e-01
3.485456407070159912e-01
3.596978783607482910e-01
6.275047063827514648e-01
6.179324388504028320e-01
4.635024368762969971e-01
4.211773574352264404e-01
5.766546726226806641e-01
3.589443564414978027e-01
5.333144068717956543e-01
6.129276156425476074e-01
3.606069684028625488e-01
6.223904490470886230e-01
3.573059737682342529e-01
6.207664608955383301e-01
5.179259777069091797e-01
5.074094533920288086e-01
3.618307709693908691e-01
4.050756394863128662e-01
5.354373455047607422e-01
3.457036614418029785e-01
3.611096143722534180e-01
4.435450136661529541e-01
5.266126990318298340e-01
3.675357997417449951e-01
5.953084230422973633e-01
3.431165218353271484e-01
4.925870597362518311e-01
5.908151865005493164e-01
3.617950975894927979e-01
5.870891213417053223e-01
5.711295604705810547e-01
4.055072367191314697e-01
5.590430498123168945e-01
6.063090562820434570e-01
6.239978671073913574e-01
4.770483374595642090e-01
3.570659160614013672e-01
4.189153313636779785e-01
6.208330392837524414e-01
4.455845654010772705e-01
6.223138570785522461e-01
6.104953885078430176e-01
5.984500050544738770e-01
4.584178328514099121e-01
5.514499545097351074e-01
3.553469479084014893e-01
3.551609218120574951e-01
3.547714650630950928e-01
3.840104341506958008e-01
4.077118337154388428e-01
3.488262295722961426e-01
3.591428101062774658e-01
3.943223953247070312e-01
5.484488606452941895e-01
3.895046114921569824e-01
3.528207242488861084e-01
5.156337618827819824e-01
3.871000111103057861e-01
6.019632220268249512e-01
5.823564529418945312e-01
3.615984916687011719e-01
4.414507448673248291e-01
5.998476743698120117e-01
5.322250127792358398e-01
4.925163984298706055e-01
6.151766777038574219e-01
4.842177629470825195e-01
4.779993891716003418e-01
6.182733774185180664e-01
3.680355548858642578e-01
4.908820092678070068e-01
3.991247713565826416e-01
3.851834237575531006e-01
3.721702396869659424e-01
3.580536842346191406e-01
3.543755412101745605e-01
3.840454518795013428e-01
4.152717590332031250e-01
4.013197720050811768e-01
4.965564310550689697e-01
3.757491707801818848e-01
3.697186112403869629e-01
3.705357611179351807e-01
3.826517462730407715e-01
3.539875447750091553e-01
3.701847195625305176e-01
3.800266385078430176e-01
4.172784090042114258e-01
6.234800219535827637e-01
3.509003818035125732e-01
6.200172305107116699e-01
4.683520197868347168e-01
5.027026534080505371e-01
5.001944899559020996e-01
5.071754455566406250e-01
3.467493057250976562e-01
3.819765448570251465e-01
5.732154250144958496e-01
3.712727725505828857e-01
4.414561390876770020e-01
3.649386465549468994e-01
4.204874336719512939e-01
4.274283051490783691e-01
3.763270378112792969e-01
3.684964478015899658e-01
5.610325932502746582e-01
3.717674911022186279e-01
5.590548515319824219e-01
4.137478172779083252e-01
4.641331434249877930e-01
4.466980695724487305e-01
5.481313467025756836e-01
5.360221862792968750e-01
4.594661593437194824e-01
3.959511220455169678e-01
4.832113087177276611e-01
6.033913493156433105e-01
5.040608048439025879e-01
3.539111912250518799e-01
6.035587191581726074e-01
4.786283969879150391e-01
5.950639247894287109e-01
5.266005396842956543e-01
5.929431319236755371e-01
3.635376393795013428e-01
5.408714413642883301e-01
6.159945130348205566e-01
3.692111670970916748e-01
5.975480675697326660e-01
4.916147887706756592e-01
5.928922891616821289e-01
5.706544518470764160e-01
5.141986012458801270e-01
3.962805867195129395e-01
3.941791355609893799e-01
4.172990322113037109e-01
4.008322954177856445e-01
3.703145980834960938e-01
5.977979302406311035e-01
3.638086915016174316e-01
4.234049916267395020e-01
5.980116128921508789e-01
5.199524164199829102e-01
5.745828151702880859e-01
6.256317496299743652e-01
5.298569798469543457e-01
4.563185572624206543e-01
3.731988370418548584e-01
4.601267576217651367e-01
4.112850129604339600e-01
3.618283271789550781e-01
3.799234628677368164e-01
5.260197520256042480e-01
5.865215063095092773e-01
4.506288170814514160e-01
5.129868388175964355e-01
4.357410669326782227e-01
6.245745420455932617e-01
5.774207115173339844e-01
3.682107925415039062e-01
3.824779093265533447e-01
6.211361885070800781e-01
4.738438725471496582e-01
4.288961887359619141e-01
3.513247370719909668e-01
4.967544674873352051e-01
3.460909724235534668e-01
5.987191796302795410e-01
6.065847873687744141e-01
6.094172596931457520e-01
3.973726034164428711e-01
6.052781343460083008e-01
5.621585249900817871e-01
5.753396749496459961e-01
4.363259971141815186e-01
3.493451178073883057e-01
5.437439084053039551e-01
5.295029282569885254e-01
3.446511626243591309e-01
3.592295348644256592e-01
6.214222908020019531e-01
4.800750017166137695e-01
5.869390368461608887e-01
4.949144423007965088e-01
3.572242259979248047e-01
5.707185864448547363e-01
4.250235259532928467e-01
4.983471632003784180e-01
4.063728153705596924e-01
5.473273396492004395e-01
5.766295790672302246e-01
6.004141569137573242e-01
5.743215084075927734e-01
5.975088477134704590e-01
5.400269031524658203e-01
4.970023334026336670e-01
3.993680775165557861e-01
6.059014201164245605e-01
3.741394281387329102e-01
5.949516892433166504e-01
4.159676730632781982e-01
3.544889092445373535e-01
3.550077080726623535e-01
3.883350193500518799e-01
5.990804433822631836e-01
5.745706558227539062e-01
4.938416779041290283e-01
4.298208951950073242e-01
3.592654466629028320e-01
4.959243535995483398e-01
3.513072133064270020e-01
5.966663956642150879e-01
4.233528375625610352e-01
4.114487767219543457e-01
5.930363535881042480e-01
4.004875123500823975e-01
5.517656803131103516e-01
5.011824965476989746e-01
5.690711140632629395e-01
4.202005565166473389e-01
5.877566337585449219e-01
5.312809944152832031e-01
3.430334925651550293e-01
5.858397483825683594e-01
5.778581500053405762e-01
4.701896309852600098e-01
3.492262959480285645e-01
6.180408000946044922e-01
3.747758865356445312e-01
4.245384335517883301e-01
5.921317934989929199e-01
5.529977679252624512e-01
3.462406098842620850e-01
5.490720272064208984e-01
3.897145092487335205e-01
6.008458137512207031e-01
6.238179206848144531e-01
3.466374278068542480e-01
5.705981254577636719e-01
6.253312826156616211e-01
5.532568097114562988e-01
4.156835079193115234e-01
6.009771823883056641e-01
3.681299686431884766e-01
6.050246953964233398e-01
3.497160673141479492e-01
3.998998403549194336e-01
6.170753836631774902e-01
3.464110493659973145e-01
5.002278089523315430e-01
4.439923167228698730e-01
4.180791676044464111e-01
4.244852662086486816e-01
3.696204721927642822e-01
5.624931454658508301e-01
3.961769640445709229e-01
6.221088767051696777e-01
5.807667970657348633e-01
3.684224486351013184e-01
5.280625224113464355e-01
4.018492400646209717e-01
6.007956266403198242e-01
5.862523317337036133e-01
4.161134064197540283e-01
3.857713043689727783e-01
3.542420268058776855e-01
5.669382810592651367e-01
6.201519370079040527e-01
5.600081682205200195e-01
6.180559992790222168e-01
4.042202532291412354e-01
5.036948323249816895e-01
3.602215647697448730e-01
6.168619394302368164e-01
3.568000793457031250e-01
3.754946291446685791e-01
6.151390671730041504e-01
6.189558506011962891e-01
6.052464246749877930e-01
5.325015783309936523e-01
4.193925261497497559e-01
6.112974286079406738e-01
5.899398922920227051e-01
3.535776734352111816e-01
4.717058241367340088e-01
3.521459400653839111e-01
5.612384080886840820e-01
6.182696223258972168e-01
5.915237069129943848e-01
5.547618865966796875e-01
3.611162006855010986e-01
6.150619983673095703e-01
3.988437652587890625e-01
4.062673449516296387e-01
5.824757814407348633e-01
4.334742724895477295e-01
4.413225054740905762e-01
6.209443807601928711e-01
3.731026351451873779e-01
4.326788485050201416e-01
6.224871277809143066e-01
5.863721966743469238e-01
4.804601371288299561e-01
4.275802075862884521e-01
6.109880208969116211e-01
6.139122247695922852e-01
4.591888487339019775e-01
3.581584990024566650e-01
5.821158885955810547e-01
4.007519781589508057e-01
3.521122336387634277e-01
3.698553442955017090e-01
3.744569122791290283e-01
3.686769902706146240e-01
3.507093191146850586e-01
3.593643605709075928e-01
5.807082653045654297e-01
4.661515653133392334e-01
3.571405112743377686e-01
3.737881183624267578e-01
4.416967630386352539e-01
3.635407984256744385e-01
5.331583619117736816e-01
3.611113429069519043e-01
3.864962160587310791e-01
3.476761281490325928e-01
5.176041722297668457e-01
5.328078866004943848e-01
5.803241729736328125e-01
3.789904415607452393e-01
3.587765097618103027e-01
3.647564649581909180e-01
3.711637258529663086e-01
3.832451701164245605e-01
3.649986982345581055e-01
6.238151192665100098e-01
6.214944720268249512e-01
4.530958235263824463e-01
4.702960252761840820e-01
3.467764854431152344e-01
6.069066524505615234e-01
3.682482540607452393e-01
5.351030230522155762e-01
5.837603807449340820e-01
6.093835234642028809e-01
5.331140756607055664e-01
4.036457240581512451e-01
3.545584678649902344e-01
3.666930496692657471e-01
3.747929036617279053e-01
3.703245222568511963e-01
4.910688996315002441e-01
3.592782318592071533e-01
6.271141171455383301e-01
6.231428980827331543e-01
5.772383809089660645e-01
6.251065731048583984e-01
3.543748855590820312e-01
6.276106834411621094e-01
4.831511676311492920e-01
4.963764548301696777e-01
3.501885235309600830e-01
3.756786286830902100e-01
4.869769215583801270e-01
4.439681172370910645e-01
5.456557273864746094e-01
3.486393392086029053e-01
3.542387485504150391e-01
3.445484340190887451e-01
3.996454775333404541e-01
6.236299276351928711e-01
4.027233123779296875e-01
3.848858177661895752e-01
3.606694042682647705e-01
3.526535332202911377e-01
5.774949193000793457e-01
4.579139351844787598e-01
6.229670643806457520e-01
5.930014252662658691e-01
3.834774792194366455e-01
3.681680858135223389e-01
3.576687276363372803e-01
6.003034710884094238e-01
6.185156106948852539e-01
6.110628247261047363e-01
4.059545099735260010e-01
4.306894540786743164e-01
3.731581866741180420e-01
3.879173994064331055e-01
4.636986851692199707e-01
6.072164773941040039e-01
3.532048463821411133e-01
6.219713091850280762e-01
5.431197881698608398e-01
5.367369651794433594e-01
3.698474466800689697e-01
3.499622642993927002e-01
5.717297792434692383e-01
6.121094822883605957e-01
3.494722843170166016e-01
3.678351938724517822e-01
4.881014823913574219e-01
5.607931017875671387e-01
3.555106818675994873e-01
4.540858268737792969e-01
3.688965141773223877e-01
4.036487042903900146e-01
6.164095401763916016e-01
3.424458801746368408e-01
4.645027816295623779e-01
5.772186517715454102e-01
3.508774936199188232e-01
4.365165233612060547e-01
3.520620167255401611e-01
5.822785496711730957e-01
6.107506155967712402e-01
6.141871213912963867e-01
3.557190895080566406e-01
6.162028312683105469e-01
5.858277678489685059e-01
5.622003674507141113e-01
3.910053372383117676e-01
3.872037827968597412e-01
5.793059468269348145e-01
6.224603652954101562e-01
5.967274904251098633e-01
3.983851969242095947e-01
4.658295810222625732e-01
5.826162099838256836e-01
3.468989729881286621e-01
3.613965809345245361e-01
6.011705994606018066e-01
5.582105517387390137e-01
5.372715592384338379e-01
5.296552181243896484e-01
3.649886548519134521e-01
4.069980680942535400e-01
3.551606535911560059e-01
5.916856527328491211e-01
5.702741742134094238e-01
3.508684337139129639e-01
5.773611068725585938e-01
5.386341810226440430e-01
3.425741493701934814e-01
3.527725934982299805e-01
5.987733602523803711e-01
5.953138470649719238e-01
4.105187356472015381e-01
3.957965075969696045e-01
3.766205310821533203e-01
5.877104997634887695e-01
4.496368765830993652e-01
5.201709270477294922e-01
3.603144884109497070e-01
4.545385837554931641e-01
4.391136765480041504e-01
6.159046888351440430e-01
3.474164009094238281e-01
6.037479639053344727e-01
3.609966635704040527e-01
6.258938908576965332e-01
4.923958778381347656e-01
5.600799918174743652e-01
3.475765287876129150e-01
5.084726214408874512e-01
3.532209694385528564e-01
5.881571769714355469e-01
6.228729486465454102e-01
4.159174859523773193e-01
4.899651408195495605e-01
4.025982618331909180e-01
4.836980104446411133e-01
3.549717068672180176e-01
4.329221248626708984e-01
5.208917260169982910e-01
6.165918707847595215e-01
4.804377257823944092e-01
3.845315575599670410e-01
4.469471871852874756e-01
3.885436058044433594e-01
3.612120449542999268e-01
3.734971582889556885e-01
3.618235290050506592e-01
6.016085147857666016e-01
3.527410924434661865e-01
6.059180498123168945e-01
3.463652133941650391e-01
5.146035552024841309e-01
5.675382614135742188e-01
4.500863254070281982e-01
5.170356035232543945e-01
4.626934826374053955e-01
5.853452086448669434e-01
3.987790048122406006e-01
5.745321512222290039e-01
5.101141929626464844e-01
3.510426580905914307e-01
4.559982717037200928e-01
4.767010807991027832e-01
6.218281388282775879e-01
5.653553605079650879e-01
5.487990379333496094e-01
3.563875854015350342e-01
3.423914015293121338e-01
4.508805871009826660e-01
3.749643862247467041e-01
5.439133644104003906e-01
4.883645176887512207e-01
3.725587129592895508e-01
6.033750772476196289e-01
5.238516330718994141e-01
3.676409125328063965e-01
5.296105146408081055e-01
4.653103351593017578e-01
5.841943621635437012e-01
4.090581834316253662e-01
3.536464869976043701e-01
5.985102057456970215e-01
5.848028659820556641e-01
3.453730940818786621e-01
5.879119038581848145e-01
6.161219477653503418e-01
5.804159045219421387e-01
3.932785987854003906e-01
5.525393486022949219e-01
3.820491731166839600e-01
3.920679986476898193e-01
4.389834702014923096e-01
5.318299531936645508e-01
4.298815131187438965e-01
3.753691017627716064e-01
6.221264004707336426e-01
6.017431616783142090e-01
5.881794095039367676e-01
3.498708903789520264e-01
3.875533640384674072e-01
5.712201595306396484e-01
5.744894742965698242e-01
3.515287935733795166e-01
4.796109199523925781e-01
3.645274043083190918e-01
5.862710475921630859e-01
4.363496899604797363e-01
6.109318137168884277e-01
3.505973815917968750e-01
6.085991263389587402e-01
5.911865234375000000e-01
3.499073088169097900e-01
6.125006675720214844e-01
5.566780567169189453e-01
3.584093153476715088e-01
5.835231542587280273e-01
3.779528737068176270e-01
3.495576083660125732e-01
5.656114220619201660e-01
5.292263627052307129e-01
5.815399289131164551e-01
5.478985309600830078e-01
3.583990633487701416e-01
5.644470453262329102e-01
5.921592116355895996e-01
5.590350031852722168e-01
5.611995458602905273e-01
6.257724165916442871e-01
5.874433517456054688e-01
6.172404885292053223e-01
3.990107476711273193e-01
6.026647686958312988e-01
4.619962871074676514e-01
5.841546654701232910e-01
6.208867430686950684e-01
5.215820074081420898e-01
3.633545339107513428e-01
5.493978857994079590e-01
5.405521988868713379e-01
6.213611364364624023e-01
3.642934858798980713e-01
4.989790320396423340e-01
4.172384738922119141e-01
5.902007222175598145e-01
3.524253964424133301e-01
4.064600169658660889e-01
3.790368139743804932e-01
5.613053441047668457e-01
5.250735282897949219e-01
3.693357110023498535e-01
4.970876276493072510e-01
4.030595719814300537e-01
3.496724367141723633e-01
4.006457328796386719e-01
3.558097779750823975e-01
5.779366493225097656e-01
4.108758866786956787e-01
3.519189655780792236e-01
3.560487329959869385e-01
3.570277988910675049e-01
5.974880456924438477e-01
3.598637282848358154e-01
6.108718514442443848e-01
4.292040765285491943e-01
3.841389417648315430e-01
3.707447946071624756e-01
5.973930954933166504e-01
5.881389379501342773e-01
5.978857874870300293e-01
5.291981697082519531e-01
5.799483060836791992e-01
6.259074211120605469e-01
5.494086742401123047e-01
4.716081917285919189e-01
6.112625002861022949e-01
3.616059720516204834e-01
3.647920489311218262e-01
5.249686241149902344e-01
3.445880413055419922e-01
5.428617000579833984e-01
4.702185094356536865e-01
3.616451323032379150e-01
6.112543344497680664e-01
5.309087038040161133e-01
6.177098155021667480e-01
6.044196486473083496e-01
3.620333969593048096e-01
5.183879733085632324e-01
6.051728129386901855e-01
3.562027215957641602e-01
4.250988364219665527e-01
6.211221814155578613e-01
3.743732273578643799e-01
5.019115805625915527e-01
3.986212611198425293e-01
4.820866286754608154e-01
3.736711442470550537e-01
3.824708759784698486e-01
3.684569597244262695e-01
3.958968520164489746e-01
3.520089089870452881e-01
4.207174479961395264e-01
6.015387177467346191e-01
3.555651605129241943e-01
5.784587264060974121e-01
3.586701750755310059e-01
3.636673986911773682e-01
4.504104554653167725e-01
3.461513817310333252e-01
3.889095485210418701e-01
5.381240248680114746e-01
6.246477365493774414e-01
6.176362037658691406e-01
6.021971106529235840e-01
3.751688897609710693e-01
6.116509437561035156e-01
5.466921925544738770e-01
4.045782983303070068e-01
3.729731738567352295e-01
6.203427910804748535e-01
5.883801579475402832e-01
4.107733368873596191e-01
4.381473660469055176e-01
3.995609581470489502e-01
3.529207110404968262e-01
3.435146808624267578e-01
5.269461870193481445e-01
3.831600248813629150e-01
3.462047576904296875e-01
3.790977299213409424e-01
5.859502553939819336e-01
3.697816133499145508e-01
5.010039806365966797e-01
5.946617126464843750e-01
4.138410687446594238e-01
4.845974147319793701e-01
5.618808269500732422e-01
3.619737327098846436e-01
4.234392642974853516e-01
4.347691535949707031e-01
4.604308605194091797e-01
5.814248323440551758e-01
4.037791490554809570e-01
4.165822267532348633e-01
5.789117217063903809e-01
3.627755343914031982e-01
3.509836196899414062e-01
5.866827368736267090e-01
3.917258977890014648e-01
5.442705750465393066e-01
6.041274666786193848e-01
5.672067403793334961e-01
5.755631327629089355e-01
5.544199943542480469e-01
3.609872162342071533e-01
6.050471067428588867e-01
4.793480336666107178e-01
5.286488533020019531e-01
4.242851436138153076e-01
3.904166221618652344e-01
5.857267379760742188e-01
4.370116293430328369e-01
3.579241335391998291e-01
5.894514322280883789e-01
5.809847712516784668e-01
5.137941241264343262e-01
3.640041351318359375e-01
4.709453284740447998e-01
4.707323014736175537e-01
6.110747456550598145e-01
4.971518814563751221e-01
6.210145354270935059e-01
6.217131614685058594e-01
4.865720868110656738e-01
3.455828130245208740e-01
3.819110691547393799e-01
6.185479760169982910e-01
4.012530744075775146e-01
4.268167316913604736e-01
5.588167905807495117e-01
4.401006102561950684e-01
5.526860952377319336e-01
3.858898580074310303e-01
6.073948144912719727e-01
5.942479372024536133e-01
3.774401545524597168e-01
5.753821730613708496e-01
3.488216400146484375e-01
3.537718951702117920e-01
5.368836522102355957e-01
6.049745678901672363e-01
6.021856665611267090e-01
6.196818947792053223e-01
5.231047272682189941e-01
3.573362529277801514e-01
3.713308870792388916e-01
5.750229358673095703e-01
5.871797204017639160e-01
5.080059766769409180e-01
6.198042631149291992e-01
5.695618987083435059e-01
3.824727237224578857e-01
3.601352870464324951e-01
3.554495871067047119e-01
4.924209713935852051e-01
3.441052138805389404e-01
6.144407391548156738e-01
3.512406051158905029e-01
5.813526511192321777e-01
6.007494330406188965e-01
5.377873778343200684e-01
5.680342912673950195e-01
4.132556617259979248e-01
5.515093803405761719e-01
4.649775028228759766e-01
6.112850308418273926e-01
3.694161176681518555e-01
4.086003303527832031e-01
4.284132421016693115e-01
4.055743515491485596e-01
4.960001707077026367e-01
5.838528275489807129e-01
5.923780202865600586e-01
3.644287586212158203e-01
6.059945225715637207e-01
6.226050257682800293e-01
5.830118060111999512e-01
5.335050821304321289e-01
6.170592904090881348e-01
5.988046526908874512e-01
4.429214000701904297e-01
3.579118549823760986e-01
6.199624538421630859e-01
3.759019374847412109e-01
3.557105958461761475e-01
5.692634582519531250e-01
5.889131426811218262e-01
3.673516511917114258e-01
4.793316125869750977e-01
3.527500629425048828e-01
3.550841808319091797e-01
3.838718831539154053e-01
3.653349876403808594e-01
6.207463145256042480e-01
5.216305255889892578e-01
3.675782680511474609e-01
3.420966565608978271e-01
5.953974127769470215e-01
4.988103806972503662e-01
3.449004888534545898e-01
5.761374235153198242e-01
5.992689132690429688e-01
3.687215149402618408e-01
5.743196606636047363e-01
3.804010152816772461e-01
3.703876137733459473e-01
5.997330546379089355e-01
5.955060720443725586e-01
4.035068154335021973e-01
6.117497682571411133e-01
4.507693350315093994e-01
3.619752228260040283e-01
5.963460803031921387e-01
3.466025888919830322e-01
3.906357884407043457e-01
4.547236859798431396e-01
3.514774441719055176e-01
3.578404188156127930e-01
5.854039788246154785e-01
6.189410090446472168e-01
4.939782321453094482e-01
3.884273767471313477e-01
3.449997901916503906e-01
6.221735477447509766e-01
3.593133389949798584e-01
5.206766724586486816e-01
4.659924209117889404e-01
6.075495481491088867e-01
3.660240173339843750e-01
6.146088242530822754e-01
4.146099686622619629e-01
4.124024510383605957e-01
4.063883125782012939e-01
3.612798154354095459e-01
3.799565732479095459e-01
5.564881563186645508e-01
5.806894898414611816e-01
6.108206510543823242e-01
3.956328332424163818e-01
3.479059040546417236e-01
5.578805208206176758e-01
3.525316119194030762e-01
5.632996559143066406e-01
3.837717771530151367e-01
3.489152491092681885e-01
4.064422845840454102e-01
3.710733056068420410e-01
6.252952218055725098e-01
3.557661771774291992e-01
3.646947741508483887e-01
6.031592488288879395e-01
5.304257273674011230e-01
4.643815159797668457e-01
3.702027499675750732e-01
5.728231072425842285e-01
4.864021837711334229e-01
4.393934607505798340e-01
3.793365657329559326e-01
6.048632860183715820e-01
4.694569408893585205e-01
5.971762537956237793e-01
3.491623401641845703e-01
3.790715336799621582e-01
3.766912519931793213e-01
3.510333597660064697e-01
6.142644882202148438e-01
5.009695291519165039e-01
3.552187085151672363e-01
5.027657747268676758e-01
3.593757152557373047e-01
5.534829497337341309e-01
5.136325359344482422e-01
5.279916524887084961e-01
3.664647340774536133e-01
4.174244999885559082e-01
6.061059236526489258e-01
6.163727045059204102e-01
3.540500700473785400e-01
5.780200362205505371e-01
6.067230701446533203e-01
3.863530158996582031e-01
4.969214200973510742e-01
5.611870884895324707e-01
5.997033715248107910e-01
3.491916656494140625e-01
4.003065526485443115e-01
3.535727262496948242e-01
5.999741554260253906e-01
5.528976917266845703e-01
3.604933619499206543e-01
4.501564204692840576e-01
5.062066316604614258e-01
5.744755864143371582e-01
3.528199195861816406e-01
5.310403704643249512e-01
5.803067088127136230e-01
3.464808166027069092e-01
5.233929753303527832e-01
3.482370674610137939e-01
5.852808356285095215e-01
3.585708737373352051e-01
3.734430670738220215e-01
5.184135437011718750e-01
5.362592339515686035e-01
4.209516346454620361e-01
3.523041903972625732e-01
5.798113942146301270e-01
6.148866415023803711e-01
5.393128991127014160e-01
5.003250837326049805e-01
4.147062301635742188e-01
5.817785263061523438e-01
5.854183435440063477e-01
3.508146405220031738e-01
4.755010008811950684e-01
4.924874007701873779e-01
6.119058728218078613e-01
5.345383286476135254e-01
6.158169507980346680e-01
5.198668837547302246e-01
5.884104371070861816e-01
3.528949618339538574e-01
5.238984227180480957e-01
3.932772278785705566e-01
4.020524322986602783e-01
5.820519328117370605e-01
6.158238053321838379e-01
3.560896217823028564e-01
5.993068814277648926e-01
6.160998940467834473e-01
3.535064458847045898e-01
6.105624437332153320e-01
5.822325348854064941e-01
5.642428398132324219e-01
3.938976824283599854e-01
4.067941606044769287e-01
3.934463262557983398e-01
5.318322777748107910e-01
4.418085217475891113e-01
3.608522415161132812e-01
6.151657700538635254e-01
6.158372163772583008e-01
5.293078422546386719e-01
4.195116460323333740e-01
6.168184876441955566e-01
3.463566899299621582e-01
6.073139309883117676e-01
6.044214963912963867e-01
3.548644483089447021e-01
5.764994025230407715e-01
3.651529252529144287e-01
5.339933037757873535e-01
5.790915489196777344e-01
5.926949977874755859e-01
5.541213154792785645e-01
4.136017858982086182e-01
3.581108152866363525e-01
5.718680620193481445e-01
6.139290928840637207e-01
3.437094390392303467e-01
4.728961884975433350e-01
6.297419071197509766e-01
6.269823908805847168e-01
4.657544791698455811e-01
6.145465970039367676e-01
4.017084538936614990e-01
6.263967156410217285e-01
5.676199793815612793e-01
3.419628739356994629e-01
4.111554920673370361e-01
6.225301623344421387e-01
6.096799969673156738e-01
6.269047856330871582e-01
4.548106193542480469e-01
5.943642854690551758e-01
6.116968989372253418e-01
3.498114645481109619e-01
4.262281358242034912e-01
5.994949340820312500e-01
4.179689586162567139e-01
5.202830433845520020e-01
5.662542581558227539e-01
4.788195788860321045e-01
4.705111682415008545e-01
6.071573495864868164e-01
5.422969460487365723e-01
5.812452435493469238e-01
3.495831191539764404e-01
3.561195433139801025e-01
3.458599746227264404e-01
5.531984567642211914e-01
6.072087883949279785e-01
5.645743012428283691e-01
5.652547478675842285e-01
3.879097700119018555e-01
6.061564087867736816e-01
3.571102321147918701e-01
3.707425594329833984e-01
5.663457512855529785e-01
3.766877949237823486e-01
5.597848892211914062e-01
5.031637549400329590e-01
3.623230159282684326e-01
6.268945932388305664e-01
5.014193654060363770e-01
5.705501437187194824e-01
5.363674759864807129e-01
3.590245842933654785e-01
3.666826188564300537e-01
3.435834348201751709e-01
3.595736920833587646e-01
5.444448590278625488e-01
4.356342554092407227e-01
4.325619935989379883e-01
6.170977354049682617e-01
5.685374736785888672e-01
3.518494665622711182e-01
4.414278864860534668e-01
4.425725638866424561e-01
3.781958520412445068e-01
5.215145349502563477e-01
4.234426021575927734e-01
6.104950308799743652e-01
5.776053071022033691e-01
4.629223644733428955e-01
4.044430255889892578e-01
3.599044978618621826e-01
4.220546185970306396e-01
5.336120128631591797e-01
6.237354874610900879e-01
4.782634079456329346e-01
3.539556264877319336e-01
4.092175662517547607e-01
6.048086881637573242e-01
3.520686328411102295e-01
4.476639032363891602e-01
6.059302091598510742e-01
5.712912678718566895e-01
3.457675874233245850e-01
4.905662238597869873e-01
6.227171421051025391e-01
4.980917870998382568e-01
3.546931445598602295e-01
6.142330765724182129e-01
3.517719507217407227e-01
6.020428538322448730e-01
6.089975237846374512e-01
3.516337871551513672e-01
4.102311432361602783e-01
3.624816238880157471e-01
4.267042577266693115e-01
5.402058362960815430e-01
4.155636727809906006e-01
4.388609826564788818e-01
5.874508023262023926e-01
3.725711703300476074e-01
3.911741673946380615e-01
6.303112506866455078e-01
4.131130278110504150e-01
5.420553088188171387e-01
6.132103800773620605e-01
6.268289685249328613e-01
4.955140650272369385e-01
5.707219243049621582e-01
3.973948657512664795e-01
6.109062433242797852e-01
3.607368469238281250e-01
5.969671607017517090e-01
6.199257373809814453e-01
3.860534429550170898e-01
5.291965007781982422e-01
4.465528726577758789e-01
4.759347438812255859e-01
3.582544922828674316e-01
3.878787755966186523e-01
5.908846259117126465e-01
5.405291914939880371e-01
3.720193803310394287e-01
4.773074686527252197e-01
3.524254262447357178e-01
4.222146570682525635e-01
3.852410912513732910e-01
3.508611321449279785e-01
4.069812595844268799e-01
3.578250408172607422e-01
4.543055891990661621e-01
5.111129879951477051e-01
6.114870309829711914e-01
5.091829895973205566e-01
4.020952582359313965e-01
5.415812134742736816e-01
3.593598604202270508e-01
6.237118840217590332e-01
5.152464509010314941e-01
3.722403049468994141e-01
5.039582252502441406e-01
6.025074720382690430e-01
3.475838601589202881e-01
4.630871117115020752e-01
5.727875828742980957e-01
4.203417897224426270e-01
5.480353832244873047e-01
3.532332777976989746e-01
4.113960266113281250e-01
3.539220690727233887e-01
3.782537579536437988e-01
3.899683952331542969e-01
3.840427696704864502e-01
6.161742210388183594e-01
5.686894059181213379e-01
6.033089756965637207e-01
3.605398833751678467e-01
3.668053746223449707e-01
4.370019435882568359e-01
3.885380625724792480e-01
6.038711071014404297e-01
6.011194586753845215e-01
3.754883408546447754e-01
3.921158313751220703e-01
3.579417467117309570e-01
3.804515898227691650e-01
3.526827692985534668e-01
5.492254495620727539e-01
6.133633255958557129e-01
4.763492941856384277e-01
5.844438672065734863e-01
3.474639058113098145e-01
5.899474620819091797e-01
6.134724020957946777e-01
5.611551403999328613e-01
5.619075894355773926e-01
3.600543439388275146e-01
4.847776591777801514e-01
5.612693428993225098e-01
6.023005247116088867e-01
5.950906872749328613e-01
3.680886924266815186e-01
3.526068627834320068e-01
5.774256587028503418e-01
3.786299824714660645e-01
3.439677953720092773e-01
6.188505291938781738e-01
5.904204249382019043e-01
6.147759556770324707e-01
3.496351838111877441e-01
4.466869831085205078e-01
3.838093280792236328e-01
3.692009747028350830e-01
5.642434358596801758e-01
3.621969819068908691e-01
3.857899904251098633e-01
5.656983852386474609e-01
3.477068841457366943e-01
3.409999310970306396e-01
4.440964162349700928e-01
3.416926562786102295e-01
4.142155051231384277e-01
6.205396056175231934e-01
5.534409284591674805e-01
5.995224714279174805e-01
5.643016695976257324e-01
6.299660801887512207e-01
4.332950711250305176e-01
3.553518652915954590e-01
5.689908266067504883e-01
5.764149427413940430e-01
4.657537043094635010e-01
3.488512337207794189e-01
5.340124964714050293e-01
4.133950471878051758e-01
3.516501188278198242e-01
3.948464989662170410e-01
3.661811649799346924e-01
3.479332029819488525e-01
4.428020119667053223e-01
5.521558523178100586e-01
3.789665400981903076e-01
4.081777036190032959e-01
6.302536129951477051e-01
4.370627403259277344e-01
3.699963092803955078e-01
5.961748957633972168e-01
4.323341846466064453e-01
5.955489873886108398e-01
5.748685002326965332e-01
3.490984737873077393e-01
5.079978108406066895e-01
4.772564172744750977e-01
3.640277981758117676e-01
4.113541543483734131e-01
5.859518647193908691e-01
3.504866659641265869e-01
3.520833253860473633e-01
4.556624889373779297e-01
3.687392175197601318e-01
4.830040633678436279e-01
5.775220394134521484e-01
3.435468971729278564e-01
5.995929241180419922e-01
5.932774543762207031e-01
6.218413710594177246e-01
4.159533977508544922e-01
6.021922826766967773e-01
4.593291580677032471e-01
3.786157071590423584e-01
3.878062069416046143e-01
5.754249095916748047e-01
3.786462247371673584e-01
6.194407343864440918e-01
3.632852435111999512e-01
3.970352709293365479e-01
3.462870419025421143e-01
4.688369035720825195e-01
4.458256959915161133e-01
4.166939854621887207e-01
5.571790337562561035e-01
4.614109396934509277e-01
4.544174671173095703e-01
3.721037805080413818e-01
5.065328478813171387e-01
6.064622998237609863e-01
3.509379029273986816e-01
4.059126079082489014e-01
4.802980422973632812e-01
5.974518060684204102e-01
3.619818985462188721e-01
3.857786953449249268e-01
3.902708590030670166e-01
3.743878006935119629e-01
5.288363099098205566e-01
5.186862945556640625e-01
6.093391180038452148e-01
3.476310968399047852e-01
4.994054436683654785e-01
6.047003269195556641e-01
3.935314714908599854e-01
6.188180446624755859e-01
3.908373713493347168e-01
6.105252504348754883e-01
5.922469496726989746e-01
3.752441406250000000e-01
3.617882728576660156e-01
5.444390177726745605e-01
3.599572479724884033e-01
4.387418031692504883e-01
4.001854360103607178e-01
4.035447835922241211e-01
6.118459701538085938e-01
5.967090129852294922e-01
5.516574382781982422e-01
5.363721251487731934e-01
5.851318836212158203e-01
4.584504365921020508e-01
3.648655712604522705e-01
4.550298452377319336e-01
6.162506937980651855e-01
3.671705126762390137e-01
3.582165539264678955e-01
5.553362369537353516e-01
3.669577240943908691e-01
3.639230132102966309e-01
4.325766563415527344e-01
3.530429899692535400e-01
5.985590219497680664e-01
6.227400898933410645e-01
4.028928279876708984e-01
3.898709416389465332e-01
6.103377342224121094e-01
5.610290765762329102e-01
3.579123616218566895e-01
3.817245066165924072e-01
3.486043214797973633e-01
5.751933455467224121e-01
3.478412628173828125e-01
5.284110307693481445e-01
5.319078564643859863e-01
3.496127128601074219e-01
3.879561722278594971e-01
5.179197788238525391e-01
5.778164267539978027e-01
3.696564435958862305e-01
4.282838404178619385e-01
4.316579699516296387e-01
3.697933256626129150e-01
5.358700156211853027e-01
6.153752207756042480e-01
6.240321993827819824e-01
3.493478000164031982e-01
6.181123852729797363e-01
6.211539506912231445e-01
5.752117037773132324e-01
5.959743261337280273e-01
6.166103482246398926e-01
4.883006215095520020e-01
4.198634326457977295e-01
3.642582893371582031e-01
6.196791529655456543e-01
3.642126023769378662e-01
5.836042761802673340e-01
3.686766922473907471e-01
3.630000650882720947e-01
4.091099500656127930e-01
4.457566142082214355e-01
3.845987319946289062e-01
5.214967727661132812e-01
5.416997075080871582e-01
6.116798520088195801e-01
5.673699378967285156e-01
4.077302515506744385e-01
5.734108090400695801e-01
3.619309961795806885e-01
6.147277355194091797e-01
6.199781298637390137e-01
4.701413512229919434e-01
5.394809842109680176e-01
5.340058803558349609e-01
3.978509604930877686e-01
5.712366700172424316e-01
6.028895974159240723e-01
4.469175338745117188e-01
5.466334223747253418e-01
3.583969175815582275e-01
3.725897371768951416e-01
6.243980526924133301e-01
3.549888432025909424e-01
3.836132586002349854e-01
4.568893909454345703e-01
5.971565246582031250e-01
5.954850912094116211e-01
6.147106289863586426e-01
3.446944355964660645e-01
3.797220289707183838e-01
6.007801294326782227e-01
5.563223361968994141e-01
5.717101693153381348e-01
6.152821779251098633e-01
4.581827223300933838e-01
5.379717946052551270e-01
6.108306646347045898e-01
4.614335000514984131e-01
5.993789434432983398e-01
4.287055730819702148e-01
4.414747357368469238e-01
4.985750615596771240e-01
5.515536665916442871e-01
5.035657286643981934e-01
4.780869483947753906e-01
5.144146084785461426e-01
4.022570550441741943e-01
3.650748431682586670e-01
4.989826083183288574e-01
5.771032571792602539e-01
4.682262241840362549e-01
6.142916083335876465e-01
3.482148647308349609e-01
6.021452546119689941e-01
3.913904726505279541e-01
6.212894320487976074e-01
6.116688847541809082e-01
4.563360214233398438e-01
4.881196320056915283e-01
5.711606740951538086e-01
6.236053109169006348e-01
3.973235785961151123e-01
4.409589767456054688e-01
3.431979119777679443e-01
3.663282096385955811e-01
5.931224822998046875e-01
3.967301845550537109e-01
5.370530486106872559e-01
3.485423922538757324e-01
3.881987035274505615e-01
3.844907283782958984e-01
4.472030401229858398e-01
5.482585430145263672e-01
5.685433149337768555e-01
4.536510109901428223e-01
3.856978416442871094e-01
5.347353219985961914e-01
5.461531877517700195e-01
5.903398990631103516e-01
5.989797115325927734e-01
5.053173303604125977e-01
3.500394225120544434e-01
3.498432934284210205e-01
5.876619815826416016e-01
5.940964221954345703e-01
4.814705848693847656e-01
6.299647688865661621e-01
4.679055511951446533e-01
4.942807257175445557e-01
3.780373930931091309e-01
6.269821524620056152e-01
3.803385794162750244e-01
3.457516729831695557e-01
6.259346008300781250e-01
4.336856603622436523e-01
6.062304973602294922e-01
4.050932526588439941e-01
4.527636766433715820e-01
4.998405575752258301e-01
3.740176558494567871e-01
6.110028028488159180e-01
4.472448229789733887e-01
3.999201655387878418e-01
4.500826597213745117e-01
5.784314870834350586e-01
4.489849805831909180e-01
3.772392868995666504e-01
3.633408546447753906e-01
5.009450912475585938e-01
5.657660961151123047e-01
5.449532866477966309e-01
6.168424487113952637e-01
5.990861654281616211e-01
5.515926480293273926e-01
3.491514325141906738e-01
3.859258890151977539e-01
3.976689577102661133e-01
5.065271258354187012e-01
3.996161222457885742e-01
3.977073132991790771e-01
5.156949162483215332e-01
5.176125764846801758e-01
3.688797652721405029e-01
6.013473272323608398e-01
6.158752441406250000e-01
3.487519025802612305e-01
5.244219899177551270e-01
6.196213364601135254e-01
5.715441107749938965e-01
5.879670977592468262e-01
5.810955166816711426e-01
4.909915924072265625e-01
4.850597679615020752e-01
4.099925458431243896e-01
6.066223382949829102e-01
4.105727076530456543e-01
4.386799335479736328e-01
5.865492224693298340e-01
5.072439908981323242e-01
3.539869785308837891e-01
3.659189045429229736e-01
5.769606828689575195e-01
4.794728159904479980e-01
4.007443189620971680e-01
6.104506850242614746e-01
4.800961017608642578e-01
3.775151968002319336e-01
3.901395201683044434e-01
3.430304825305938721e-01
3.489477038383483887e-01
5.693183541297912598e-01
3.569521307945251465e-01
4.922486543655395508e-01
3.476369082927703857e-01
5.726409554481506348e-01
3.880269229412078857e-01
4.386801123619079590e-01
3.664045333862304688e-01
3.763725459575653076e-01
3.761561512947082520e-01
4.256610870361328125e-01
5.699468851089477539e-01
5.075280070304870605e-01
4.096181690692901611e-01
6.158835291862487793e-01
4.273724257946014404e-01
4.790239632129669189e-01
6.073247194290161133e-01
4.260990321636199951e-01
4.401017129421234131e-01
5.491073131561279297e-01
5.951100587844848633e-01
5.558600425720214844e-01
5.758464336395263672e-01
6.103696823120117188e-01
3.602413535118103027e-01
3.787786364555358887e-01
5.933396816253662109e-01
3.561372160911560059e-01
3.640378117561340332e-01
6.291428804397583008e-01
5.227193832397460938e-01
3.743416965007781982e-01
3.489780426025390625e-01
5.573134422302246094e-01
4.234952628612518311e-01
5.413617491722106934e-01
5.964118838310241699e-01
5.945492386817932129e-01
3.509602844715118408e-01
3.800745308399200439e-01
5.784410238265991211e-01
3.908359408378601074e-01
6.072217226028442383e-01
3.949821889400482178e-01
5.507168769836425781e-01
6.224490404129028320e-01
6.229040622711181641e-01
3.437695503234863281e-01
5.745948553085327148e-01
6.263630390167236328e-01
