5.756176114082336426e-01
3.675833046436309814e-01
5.554021000862121582e-01
5.711581707000732422e-01
4.550481438636779785e-01
6.081004738807678223e-01
6.205493211746215820e-01
5.935674309730529785e-01
4.856760203838348389e-01
5.071785449981689453e-01
3.570905923843383789e-01
5.974743962287902832e-01
5.259992480278015137e-01
3.954660296440124512e-01
6.197298169136047363e-01
4.639358520507812500e-01
3.834370970726013184e-01
3.426634073257446289e-01
3.795195817947387695e-01
4.856576919555664062e-01
5.366887450218200684e-01
5.838088989257812500e-01
3.490874469280242920e-01
4.950197041034698486e-01
6.279604434967041016e-01
5.568847060203552246e-01
3.751535117626190186e-01
5.271712541580200195e-01
5.856189131736755371e-01
5.381188988685607910e-01
5.830364823341369629e-01
5.220266580581665039e-01
3.650609552860260010e-01
4.092962145805358887e-01
3.576774001121520996e-01
3.846284747123718262e-01
5.281205773353576660e-01
3.531417846679687500e-01
6.078401207923889160e-01
5.925807356834411621e-01
3.630168437957763672e-01
4.355719089508056641e-01
3.462392389774322510e-01
3.462660014629364014e-01
4.136772155761718750e-01
6.144806146621704102e-01
5.325369238853454590e-01
5.875070691108703613e-01
4.482876062393188477e-01
3.432678580284118652e-01
4.358190298080444336e-01
6.271894574165344238e-01
3.441754579544067383e-01
6.203713417053222656e-01
3.652954399585723877e-01
3.553612530231475830e-01
5.984013080596923828e-01
3.833836615085601807e-01
5.341521501541137695e-01
3.578920662403106689e-01
3.551611006259918213e-01
5.553458333015441895e-01
3.648992776870727539e-01
3.586923182010650635e-01
6.081036925315856934e-01
6.025153994560241699e-01
6.198124289512634277e-01
4.416239857673645020e-01
4.324979484081268311e-01
5.599506497383117676e-01
3.432192504405975342e-01
4.765779078006744385e-01
3.458267748355865479e-01
6.181387901306152344e-01
5.384398698806762695e-01
3.533202409744262695e-01
4.998989403247833252e-01
4.336733520030975342e-01
3.442900478839874268e-01
3.856022357940673828e-01
3.621742725372314453e-01
4.033238291740417480e-01
4.183256328105926514e-01
5.804144740104675293e-01
5.768054127693176270e-01
5.520013570785522461e-01
6.115536689758300781e-01
6.065447330474853516e-01
4.103641510009765625e-01
5.449782609939575195e-01
4.862493276596069336e-01
3.556563854217529297e-01
4.245050251483917236e-01
6.105036139488220215e-01
5.282821655273437500e-01
6.205973625183105469e-01
3.485916554927825928e-01
3.462896049022674561e-01
5.325338840484619141e-01
5.715792775154113770e-01
3.385079205036163330e-01
5.819841027259826660e-01
3.649539351463317871e-01
5.502952933311462402e-01
4.252066612243652344e-01
5.142465233802795410e-01
6.035498976707458496e-01
6.234326362609863281e-01
4.108321368694305420e-01
3.455115854740142822e-01
4.544744789600372314e-01
3.393302261829376221e-01
4.545682072639465332e-01
5.720378756523132324e-01
3.580804765224456787e-01
5.883684754371643066e-01
5.788068175315856934e-01
5.985019207000732422e-01
6.174086332321166992e-01
3.512422740459442139e-01
5.840206742286682129e-01
5.922739505767822266e-01
5.537652969360351562e-01
3.494251668453216553e-01
3.679586648941040039e-01
5.782940387725830078e-01
4.097533226013183594e-01
3.471794426441192627e-01
5.364639759063720703e-01
3.616019785404205322e-01
6.039735674858093262e-01
5.390643477439880371e-01
5.989711880683898926e-01
5.630881786346435547e-01
3.545226752758026123e-01
3.504123091697692871e-01
5.999436974525451660e-01
3.807274103164672852e-01
4.536991119384765625e-01
6.291418671607971191e-01
4.266883730888366699e-01
4.307090640068054199e-01
6.223099231719970703e-01
5.589598417282104492e-01
3.671813905239105225e-01
3.930717408657073975e-01
4.301649034023284912e-01
4.010555446147918701e-01
4.078693091869354248e-01
3.617377281188964844e-01
3.422907888889312744e-01
4.848985970020294189e-01
3.381507396697998047e-01
3.530476689338684082e-01
5.549280047416687012e-01
3.876582980155944824e-01
4.606941342353820801e-01
4.060477316379547119e-01
3.478865325450897217e-01
4.103273749351501465e-01
5.024975538253784180e-01
5.785459876060485840e-01
5.871258378028869629e-01
3.676229715347290039e-01
3.575870692729949951e-01
4.749627709388732910e-01
3.693501353263854980e-01
3.394058942794799805e-01
3.584773242473602295e-01
4.830221533775329590e-01
5.080988407135009766e-01
6.111561059951782227e-01
5.885680317878723145e-01
5.445421338081359863e-01
6.262664198875427246e-01
4.595863819122314453e-01
5.415787696838378906e-01
6.188284158706665039e-01
3.454788029193878174e-01
6.073486804962158203e-01
6.166192293167114258e-01
3.488754928112030029e-01
3.955646455287933350e-01
3.835398852825164795e-01
3.813082575798034668e-01
3.584801554679870605e-01
3.472586572170257568e-01
6.229551434516906738e-01
3.640172183513641357e-01
6.098194718360900879e-01
3.952330350875854492e-01
3.944568336009979248e-01
3.604995310306549072e-01
5.877966880798339844e-01
5.293356180191040039e-01
3.822067379951477051e-01
5.961733460426330566e-01
3.428564667701721191e-01
4.891135096549987793e-01
3.478879332542419434e-01
6.247996091842651367e-01
3.994829058647155762e-01
3.497067689895629883e-01
3.461262583732604980e-01
3.578272461891174316e-01
5.799995064735412598e-01
5.072900652885437012e-01
4.409806430339813232e-01
5.708411931991577148e-01
3.485219180583953857e-01
3.428606092929840088e-01
5.516526103019714355e-01
3.979433774948120117e-01
5.886650085449218750e-01
3.459968566894531250e-01
3.546218276023864746e-01
4.711144268512725830e-01
3.571779429912567139e-01
3.857056200504302979e-01
3.490413725376129150e-01
3.555452525615692139e-01
4.730127751827239990e-01
6.057928800582885742e-01
3.496408462524414062e-01
3.595017790794372559e-01
3.607506752014160156e-01
4.433449506759643555e-01
4.036529064178466797e-01
5.885741114616394043e-01
6.199752688407897949e-01
4.456425607204437256e-01
5.478087663650512695e-01
3.581457138061523438e-01
3.518949151039123535e-01
3.795233070850372314e-01
3.596367239952087402e-01
3.482258915901184082e-01
3.847606182098388672e-01
3.893212378025054932e-01
6.113206744194030762e-01
3.404187858104705811e-01
6.031784415245056152e-01
5.416867136955261230e-01
3.496098220348358154e-01
6.297200918197631836e-01
5.939100980758666992e-01
6.224394440650939941e-01
3.976144790649414062e-01
3.571082949638366699e-01
5.581316351890563965e-01
4.322531521320343018e-01
4.003021121025085449e-01
3.718650043010711670e-01
4.902537167072296143e-01
6.247111558914184570e-01
5.831156969070434570e-01
3.453486859798431396e-01
3.423070907592773438e-01
3.420202732086181641e-01
3.432233333587646484e-01
5.640115737915039062e-01
3.534757196903228760e-01
6.008588075637817383e-01
4.432665109634399414e-01
3.846518099308013916e-01
4.337078928947448730e-01
3.414805531501770020e-01
3.440293073654174805e-01
3.981883227825164795e-01
4.306807219982147217e-01
4.463124275207519531e-01
6.314111948013305664e-01
5.912788510322570801e-01
5.209200978279113770e-01
4.458540678024291992e-01
3.483711183071136475e-01
3.579237759113311768e-01
4.276282489299774170e-01
3.445082604885101318e-01
4.859605431556701660e-01
5.496743321418762207e-01
3.441784977912902832e-01
3.546865582466125488e-01
6.268200278282165527e-01
4.104044437408447266e-01
3.578984737396240234e-01
4.796794354915618896e-01
3.438070118427276611e-01
3.488393425941467285e-01
4.966832101345062256e-01
3.427087664604187012e-01
6.066039204597473145e-01
5.545800924301147461e-01
3.736504912376403809e-01
3.814165294170379639e-01
5.017957687377929688e-01
4.389820098876953125e-01
5.117795467376708984e-01
3.798250854015350342e-01
5.604109168052673340e-01
3.755034208297729492e-01
3.554206490516662598e-01
3.884703218936920166e-01
5.936769843101501465e-01
6.049305200576782227e-01
4.688313007354736328e-01
3.518926203250885010e-01
4.854893982410430908e-01
3.478643000125885010e-01
4.225656986236572266e-01
4.549071490764617920e-01
3.565500974655151367e-01
4.180355966091156006e-01
5.565830469131469727e-01
5.182986855506896973e-01
5.984533429145812988e-01
6.213669776916503906e-01
4.970844984054565430e-01
5.890794396400451660e-01
3.609786629676818848e-01
5.564143657684326172e-01
3.458054065704345703e-01
3.831346035003662109e-01
5.926367044448852539e-01
3.554342985153198242e-01
4.360311627388000488e-01
3.380318582057952881e-01
4.041598141193389893e-01
4.437156617641448975e-01
3.457295894622802734e-01
4.145182073116302490e-01
5.157133340835571289e-01
4.313309192657470703e-01
5.459987521171569824e-01
3.683224320411682129e-01
3.488685786724090576e-01
3.402802646160125732e-01
6.130491495132446289e-01
4.753020703792572021e-01
4.827572405338287354e-01
4.673878550529479980e-01
6.005809903144836426e-01
3.498817384243011475e-01
4.404643476009368896e-01
3.424847722053527832e-01
5.512366294860839844e-01
5.188146233558654785e-01
4.575145542621612549e-01
5.781219005584716797e-01
4.591763913631439209e-01
6.133655309677124023e-01
3.389661610126495361e-01
3.711889684200286865e-01
3.933949768543243408e-01
5.079844594001770020e-01
5.516188740730285645e-01
3.561166524887084961e-01
4.038650393486022949e-01
5.946428775787353516e-01
4.086362719535827637e-01
3.804818391799926758e-01
4.040382504463195801e-01
4.479262530803680420e-01
4.606017470359802246e-01
6.177077293395996094e-01
3.961310684680938721e-01
3.675255775451660156e-01
3.701672255992889404e-01
5.856810808181762695e-01
3.582508862018585205e-01
3.559989929199218750e-01
6.245610117912292480e-01
6.264166831970214844e-01
3.703854978084564209e-01
4.680550396442413330e-01
6.136351227760314941e-01
4.178036451339721680e-01
3.455239832401275635e-01
5.770735144615173340e-01
3.420587182044982910e-01
3.954409360885620117e-01
3.993868529796600342e-01
3.956574797630310059e-01
5.962728261947631836e-01
3.616421222686767578e-01
6.027203202247619629e-01
3.564745187759399414e-01
6.083212494850158691e-01
3.563788533210754395e-01
6.238763928413391113e-01
6.138767004013061523e-01
3.751902282238006592e-01
5.280295610427856445e-01
3.688488900661468506e-01
3.669412136077880859e-01
4.462884366512298584e-01
4.418655037879943848e-01
3.609680831432342529e-01
6.207979321479797363e-01
3.652492463588714600e-01
3.678205609321594238e-01
6.259438395500183105e-01
4.392814338207244873e-01
5.895287394523620605e-01
4.359024465084075928e-01
4.221157431602478027e-01
3.646121919155120850e-01
6.132234334945678711e-01
3.840119838714599609e-01
5.931107401847839355e-01
6.249244213104248047e-01
3.620041608810424805e-01
5.455146431922912598e-01
5.646719336509704590e-01
5.076508522033691406e-01
6.068766713142395020e-01
4.687646031379699707e-01
3.403733372688293457e-01
5.428928136825561523e-01
5.690698623657226562e-01
6.028826236724853516e-01
3.558552265167236328e-01
3.405298590660095215e-01
3.919972479343414307e-01
5.434749722480773926e-01
6.091493368148803711e-01
4.113139510154724121e-01
3.920150995254516602e-01
3.931473195552825928e-01
6.257610321044921875e-01
6.130981445312500000e-01
4.694452881813049316e-01
6.088196635246276855e-01
4.281921386718750000e-01
3.898510336875915527e-01
3.601443171501159668e-01
3.459390401840209961e-01
5.696628093719482422e-01
3.448337614536285400e-01
3.964640200138092041e-01
6.264518499374389648e-01
4.667322635650634766e-01
6.033200621604919434e-01
3.584633171558380127e-01
3.703268766403198242e-01
4.063759744167327881e-01
5.713647603988647461e-01
4.831694960594177246e-01
5.859168767929077148e-01
5.727289319038391113e-01
3.859844207763671875e-01
3.542885184288024902e-01
5.964711308479309082e-01
3.812499642372131348e-01
3.592438995838165283e-01
5.988902449607849121e-01
5.116474032402038574e-01
3.588743805885314941e-01
3.696285784244537354e-01
5.969199538230895996e-01
5.506352782249450684e-01
5.971774458885192871e-01
3.447427153587341309e-01
5.232184529304504395e-01
3.448720276355743408e-01
3.442065417766571045e-01
3.495580554008483887e-01
4.639846682548522949e-01
6.004904508590698242e-01
6.053901314735412598e-01
5.459711551666259766e-01
3.726049065589904785e-01
6.156468987464904785e-01
4.257593154907226562e-01
3.406732380390167236e-01
3.420252799987792969e-01
3.644384443759918213e-01
3.726848363876342773e-01
3.931990563869476318e-01
4.119291603565216064e-01
4.789541661739349365e-01
4.069063067436218262e-01
3.510536551475524902e-01
4.039926230907440186e-01
5.468894839286804199e-01
3.528531491756439209e-01
3.515475988388061523e-01
3.976423740386962891e-01
5.687515139579772949e-01
5.959647893905639648e-01
3.524122834205627441e-01
5.047111511230468750e-01
4.186409413814544678e-01
3.993716537952423096e-01
3.553311526775360107e-01
3.859580457210540771e-01
3.513311743736267090e-01
3.479484319686889648e-01
6.112639904022216797e-01
5.457274913787841797e-01
3.979988396167755127e-01
3.632546365261077881e-01
6.037089228630065918e-01
4.129935204982757568e-01
3.511317074298858643e-01
3.824676573276519775e-01
3.698917329311370850e-01
4.332828521728515625e-01
6.059225201606750488e-01
4.032815694808959961e-01
6.170257329940795898e-01
4.493189156055450439e-01
3.457180559635162354e-01
6.230965256690979004e-01
3.538064956665039062e-01
3.434781432151794434e-01
6.136538982391357422e-01
4.072553515434265137e-01
5.032219886779785156e-01
3.508333563804626465e-01
3.467638194561004639e-01
4.229286015033721924e-01
4.516924321651458740e-01
3.618518710136413574e-01
5.062283873558044434e-01
3.569763600826263428e-01
4.968179464340209961e-01
5.424510240554809570e-01
3.480937480926513672e-01
5.801873207092285156e-01
5.857771635055541992e-01
3.382179141044616699e-01
4.697632789611816406e-01
3.390797972679138184e-01
6.039136648178100586e-01
5.881146192550659180e-01
6.133702993392944336e-01
3.656739294528961182e-01
3.620910942554473877e-01
3.409283459186553955e-01
4.123142659664154053e-01
3.446004092693328857e-01
3.587895631790161133e-01
5.350160002708435059e-01
4.331634044647216797e-01
5.062647461891174316e-01
3.595799207687377930e-01
4.765062332153320312e-01
3.980509340763092041e-01
5.541478991508483887e-01
6.287291646003723145e-01
4.426275789737701416e-01
5.998963117599487305e-01
6.101071238517761230e-01
6.219171881675720215e-01
3.465114533901214600e-01
3.975391089916229248e-01
4.179599285125732422e-01
3.446982502937316895e-01
3.515038192272186279e-01
5.696244835853576660e-01
4.157851338386535645e-01
6.015164852142333984e-01
5.173838138580322266e-01
6.150107979774475098e-01
3.934381902217864990e-01
4.455765783786773682e-01
6.113768815994262695e-01
3.715372383594512939e-01
6.174170374870300293e-01
4.854419529438018799e-01
5.452680587768554688e-01
3.656815588474273682e-01
3.628563284873962402e-01
5.873540639877319336e-01
3.507845401763916016e-01
4.143697917461395264e-01
5.597927570343017578e-01
4.470850229263305664e-01
3.405110538005828857e-01
5.433193445205688477e-01
5.778557062149047852e-01
6.045832037925720215e-01
5.447871685028076172e-01
3.462150990962982178e-01
4.096318781375885010e-01
5.402909517288208008e-01
3.517033159732818604e-01
5.516996979713439941e-01
3.426226377487182617e-01
3.620513379573822021e-01
5.450247526168823242e-01
4.306913018226623535e-01
5.671780705451965332e-01
4.066166877746582031e-01
5.972781777381896973e-01
5.117882490158081055e-01
6.135915517807006836e-01
3.597478568553924561e-01
4.199022352695465088e-01
3.989531099796295166e-01
4.463617205619812012e-01
3.853630423545837402e-01
6.256612539291381836e-01
3.641156256198883057e-01
5.487177371978759766e-01
5.333459377288818359e-01
3.886178135871887207e-01
3.638555705547332764e-01
4.800873100757598877e-01
3.635890185832977295e-01
3.496980071067810059e-01
5.124825835227966309e-01
5.969493985176086426e-01
5.236430168151855469e-01
3.666048943996429443e-01
3.556065261363983154e-01
3.592478036880493164e-01
3.952979445457458496e-01
3.617417216300964355e-01
5.851500630378723145e-01
3.635021746158599854e-01
5.860614776611328125e-01
3.675031065940856934e-01
4.212891161441802979e-01
3.629356026649475098e-01
6.054314970970153809e-01
3.822116255760192871e-01
6.047767400741577148e-01
4.294441938400268555e-01
3.730044662952423096e-01
5.305748581886291504e-01
5.681029558181762695e-01
3.694438040256500244e-01
3.432017266750335693e-01
4.570617675781250000e-01
3.852669298648834229e-01
5.225986242294311523e-01
3.540385961532592773e-01
5.364875197410583496e-01
5.789241790771484375e-01
4.321351647377014160e-01
5.325866937637329102e-01
4.280670881271362305e-01
3.806627988815307617e-01
5.492641925811767578e-01
6.242010593414306641e-01
3.469346463680267334e-01
3.953249454498291016e-01
3.554875254631042480e-01
3.506872653961181641e-01
4.255449175834655762e-01
5.020915269851684570e-01
4.511809945106506348e-01
3.715046644210815430e-01
3.829536139965057373e-01
4.005008935928344727e-01
5.643752217292785645e-01
5.026948451995849609e-01
4.867430627346038818e-01
3.502191305160522461e-01
4.200913012027740479e-01
4.644382894039154053e-01
4.117522835731506348e-01
3.413293361663818359e-01
4.074774682521820068e-01
3.658518195152282715e-01
6.212811470031738281e-01
4.044885039329528809e-01
3.817881941795349121e-01
6.072411537170410156e-01
5.993036031723022461e-01
3.963509500026702881e-01
3.665825426578521729e-01
5.279164314270019531e-01
3.570018708705902100e-01
5.747479796409606934e-01
5.040835142135620117e-01
5.944060683250427246e-01
5.960459709167480469e-01
3.509785532951354980e-01
6.112260222434997559e-01
6.185922026634216309e-01
5.566390156745910645e-01
5.850008726119995117e-01
3.537065684795379639e-01
6.143217086791992188e-01
3.428026735782623291e-01
4.081572592258453369e-01
3.452242016792297363e-01
3.678160905838012695e-01
3.549989461898803711e-01
6.327517032623291016e-01
3.508170545101165771e-01
4.618616402149200439e-01
3.560391366481781006e-01
6.243683099746704102e-01
3.551671504974365234e-01
6.122594475746154785e-01
6.130867004394531250e-01
5.573703050613403320e-01
3.492696583271026611e-01
5.564448833465576172e-01
3.435371220111846924e-01
5.911919474601745605e-01
4.243434071540832520e-01
4.856477975845336914e-01
3.842318654060363770e-01
3.978974521160125732e-01
3.407193720340728760e-01
3.539016842842102051e-01
4.675782322883605957e-01
4.045037329196929932e-01
5.900433063507080078e-01
3.761113286018371582e-01
3.560178577899932861e-01
5.178672671318054199e-01
3.618207871913909912e-01
3.484016656875610352e-01
4.148315489292144775e-01
3.449414670467376709e-01
5.743155479431152344e-01
5.465171337127685547e-01
3.876225352287292480e-01
4.285629987716674805e-01
4.342603087425231934e-01
5.033829808235168457e-01
3.967459797859191895e-01
4.521452188491821289e-01
3.461818397045135498e-01
3.397040069103240967e-01
3.840073943138122559e-01
4.137545824050903320e-01
5.836083889007568359e-01
6.151073575019836426e-01
6.068159341812133789e-01
3.632600009441375732e-01
4.557685554027557373e-01
4.980120062828063965e-01
5.300890803337097168e-01
3.541619479656219482e-01
5.810279846191406250e-01
4.528926312923431396e-01
4.517269730567932129e-01
5.875558853149414062e-01
3.470700383186340332e-01
5.996871590614318848e-01
3.748551607131958008e-01
4.029252827167510986e-01
3.781802952289581299e-01
5.991435647010803223e-01
3.710290193557739258e-01
3.815314769744873047e-01
6.061433553695678711e-01
4.048468470573425293e-01
4.230515658855438232e-01
5.314838886260986328e-01
4.647292792797088623e-01
3.381861448287963867e-01
3.429601490497589111e-01
4.636549055576324463e-01
3.631467223167419434e-01
4.609837532043457031e-01
3.466859757900238037e-01
5.012118220329284668e-01
3.740462362766265869e-01
3.605259358882904053e-01
5.908523797988891602e-01
3.777522146701812744e-01
4.303219318389892578e-01
4.856698513031005859e-01
3.472455739974975586e-01
3.995837867259979248e-01
5.091548562049865723e-01
6.252281069755554199e-01
5.935572981834411621e-01
4.041161835193634033e-01
6.171407103538513184e-01
3.890106379985809326e-01
3.365183472633361816e-01
4.096021950244903564e-01
6.205072402954101562e-01
3.863903284072875977e-01
3.473864793777465820e-01
3.374457955360412598e-01
4.033381044864654541e-01
3.715675771236419678e-01
4.047360420227050781e-01
3.405686914920806885e-01
4.275126457214355469e-01
4.311723411083221436e-01
4.496068358421325684e-01
4.969409704208374023e-01
5.409070849418640137e-01
4.645791351795196533e-01
3.397549986839294434e-01
4.834997653961181641e-01
4.580329656600952148e-01
3.861685693264007568e-01
5.732697248458862305e-01
3.573056757450103760e-01
4.876018762588500977e-01
5.960863232612609863e-01
5.388712286949157715e-01
3.684253394603729248e-01
3.856799602508544922e-01
5.848157405853271484e-01
4.188624918460845947e-01
4.627669453620910645e-01
3.580633699893951416e-01
3.558678328990936279e-01
5.814049839973449707e-01
5.484733581542968750e-01
6.172075867652893066e-01
3.797846436500549316e-01
6.237268447875976562e-01
3.493185937404632568e-01
3.795399963855743408e-01
6.153987646102905273e-01
3.524314165115356445e-01
3.663141727447509766e-01
5.890395045280456543e-01
5.818414688110351562e-01
4.038046002388000488e-01
3.739831149578094482e-01
3.641722798347473145e-01
3.387626111507415771e-01
3.469937145709991455e-01
3.417154848575592041e-01
5.450242161750793457e-01
3.875715434551239014e-01
3.535506427288055420e-01
5.952419042587280273e-01
4.294298589229583740e-01
4.070509970188140869e-01
6.020317673683166504e-01
3.492056429386138916e-01
6.311575174331665039e-01
3.517061471939086914e-01
3.523097038269042969e-01
5.952601432800292969e-01
3.597867786884307861e-01
3.611018061637878418e-01
6.196639537811279297e-01
5.508058071136474609e-01
3.441760241985321045e-01
3.530279695987701416e-01
5.771097540855407715e-01
6.174774169921875000e-01
3.600626587867736816e-01
3.681341707706451416e-01
4.264587759971618652e-01
6.059278249740600586e-01
3.551250100135803223e-01
6.182681322097778320e-01
3.384585678577423096e-01
4.176296293735504150e-01
5.390087366104125977e-01
3.598771095275878906e-01
3.873180747032165527e-01
5.983827710151672363e-01
4.347916841506958008e-01
6.287590861320495605e-01
4.317867457866668701e-01
4.012311995029449463e-01
5.867139101028442383e-01
3.401822447776794434e-01
5.696607828140258789e-01
4.125870764255523682e-01
4.390507042407989502e-01
6.141770482063293457e-01
3.848479688167572021e-01
3.978952467441558838e-01
4.445133507251739502e-01
3.891908526420593262e-01
3.548688292503356934e-01
5.849874615669250488e-01
3.823246955871582031e-01
4.890505671501159668e-01
3.627708852291107178e-01
3.961187303066253662e-01
3.443834483623504639e-01
5.744160413742065430e-01
5.923323035240173340e-01
4.267716705799102783e-01
4.559350609779357910e-01
4.966431558132171631e-01
4.441725015640258789e-01
3.516406118869781494e-01
3.867394626140594482e-01
3.750753998756408691e-01
4.590760171413421631e-01
3.514322638511657715e-01
3.843699097633361816e-01
3.573907911777496338e-01
6.183480024337768555e-01
3.494289815425872803e-01
5.861195325851440430e-01
3.424611985683441162e-01
3.516639173030853271e-01
3.638073205947875977e-01
5.448950529098510742e-01
4.246133863925933838e-01
3.840463757514953613e-01
3.641667068004608154e-01
3.520528972148895264e-01
6.025124788284301758e-01
4.051449000835418701e-01
5.505802631378173828e-01
5.101228952407836914e-01
4.215497076511383057e-01
3.518632352352142334e-01
4.046201705932617188e-01
3.473034501075744629e-01
3.540742993354797363e-01
3.787710368633270264e-01
5.972967147827148438e-01
3.762197494506835938e-01
5.965924859046936035e-01
3.874408006668090820e-01
3.742207884788513184e-01
4.685552418231964111e-01
3.792661726474761963e-01
3.676333725452423096e-01
3.743548989295959473e-01
3.593472242355346680e-01
5.976266264915466309e-01
3.605638742446899414e-01
3.898541927337646484e-01
3.835509717464447021e-01
5.845947265625000000e-01
5.490067005157470703e-01
5.442657470703125000e-01
6.238911151885986328e-01
4.614563882350921631e-01
3.450718820095062256e-01
3.991247713565826416e-01
3.523819744586944580e-01
3.772343993186950684e-01
3.752587437629699707e-01
4.102624356746673584e-01
5.548747181892395020e-01
5.851907730102539062e-01
6.102753281593322754e-01
3.490357995033264160e-01
3.902088403701782227e-01
3.736157417297363281e-01
6.172569394111633301e-01
4.514227211475372314e-01
3.593356907367706299e-01
5.408429503440856934e-01
6.019666790962219238e-01
3.695766627788543701e-01
5.755296945571899414e-01
3.518772125244140625e-01
5.656421780586242676e-01
5.047293901443481445e-01
3.748624026775360107e-01
5.621045827865600586e-01
3.851623833179473877e-01
5.436488986015319824e-01
3.543159663677215576e-01
4.867509901523590088e-01
4.695031940937042236e-01
5.493762493133544922e-01
5.068857669830322266e-01
5.407269597053527832e-01
6.098179221153259277e-01
5.650785565376281738e-01
3.704636394977569580e-01
3.435148596763610840e-01
4.235752522945404053e-01
3.630810976028442383e-01
6.288316845893859863e-01
5.760189890861511230e-01
5.540299415588378906e-01
5.795472264289855957e-01
6.082173585891723633e-01
5.993345975875854492e-01
6.041646599769592285e-01
5.484948754310607910e-01
4.270666837692260742e-01
5.039515495300292969e-01
3.447923660278320312e-01
5.234771966934204102e-01
3.861196339130401611e-01
5.486073493957519531e-01
3.788440823554992676e-01
4.857493042945861816e-01
5.235480070114135742e-01
3.472107052803039551e-01
5.405251383781433105e-01
3.807301819324493408e-01
4.517309665679931641e-01
3.390830755233764648e-01
4.043641984462738037e-01
6.172443032264709473e-01
6.103222966194152832e-01
4.059379100799560547e-01
5.807909965515136719e-01
4.660597145557403564e-01
3.848698139190673828e-01
3.430690467357635498e-01
3.955302238464355469e-01
3.841785490512847900e-01
3.508660197257995605e-01
5.203811526298522949e-01
3.533978164196014404e-01
4.171101748943328857e-01
5.595689415931701660e-01
3.495382666587829590e-01
3.510975539684295654e-01
3.851684629917144775e-01
3.710180819034576416e-01
3.414299190044403076e-01
6.092495322227478027e-01
5.726628899574279785e-01
3.508331775665283203e-01
3.457662463188171387e-01
6.081277132034301758e-01
5.758305788040161133e-01
4.652989804744720459e-01
5.733662843704223633e-01
6.233088374137878418e-01
3.523998558521270752e-01
4.256295263767242432e-01
3.460549116134643555e-01
6.274688839912414551e-01
3.899435997009277344e-01
4.390201866626739502e-01
6.005156636238098145e-01
3.469122648239135742e-01
3.553333282470703125e-01
3.615190386772155762e-01
3.542825877666473389e-01
4.110233187675476074e-01
5.961380600929260254e-01
3.627766668796539307e-01
5.854228138923645020e-01
3.945139944553375244e-01
3.514800965785980225e-01
6.250865459442138672e-01
5.030251145362854004e-01
3.530176281929016113e-01
3.532460033893585205e-01
3.793326914310455322e-01
3.458777964115142822e-01
5.502244234085083008e-01
3.888722658157348633e-01
6.218285560607910156e-01
3.742854297161102295e-01
3.400722146034240723e-01
3.679150640964508057e-01
6.140665411949157715e-01
6.039891242980957031e-01
3.383878469467163086e-01
3.691143691539764404e-01
5.962054133415222168e-01
3.638507723808288574e-01
4.161893725395202637e-01
3.473817110061645508e-01
5.493544936180114746e-01
3.530455231666564941e-01
5.960562825202941895e-01
5.919384360313415527e-01
6.128528118133544922e-01
4.302230477333068848e-01
6.029829978942871094e-01
3.519962430000305176e-01
5.598438978195190430e-01
3.526400923728942871e-01
4.503168165683746338e-01
3.729155957698822021e-01
3.762613236904144287e-01
3.987026512622833252e-01
3.428403437137603760e-01
3.973072469234466553e-01
4.388751685619354248e-01
5.307779312133789062e-01
3.891845643520355225e-01
4.007902741432189941e-01
3.557313084602355957e-01
3.990382552146911621e-01
5.366783142089843750e-01
3.576627671718597412e-01
5.888442993164062500e-01
3.612205684185028076e-01
4.958981871604919434e-01
3.787706792354583740e-01
3.402251601219177246e-01
4.018481671810150146e-01
3.498447537422180176e-01
3.581041097640991211e-01
3.938577771186828613e-01
3.656599521636962891e-01
3.873409032821655273e-01
4.850828647613525391e-01
5.382974743843078613e-01
6.118338704109191895e-01
5.511196851730346680e-01
3.873513936996459961e-01
3.458559811115264893e-01
3.671109378337860107e-01
6.193744540214538574e-01
4.230327308177947998e-01
3.498629927635192871e-01
6.041932702064514160e-01
5.482093095779418945e-01
4.233317971229553223e-01
3.560057580471038818e-01
3.480336070060729980e-01
5.557146072387695312e-01
6.231910586357116699e-01
3.570911884307861328e-01
4.110577404499053955e-01
3.692930340766906738e-01
4.810103476047515869e-01
4.428545832633972168e-01
6.201106905937194824e-01
5.744622349739074707e-01
5.998749136924743652e-01
3.548682630062103271e-01
5.678543448448181152e-01
3.668316006660461426e-01
3.421595394611358643e-01
3.620572686195373535e-01
3.444176912307739258e-01
3.505346477031707764e-01
5.955188870429992676e-01
6.210564374923706055e-01
3.803435564041137695e-01
3.590237796306610107e-01
3.593315184116363525e-01
5.783950686454772949e-01
5.902575254440307617e-01
5.873234272003173828e-01
5.413709878921508789e-01
4.572403430938720703e-01
5.523117780685424805e-01
3.495340049266815186e-01
3.418554961681365967e-01
3.613549470901489258e-01
4.856248497962951660e-01
3.938830792903900146e-01
4.708924591541290283e-01
4.018964469432830811e-01
5.412453413009643555e-01
3.581801056861877441e-01
5.955159664154052734e-01
5.581567883491516113e-01
5.578397512435913086e-01
3.885929584503173828e-01
5.056937932968139648e-01
4.615598917007446289e-01
4.119184017181396484e-01
5.590854287147521973e-01
4.967692196369171143e-01
5.086347460746765137e-01
4.141791462898254395e-01
6.190279722213745117e-01
4.188587367534637451e-01
3.621145486831665039e-01
3.530804514884948730e-01
3.531890511512756348e-01
3.599992394447326660e-01
3.798823654651641846e-01
4.882861673831939697e-01
6.177379488945007324e-01
5.963073968887329102e-01
3.608965277671813965e-01
5.897327661514282227e-01
3.578583002090454102e-01
4.181039631366729736e-01
3.394383490085601807e-01
3.487038314342498779e-01
3.868278563022613525e-01
4.263674914836883545e-01
4.643749296665191650e-01
3.544755876064300537e-01
5.553452968597412109e-01
5.711926221847534180e-01
5.477197170257568359e-01
5.583124160766601562e-01
4.370432496070861816e-01
3.808522820472717285e-01
3.956893980503082275e-01
4.951495528221130371e-01
3.532073795795440674e-01
3.413292169570922852e-01
3.830155134201049805e-01
3.411225080490112305e-01
5.304298400878906250e-01
5.590558052062988281e-01
4.759480953216552734e-01
3.437793552875518799e-01
4.237387180328369141e-01
5.602891445159912109e-01
3.790729343891143799e-01
5.456947088241577148e-01
3.518387973308563232e-01
4.084411263465881348e-01
4.249404370784759521e-01
3.477628827095031738e-01
3.819740414619445801e-01
5.848389863967895508e-01
3.565397262573242188e-01
6.098929643630981445e-01
3.860467076301574707e-01
3.686703741550445557e-01
6.198374032974243164e-01
3.533957302570343018e-01
3.599096238613128662e-01
5.930079221725463867e-01
3.520506620407104492e-01
5.339372158050537109e-01
5.758892893791198730e-01
6.270842552185058594e-01
4.966489970684051514e-01
3.545008599758148193e-01
4.384122490882873535e-01
5.785204768180847168e-01
3.769994974136352539e-01
3.473487198352813721e-01
3.919185400009155273e-01
4.898080825805664062e-01
3.927810788154602051e-01
6.283208131790161133e-01
3.566428720951080322e-01
4.198978841304779053e-01
3.698073625564575195e-01
3.541327714920043945e-01
4.068291187286376953e-01
3.533051013946533203e-01
6.059851646423339844e-01
4.335190653800964355e-01
5.802228450775146484e-01
3.462096154689788818e-01
3.739142715930938721e-01
3.491005897521972656e-01
4.090467393398284912e-01
4.431653618812561035e-01
4.448071718215942383e-01
4.266056418418884277e-01
3.387404680252075195e-01
3.904980719089508057e-01
3.950775861740112305e-01
3.501671254634857178e-01
5.524985194206237793e-01
3.419005572795867920e-01
5.156677365303039551e-01
3.490441441535949707e-01
5.262448787689208984e-01
4.077430963516235352e-01
3.794980347156524658e-01
3.646028041839599609e-01
3.732292354106903076e-01
3.532716929912567139e-01
3.441611528396606445e-01
3.630298674106597900e-01
6.203400492668151855e-01
5.789781212806701660e-01
3.599371016025543213e-01
5.964955687522888184e-01
3.491848111152648926e-01
3.841712474822998047e-01
3.489746451377868652e-01
4.089438021183013916e-01
6.274209022521972656e-01
5.859534144401550293e-01
3.685605525970458984e-01
3.529463410377502441e-01
3.649887442588806152e-01
5.991095304489135742e-01
3.681472539901733398e-01
3.483989536762237549e-01
3.425818085670471191e-01
3.610954284667968750e-01
5.685826539993286133e-01
4.756565093994140625e-01
3.733255863189697266e-01
6.246057748794555664e-01
5.653838515281677246e-01
4.503077268600463867e-01
3.442109525203704834e-01
3.931761384010314941e-01
3.904223740100860596e-01
4.342720806598663330e-01
5.240026116371154785e-01
5.163640975952148438e-01
3.629060983657836914e-01
3.527399003505706787e-01
3.455613553524017334e-01
4.674568772315979004e-01
5.810534954071044922e-01
4.393118619918823242e-01
3.569023311138153076e-01
3.538271784782409668e-01
3.529814779758453369e-01
3.490119576454162598e-01
3.548710048198699951e-01
5.330261588096618652e-01
3.766412734985351562e-01
3.700143992900848389e-01
4.227925240993499756e-01
6.177748441696166992e-01
3.631294965744018555e-01
3.505454361438751221e-01
5.381623506546020508e-01
3.509717583656311035e-01
3.508881926536560059e-01
5.911396145820617676e-01
4.400960206985473633e-01
5.397381186485290527e-01
5.628255605697631836e-01
6.167582869529724121e-01
3.774435222148895264e-01
5.296374559402465820e-01
3.471848666667938232e-01
5.768119692802429199e-01
3.575334846973419189e-01
3.418338298797607422e-01
5.012100934982299805e-01
4.338950812816619873e-01
5.341274738311767578e-01
4.924840033054351807e-01
5.760072469711303711e-01
3.813423514366149902e-01
5.603215098381042480e-01
5.474129319190979004e-01
4.960285127162933350e-01
3.811692297458648682e-01
4.667100310325622559e-01
4.400367140769958496e-01
3.707997798919677734e-01
5.348749756813049316e-01
5.541701912879943848e-01
4.159007370471954346e-01
3.608462214469909668e-01
5.306409597396850586e-01
5.508515238761901855e-01
6.198562979698181152e-01
3.411394953727722168e-01
4.885724484920501709e-01
3.411529958248138428e-01
3.540604710578918457e-01
4.974328577518463135e-01
3.716128170490264893e-01
4.552711248397827148e-01
6.060418486595153809e-01
3.457078635692596436e-01
6.224386692047119141e-01
6.048126220703125000e-01
4.955822527408599854e-01
5.845297574996948242e-01
3.947415351867675781e-01
3.675689995288848877e-01
3.500117957592010498e-01
3.891959786415100098e-01
5.148444771766662598e-01
4.547429680824279785e-01
5.751948356628417969e-01
4.128894805908203125e-01
5.917992591857910156e-01
5.437601804733276367e-01
5.600072145462036133e-01
4.822952747344970703e-01
6.238669157028198242e-01
5.895829796791076660e-01
3.657786548137664795e-01
3.427326381206512451e-01
6.092245578765869141e-01
5.599923133850097656e-01
5.486182570457458496e-01
3.723212182521820068e-01
6.188316345214843750e-01
3.634387552738189697e-01
5.620391368865966797e-01
4.255688190460205078e-01
3.741977512836456299e-01
5.999340415000915527e-01
4.563544094562530518e-01
5.868835449218750000e-01
5.118417143821716309e-01
4.721117913722991943e-01
3.563934266567230225e-01
3.638658225536346436e-01
5.824530720710754395e-01
4.083385467529296875e-01
3.492243587970733643e-01
4.781546890735626221e-01
3.592629730701446533e-01
3.738009929656982422e-01
6.086762547492980957e-01
6.279060840606689453e-01
3.410251736640930176e-01
6.127527356147766113e-01
3.730978965759277344e-01
5.889383554458618164e-01
5.644796490669250488e-01
3.483468294143676758e-01
5.382909774780273438e-01
3.664749860763549805e-01
5.431830286979675293e-01
5.700974464416503906e-01
5.913984775543212891e-01
4.176696240901947021e-01
3.806765079498291016e-01
3.615974783897399902e-01
5.527105331420898438e-01
3.506760895252227783e-01
6.104161143302917480e-01
3.454641699790954590e-01
5.762733221054077148e-01
3.623581230640411377e-01
3.860626816749572754e-01
5.844163894653320312e-01
4.019430279731750488e-01
5.017807483673095703e-01
3.712617158889770508e-01
6.221315860748291016e-01
3.441968560218811035e-01
6.271864175796508789e-01
6.163145303726196289e-01
6.085283160209655762e-01
3.816556632518768311e-01
3.405928015708923340e-01
5.340867042541503906e-01
3.486413657665252686e-01
3.561024367809295654e-01
5.496657490730285645e-01
3.553459644317626953e-01
4.679408967494964600e-01
4.321345984935760498e-01
3.913346827030181885e-01
3.995992243289947510e-01
3.575688004493713379e-01
4.228329658508300781e-01
3.394279181957244873e-01
5.298915505409240723e-01
5.036411881446838379e-01
5.762898921966552734e-01
3.529552221298217773e-01
3.714525401592254639e-01
4.370390176773071289e-01
6.090916991233825684e-01
5.346316695213317871e-01
5.142046809196472168e-01
6.017906069755554199e-01
6.220437288284301758e-01
3.444564044475555420e-01
3.448493778705596924e-01
3.552368283271789551e-01
3.736906349658966064e-01
5.389052629470825195e-01
5.443648099899291992e-01
5.786212682723999023e-01
5.005556344985961914e-01
5.719090104103088379e-01
6.077871322631835938e-01
3.509968817234039307e-01
3.505341708660125732e-01
3.401544690132141113e-01
5.594181418418884277e-01
5.744243860244750977e-01
5.602145791053771973e-01
3.896845281124114990e-01
3.799061179161071777e-01
3.404560983180999756e-01
4.042248427867889404e-01
3.694056272506713867e-01
4.845722317695617676e-01
3.552722632884979248e-01
3.697218298912048340e-01
3.764475584030151367e-01
5.880807042121887207e-01
5.988908410072326660e-01
5.667666792869567871e-01
3.415555953979492188e-01
3.543738722801208496e-01
3.591742217540740967e-01
5.351127386093139648e-01
3.591011166572570801e-01
4.189031720161437988e-01
5.374247431755065918e-01
5.712102055549621582e-01
4.326995611190795898e-01
4.082863032817840576e-01
3.702887892723083496e-01
6.321038007736206055e-01
6.171723008155822754e-01
3.616410493850708008e-01
3.902672827243804932e-01
3.497476577758789062e-01
4.008086025714874268e-01
5.919644832611083984e-01
6.115833520889282227e-01
4.376408159732818604e-01
3.575091660022735596e-01
3.800451159477233887e-01
5.984720587730407715e-01
5.937933921813964844e-01
4.014889299869537354e-01
3.437077403068542480e-01
3.422197997570037842e-01
3.554205298423767090e-01
4.087382555007934570e-01
5.973017811775207520e-01
3.984492719173431396e-01
3.598971962928771973e-01
3.436970710754394531e-01
6.175935864448547363e-01
5.661014318466186523e-01
5.980287790298461914e-01
4.008264541625976562e-01
4.056151509284973145e-01
3.490940928459167480e-01
5.513429641723632812e-01
4.773215949535369873e-01
4.387023448944091797e-01
4.050400555133819580e-01
3.611101806163787842e-01
6.259723305702209473e-01
3.470892906188964844e-01
3.533059954643249512e-01
6.086680889129638672e-01
5.188276171684265137e-01
3.577397465705871582e-01
5.444555282592773438e-01
3.714751303195953369e-01
4.570052921772003174e-01
4.423574209213256836e-01
5.751610398292541504e-01
3.689863383769989014e-01
4.066009223461151123e-01
5.708537101745605469e-01
4.482845067977905273e-01
5.872204303741455078e-01
5.939379334449768066e-01
6.213002800941467285e-01
3.495843410491943359e-01
3.567740917205810547e-01
5.771663784980773926e-01
3.725493848323822021e-01
3.504640758037567139e-01
6.018629670143127441e-01
5.327327251434326172e-01
3.659734725952148438e-01
5.485225319862365723e-01
6.032119393348693848e-01
3.645925521850585938e-01
5.723273754119873047e-01
3.769530057907104492e-01
4.314413964748382568e-01
3.570070564746856689e-01
3.508222699165344238e-01
4.197124540805816650e-01
3.761393129825592041e-01
3.693909049034118652e-01
5.597533583641052246e-01
3.490583598613739014e-01
4.015766382217407227e-01
4.268108010292053223e-01
3.554138839244842529e-01
6.131966710090637207e-01
3.580640256404876709e-01
5.947895646095275879e-01
3.394930064678192139e-01
4.486055374145507812e-01
4.973617196083068848e-01
3.629590868949890137e-01
4.552642405033111572e-01
3.873541355133056641e-01
5.825954675674438477e-01
6.276227235794067383e-01
3.715006411075592041e-01
6.214700937271118164e-01
4.818152189254760742e-01
3.669545948505401611e-01
6.149185299873352051e-01
5.109127759933471680e-01
4.936873018741607666e-01
3.852513730525970459e-01
5.229784250259399414e-01
5.277281403541564941e-01
3.612633347511291504e-01
3.513021171092987061e-01
4.000029861927032471e-01
4.838308095932006836e-01
4.225074052810668945e-01
4.674193263053894043e-01
5.880517959594726562e-01
3.611492514610290527e-01
5.933191776275634766e-01
4.793834388256072998e-01
5.092839598655700684e-01
4.803358912467956543e-01
4.063680768013000488e-01
5.696290731430053711e-01
4.517967700958251953e-01
3.563053607940673828e-01
4.162188470363616943e-01
4.533624053001403809e-01
4.556371569633483887e-01
5.711088180541992188e-01
6.230936646461486816e-01
3.420071601867675781e-01
3.461672663688659668e-01
5.944592952728271484e-01
5.703722834587097168e-01
3.508281409740447998e-01
3.738265633583068848e-01
3.745263516902923584e-01
5.327089428901672363e-01
3.823560774326324463e-01
5.583790540695190430e-01
3.517668545246124268e-01
6.015092134475708008e-01
3.513531088829040527e-01
3.691630363464355469e-01
3.898617327213287354e-01
5.077992081642150879e-01
6.171114444732666016e-01
4.893151223659515381e-01
3.578295409679412842e-01
3.553856015205383301e-01
5.122916102409362793e-01
6.215010285377502441e-01
5.815029740333557129e-01
6.077652573585510254e-01
