4.205791652202606201e-01
5.000587701797485352e-01
7.952371239662170410e-01
5.393292307853698730e-01
5.893443226814270020e-01
4.857411682605743408e-01
4.845114350318908691e-01
6.192669868469238281e-01
5.924442410469055176e-01
7.588174939155578613e-01
6.488846540451049805e-01
4.654825329780578613e-01
7.406040430068969727e-01
7.449435591697692871e-01
3.917381465435028076e-01
6.866506338119506836e-01
4.473958611488342285e-01
6.315274238586425781e-01
5.009820461273193359e-01
2.272649407386779785e-01
8.102647066116333008e-01
5.792331099510192871e-01
7.293346524238586426e-01
4.740223288536071777e-01
8.388853669166564941e-01
8.636486530303955078e-01
7.329468727111816406e-01
5.071129798889160156e-01
5.289622545242309570e-01
7.457362413406372070e-01
5.014437437057495117e-01
5.677823424339294434e-01
4.218626022338867188e-01
1.932593733072280884e-01
2.524658143520355225e-01
4.182836413383483887e-01
6.066355705261230469e-01
6.440992355346679688e-01
1.651788651943206787e-01
6.660280227661132812e-01
4.677382707595825195e-01
5.827519297599792480e-01
5.452232360839843750e-01
7.701640129089355469e-01
5.559157133102416992e-01
6.712458133697509766e-01
8.291110992431640625e-01
8.484151363372802734e-01
7.390069961547851562e-01
5.578953623771667480e-01
2.712599933147430420e-01
4.544965922832489014e-01
8.028486967086791992e-01
7.338147759437561035e-01
4.744749069213867188e-01
5.743238329887390137e-01
5.036729574203491211e-01
5.651208758354187012e-01
7.472407221794128418e-01
7.478194832801818848e-01
5.693609714508056641e-01
5.158832073211669922e-01
4.669202566146850586e-01
7.771469354629516602e-01
6.581366062164306641e-01
3.435215353965759277e-01
4.353235363960266113e-01
7.881137132644653320e-01
6.581624150276184082e-01
7.119576334953308105e-01
8.528725504875183105e-01
2.974936068058013916e-01
7.934459447860717773e-01
7.180418968200683594e-01
6.762884855270385742e-01
7.533667683601379395e-01
7.746611237525939941e-01
7.015333175659179688e-01
6.505389213562011719e-01
6.701651811599731445e-01
7.568992376327514648e-01
8.548772931098937988e-01
6.191643476486206055e-01
5.730090141296386719e-01
5.476365089416503906e-01
4.949173629283905029e-01
4.163509011268615723e-01
5.220125317573547363e-01
5.081397891044616699e-01
5.818457603454589844e-01
6.100844144821166992e-01
5.776184201240539551e-01
5.833816528320312500e-01
4.784869849681854248e-01
7.980187535285949707e-01
8.809086680412292480e-01
6.888326406478881836e-01
4.958417415618896484e-01
7.241464853286743164e-01
4.951285719871520996e-01
7.943640947341918945e-01
5.488318800926208496e-01
4.040032029151916504e-01
5.359112620353698730e-01
6.673784255981445312e-01
7.864688634872436523e-01
6.726198196411132812e-01
8.254650831222534180e-01
7.311952114105224609e-01
4.739209413528442383e-01
3.465789556503295898e-01
5.640750527381896973e-01
4.365557730197906494e-01
7.814871668815612793e-01
7.303246259689331055e-01
5.284792780876159668e-01
6.835426688194274902e-01
5.611453652381896973e-01
6.440870165824890137e-01
7.427294850349426270e-01
3.507702052593231201e-01
8.685222268104553223e-01
3.196494877338409424e-01
5.048594474792480469e-01
7.781398296356201172e-01
7.130038738250732422e-01
3.337168991565704346e-01
7.911832928657531738e-01
2.883319258689880371e-01
7.089686393737792969e-01
3.372057378292083740e-01
6.992535591125488281e-01
6.540034413337707520e-01
3.883701860904693604e-01
8.310611248016357422e-01
7.694481015205383301e-01
4.028525352478027344e-01
5.283863544464111328e-01
7.509384751319885254e-01
8.535273671150207520e-01
8.506673574447631836e-01
2.979546785354614258e-01
7.379791736602783203e-01
6.547530293464660645e-01
3.386189937591552734e-01
6.682841181755065918e-01
7.826616168022155762e-01
7.612167596817016602e-01
7.691749930381774902e-01
4.487392306327819824e-01
4.422850906848907471e-01
7.318605184555053711e-01
4.241250455379486084e-01
8.461148142814636230e-01
5.122561454772949219e-01
8.255548477172851562e-01
5.309408903121948242e-01
4.434566199779510498e-01
7.928289771080017090e-01
