4.938438236713409424e-01
6.874168515205383301e-01
6.188561916351318359e-01
8.664474487304687500e-01
5.714012980461120605e-01
6.330051422119140625e-01
2.931253314018249512e-01
7.690994739532470703e-01
2.123004645109176636e-01
7.168720364570617676e-01
3.855564296245574951e-01
5.813900828361511230e-01
4.543136358261108398e-01
5.820075273513793945e-01
4.377157986164093018e-01
7.071935534477233887e-01
2.222956418991088867e-01
2.381392121315002441e-01
7.860475778579711914e-01
5.259693264961242676e-01
5.952688455581665039e-01
2.512948215007781982e-01
4.984782934188842773e-01
1.518051326274871826e-01
2.721389830112457275e-01
5.008100867271423340e-01
6.007657051086425781e-01
4.073164165019989014e-01
1.621167063713073730e-01
2.939658463001251221e-01
8.396223187446594238e-01
7.366085052490234375e-01
2.802302241325378418e-01
8.405851721763610840e-01
3.699398338794708252e-01
5.806131958961486816e-01
7.685169577598571777e-01
2.289713770151138306e-01
6.833891868591308594e-01
5.748647451400756836e-01
8.150861859321594238e-01
4.595667123794555664e-01
3.436589539051055908e-01
7.487968802452087402e-01
3.392519354820251465e-01
3.394937515258789062e-01
2.794588506221771240e-01
4.709242880344390869e-01
5.762785673141479492e-01
7.700777053833007812e-01
7.149286270141601562e-01
3.074668943881988525e-01
5.439934730529785156e-01
7.897146344184875488e-01
4.731435477733612061e-01
6.916255950927734375e-01
7.071895003318786621e-01
6.169663667678833008e-01
6.626729965209960938e-01
6.534266471862792969e-01
5.887956619262695312e-01
7.696790695190429688e-01
4.282754361629486084e-01
2.372910231351852417e-01
2.209915071725845337e-01
5.368740558624267578e-01
7.689664959907531738e-01
7.589669227600097656e-01
4.578358232975006104e-01
1.931475102901458740e-01
1.626552492380142212e-01
3.460662364959716797e-01
3.066205680370330811e-01
8.239225149154663086e-01
6.543209552764892578e-01
6.408745050430297852e-01
5.758536458015441895e-01
4.240766763687133789e-01
2.513189613819122314e-01
3.475668430328369141e-01
1.912638098001480103e-01
3.768666386604309082e-01
8.115434646606445312e-01
3.590593338012695312e-01
2.145040929317474365e-01
2.104026675224304199e-01
3.218857645988464355e-01
3.062756955623626709e-01
4.972201883792877197e-01
5.824654698371887207e-01
1.995289027690887451e-01
7.056095600128173828e-01
8.038518428802490234e-01
3.603786230087280273e-01
3.253081142902374268e-01
1.295665204524993896e-01
4.905882775783538818e-01
4.532313048839569092e-01
3.020127713680267334e-01
5.621982812881469727e-01
8.146691322326660156e-01
7.686066627502441406e-01
3.144280016422271729e-01
4.913060665130615234e-01
3.883322775363922119e-01
5.265665650367736816e-01
2.380316853523254395e-01
7.853724360466003418e-01
3.221436440944671631e-01
7.218951582908630371e-01
1.734360456466674805e-01
4.883692264556884766e-01
3.335259854793548584e-01
6.149848103523254395e-01
5.108280181884765625e-01
5.237579345703125000e-01
8.431804180145263672e-01
6.952601075172424316e-01
4.176511168479919434e-01
4.644328355789184570e-01
5.033808350563049316e-01
5.828474164009094238e-01
4.666089117527008057e-01
6.736623644828796387e-01
7.141053676605224609e-01
4.938281774520874023e-01
6.054120063781738281e-01
5.948897600173950195e-01
6.424100995063781738e-01
4.958069920539855957e-01
8.330703973770141602e-01
3.540133833885192871e-01
4.933902919292449951e-01
3.876254558563232422e-01
7.747539877891540527e-01
5.736187696456909180e-01
6.648174524307250977e-01
2.421921491622924805e-01
4.368950128555297852e-01
2.970027029514312744e-01
3.643755912780761719e-01
2.375157773494720459e-01
5.909189581871032715e-01
7.222895026206970215e-01
6.082208752632141113e-01
6.272689104080200195e-01
4.950904846191406250e-01
5.484464764595031738e-01
2.192162126302719116e-01
6.253560781478881836e-01
1.318892985582351685e-01
3.493056893348693848e-01
7.451425194740295410e-01
4.598122239112854004e-01
4.803656339645385742e-01
6.214307546615600586e-01
7.953095436096191406e-01
5.750153660774230957e-01
5.996313691139221191e-01
