1.569107174873352051e-01
5.798190832138061523e-01
1.958019435405731201e-01
4.553498625755310059e-01
1.205027326941490173e-01
6.570244431495666504e-01
4.295846521854400635e-01
1.729227751493453979e-01
7.192239165306091309e-01
5.571117997169494629e-01
3.339694142341613770e-01
4.431293904781341553e-01
6.260909438133239746e-01
4.789468348026275635e-01
6.519333124160766602e-01
5.637654662132263184e-01
1.303718686103820801e-01
2.767119407653808594e-01
3.979867994785308838e-01
5.495253801345825195e-01
2.123662531375885010e-01
4.932663440704345703e-01
5.483235716819763184e-01
3.534287810325622559e-01
2.048972398042678833e-01
5.928899049758911133e-01
8.483651280403137207e-01
3.412441909313201904e-01
4.966421127319335938e-01
5.901542901992797852e-01
8.165279626846313477e-01
5.848112106323242188e-01
7.160342931747436523e-01
3.117167949676513672e-01
4.652216136455535889e-01
2.667549252510070801e-01
2.439803928136825562e-01
5.589169859886169434e-01
3.798171579837799072e-01
4.772654771804809570e-01
5.242090225219726562e-01
3.310666978359222412e-01
4.022398889064788818e-01
8.162491321563720703e-01
7.676383852958679199e-01
3.784239590167999268e-01
5.001860857009887695e-01
4.655349254608154297e-01
7.214509844779968262e-01
6.928837895393371582e-01
6.591398715972900391e-01
3.590690195560455322e-01
2.483261078596115112e-01
7.287692427635192871e-01
8.399882912635803223e-01
4.155523777008056641e-01
4.896230697631835938e-01
2.671315371990203857e-01
3.024030625820159912e-01
4.630801379680633545e-01
2.040336430072784424e-01
1.653489917516708374e-01
3.279222249984741211e-01
3.238814175128936768e-01
6.942443847656250000e-01
3.351157605648040771e-01
5.196409225463867188e-01
5.719400644302368164e-01
3.086856901645660400e-01
6.398361921310424805e-01
6.421156525611877441e-01
3.567503988742828369e-01
7.086608409881591797e-01
8.175598382949829102e-01
2.249058336019515991e-01
3.728378117084503174e-01
4.338139295578002930e-01
4.095823168754577637e-01
2.159496843814849854e-01
5.238005518913269043e-01
7.006443738937377930e-01
5.117337703704833984e-01
1.745277792215347290e-01
6.750734448432922363e-01
5.807043910026550293e-01
4.909918308258056641e-01
4.776436984539031982e-01
5.015783905982971191e-01
7.739540934562683105e-01
2.130881547927856445e-01
5.222702026367187500e-01
2.192863225936889648e-01
2.126869112253189087e-01
4.690994024276733398e-01
3.050291836261749268e-01
3.633742034435272217e-01
6.677003502845764160e-01
4.043773710727691650e-01
5.954851508140563965e-01
5.935314297676086426e-01
4.827252328395843506e-01
3.493042886257171631e-01
4.151936471462249756e-01
4.150041639804840088e-01
3.374740779399871826e-01
6.876738071441650391e-01
3.159669637680053711e-01
7.059069871902465820e-01
2.537596821784973145e-01
7.826622128486633301e-01
2.576690316200256348e-01
6.237824559211730957e-01
3.694756329059600830e-01
3.413417339324951172e-01
4.865694940090179443e-01
4.056522250175476074e-01
3.726235330104827881e-01
4.051968753337860107e-01
6.373667716979980469e-01
6.948220133781433105e-01
3.390924632549285889e-01
2.364213019609451294e-01
4.911560714244842529e-01
1.366911977529525757e-01
4.784032702445983887e-01
6.869589090347290039e-01
1.844333410263061523e-01
4.695560634136199951e-01
4.061848819255828857e-01
4.000522792339324951e-01
3.872943520545959473e-01
5.234484672546386719e-01
5.415756106376647949e-01
1.902554780244827271e-01
2.387360483407974243e-01
6.640783548355102539e-01
4.654172658920288086e-01
1.989120244979858398e-01
5.678129792213439941e-01
4.394651651382446289e-01
2.285354584455490112e-01
5.239741802215576172e-01
6.704015135765075684e-01
2.840677201747894287e-01
3.462549746036529541e-01
1.636340916156768799e-01
5.317832231521606445e-01
2.907860577106475830e-01
3.008782267570495605e-01
5.535970330238342285e-01
7.657839059829711914e-01
7.229251265525817871e-01
2.516565024852752686e-01
4.586797058582305908e-01
1.777825206518173218e-01
8.245136141777038574e-01
4.657700359821319580e-01
3.389497399330139160e-01
