2.890126109123229980e-01
5.073534846305847168e-01
3.869031369686126709e-01
1.942685097455978394e-01
5.650046467781066895e-01
4.349454343318939209e-01
8.074755072593688965e-01
6.715066432952880859e-01
6.159421801567077637e-01
5.354614257812500000e-01
3.253690898418426514e-01
6.062490940093994141e-01
4.445185363292694092e-01
3.478414416313171387e-01
3.499779105186462402e-01
2.437936514616012573e-01
3.539541959762573242e-01
4.419662654399871826e-01
7.649432420730590820e-01
5.980124473571777344e-01
6.762428283691406250e-01
2.096021026372909546e-01
4.452575147151947021e-01
5.771902799606323242e-01
4.310325980186462402e-01
2.378505468368530273e-01
5.764881372451782227e-01
2.932124435901641846e-01
3.179987370967864990e-01
5.295608639717102051e-01
7.654378414154052734e-01
7.063900232315063477e-01
1.653798818588256836e-01
2.609876394271850586e-01
6.218718290328979492e-01
1.832222193479537964e-01
1.886718422174453735e-01
7.158965468406677246e-01
4.994570016860961914e-01
2.120269238948822021e-01
3.322978615760803223e-01
5.465999245643615723e-01
6.046748161315917969e-01
1.800439208745956421e-01
3.306556642055511475e-01
3.572184741497039795e-01
2.505838274955749512e-01
6.709021329879760742e-01
4.038792848587036133e-01
8.813002705574035645e-01
5.713660120964050293e-01
6.650217771530151367e-01
6.683415174484252930e-01
4.093924164772033691e-01
3.322561681270599365e-01
7.174113988876342773e-01
2.630461752414703369e-01
5.293477773666381836e-01
2.307863086462020874e-01
2.327027618885040283e-01
1.241989508271217346e-01
5.875580906867980957e-01
5.836373567581176758e-01
6.136017441749572754e-01
1.921046972274780273e-01
6.732932329177856445e-01
4.992151558399200439e-01
2.687664330005645752e-01
2.880017757415771484e-01
3.379037976264953613e-01
3.049746751785278320e-01
6.749363541603088379e-01
1.713190376758575439e-01
3.807583749294281006e-01
7.440752983093261719e-01
6.555588245391845703e-01
7.281868457794189453e-01
6.634365916252136230e-01
2.378283143043518066e-01
5.765680074691772461e-01
3.298856317996978760e-01
2.176115363836288452e-01
5.960822701454162598e-01
3.016130328178405762e-01
2.872756421566009521e-01
6.197035908699035645e-01
1.825533509254455566e-01
2.905188202857971191e-01
5.205168724060058594e-01
2.143313437700271606e-01
7.586711049079895020e-01
6.120089888572692871e-01
6.060090065002441406e-01
7.633889317512512207e-01
5.827514529228210449e-01
1.759878844022750854e-01
7.202039957046508789e-01
5.078092813491821289e-01
4.143063426017761230e-01
1.958983689546585083e-01
4.706037044525146484e-01
7.446306347846984863e-01
7.536235451698303223e-01
2.914399802684783936e-01
7.695717215538024902e-01
6.121086478233337402e-01
2.885739207267761230e-01
3.693121671676635742e-01
2.508776187896728516e-01
6.810138225555419922e-01
5.129243135452270508e-01
5.587159991264343262e-01
5.130235552787780762e-01
5.542905330657958984e-01
6.448789834976196289e-01
2.742420136928558350e-01
3.647869229316711426e-01
2.083804607391357422e-01
7.796123027801513672e-01
5.102064609527587891e-01
6.190275549888610840e-01
4.541098177433013916e-01
5.300414562225341797e-01
6.811012029647827148e-01
4.164407253265380859e-01
2.349550276994705200e-01
7.516195178031921387e-01
7.872501015663146973e-01
6.158968806266784668e-01
6.840348243713378906e-01
5.997036695480346680e-01
4.826633036136627197e-01
3.927153050899505615e-01
6.320249438285827637e-01
5.054018497467041016e-01
2.447814345359802246e-01
2.384642064571380615e-01
5.432591438293457031e-01
6.575431227684020996e-01
6.959581971168518066e-01
2.474093735218048096e-01
2.168571799993515015e-01
4.285007417201995850e-01
4.373640716075897217e-01
5.166293978691101074e-01
3.925336897373199463e-01
5.519530773162841797e-01
6.129102110862731934e-01
6.322361230850219727e-01
7.771708369255065918e-01
2.989303469657897949e-01
6.545630097389221191e-01
7.522786855697631836e-01
3.056596219539642334e-01
6.473095417022705078e-01
4.619646966457366943e-01
4.934487044811248779e-01
3.406297564506530762e-01
