4.421188831329345703e-01
6.479018330574035645e-01
6.194505095481872559e-01
1.320737451314926147e-01
2.357930839061737061e-01
5.919261574745178223e-01
4.796896874904632568e-01
7.823795676231384277e-01
6.100997328758239746e-01
7.997965216636657715e-01
6.706759333610534668e-01
3.872647285461425781e-01
4.208943545818328857e-01
3.693395256996154785e-01
6.280735135078430176e-01
5.360243320465087891e-01
4.223470389842987061e-01
6.060004830360412598e-01
5.295812487602233887e-01
5.658097267150878906e-01
8.137500882148742676e-01
7.239390015602111816e-01
7.183941006660461426e-01
7.299162745475769043e-01
2.830998897552490234e-01
4.941821694374084473e-01
4.535029232501983643e-01
7.296162247657775879e-01
4.056243002414703369e-01
2.399558722972869873e-01
9.016106724739074707e-01
8.499999046325683594e-01
7.005870342254638672e-01
6.857961416244506836e-01
8.521707057952880859e-01
4.704001247882843018e-01
4.111270606517791748e-01
6.861749291419982910e-01
3.393109440803527832e-01
5.108414888381958008e-01
5.759536623954772949e-01
5.545827150344848633e-01
4.124223589897155762e-01
6.791602969169616699e-01
3.097340464591979980e-01
5.495664477348327637e-01
8.979444503784179688e-01
7.169258594512939453e-01
6.026283502578735352e-01
6.695798039436340332e-01
8.278610110282897949e-01
3.154681622982025146e-01
4.366543292999267578e-01
2.931851744651794434e-01
6.749431490898132324e-01
8.838246464729309082e-01
8.796758055686950684e-01
5.897706747055053711e-01
5.900202989578247070e-01
8.978396058082580566e-01
8.473140001296997070e-01
7.456238269805908203e-01
1.453827768564224243e-01
6.306914687156677246e-01
3.362632095813751221e-01
2.547989487648010254e-01
6.996328830718994141e-01
5.077245235443115234e-01
6.933117508888244629e-01
5.644257068634033203e-01
3.419120311737060547e-01
5.096827149391174316e-01
7.844355702400207520e-01
3.912912309169769287e-01
7.050185203552246094e-01
5.742051005363464355e-01
7.514969706535339355e-01
4.330079853534698486e-01
6.147819757461547852e-01
6.293925642967224121e-01
8.262733221054077148e-01
4.655846059322357178e-01
7.836335897445678711e-01
6.514608263969421387e-01
4.853873550891876221e-01
7.769593596458435059e-01
7.627443075180053711e-01
4.422186315059661865e-01
3.371461033821105957e-01
4.928357303142547607e-01
7.507990002632141113e-01
5.382266044616699219e-01
2.532912790775299072e-01
4.201783239841461182e-01
4.524494409561157227e-01
7.267929315567016602e-01
3.227558732032775879e-01
6.195040941238403320e-01
6.704494953155517578e-01
6.450206041336059570e-01
5.440739393234252930e-01
6.122707128524780273e-01
7.874158024787902832e-01
7.079347372055053711e-01
3.783834278583526611e-01
8.838931918144226074e-01
4.630801379680633545e-01
8.402678966522216797e-01
5.413021445274353027e-01
8.547946810722351074e-01
7.922112941741943359e-01
6.416563987731933594e-01
5.838956236839294434e-01
5.192928910255432129e-01
6.710590720176696777e-01
8.261525034904479980e-01
8.536153435707092285e-01
6.199073791503906250e-01
7.138316631317138672e-01
7.960419654846191406e-01
8.993902802467346191e-01
5.245668888092041016e-01
7.551354169845581055e-01
4.024961292743682861e-01
6.477364301681518555e-01
7.038871049880981445e-01
9.011380076408386230e-01
7.227734327316284180e-01
7.456412911415100098e-01
4.105483889579772949e-01
8.428730368614196777e-01
5.114539861679077148e-01
2.415777593851089478e-01
7.124502658843994141e-01
7.667156457901000977e-01
2.804406881332397461e-01
8.395150303840637207e-01
5.798864960670471191e-01
4.129000604152679443e-01
7.826268672943115234e-01
7.542659044265747070e-01
6.802880167961120605e-01
5.210205316543579102e-01
2.708433270454406738e-01
3.388471901416778564e-01
7.365615367889404297e-01
7.821837663650512695e-01
7.262095212936401367e-01
3.569926321506500244e-01
7.654250860214233398e-01
7.443561553955078125e-01
4.833463728427886963e-01
6.228701472282409668e-01
2.997924387454986572e-01
7.493476271629333496e-01
8.471275568008422852e-01
8.563984632492065430e-01
6.322551965713500977e-01
