3.260562419891357422e-01
3.318675756454467773e-01
3.350507915019989014e-01
6.232498288154602051e-01
6.524472236633300781e-01
5.898697972297668457e-01
6.226196289062500000e-01
5.829550623893737793e-01
3.313330113887786865e-01
5.675876736640930176e-01
3.386616706848144531e-01
3.433527052402496338e-01
3.396471440792083740e-01
3.403526544570922852e-01
3.303048014640808105e-01
6.403553485870361328e-01
3.944527804851531982e-01
5.580449104309082031e-01
5.843817591667175293e-01
5.938223600387573242e-01
3.860651850700378418e-01
3.482308983802795410e-01
6.178965568542480469e-01
3.295691609382629395e-01
3.274944424629211426e-01
3.293000161647796631e-01
4.981897771358489990e-01
3.224959969520568848e-01
3.328544497489929199e-01
6.033961176872253418e-01
3.425752818584442139e-01
3.837809264659881592e-01
3.216488957405090332e-01
3.336086571216583252e-01
4.273712635040283203e-01
3.437033295631408691e-01
3.309339582920074463e-01
4.746519923210144043e-01
3.185175955295562744e-01
3.993890583515167236e-01
5.895432233810424805e-01
4.397109746932983398e-01
5.898810625076293945e-01
5.126898288726806641e-01
5.229786634445190430e-01
5.680075883865356445e-01
6.473314762115478516e-01
3.541410565376281738e-01
6.412864327430725098e-01
3.411375582218170166e-01
3.427762985229492188e-01
3.281953632831573486e-01
5.747995376586914062e-01
6.453783512115478516e-01
4.265836179256439209e-01
6.271323561668395996e-01
4.345137774944305420e-01
3.329036533832550049e-01
6.116440892219543457e-01
5.987998247146606445e-01
6.391726732254028320e-01
4.561603367328643799e-01
6.190940737724304199e-01
3.202315270900726318e-01
3.291987180709838867e-01
5.758355855941772461e-01
3.541115522384643555e-01
3.517184555530548096e-01
3.292565941810607910e-01
3.294592201709747314e-01
3.880995213985443115e-01
3.467241525650024414e-01
6.249945163726806641e-01
3.515533506870269775e-01
3.217356801033020020e-01
4.903253614902496338e-01
6.335889101028442383e-01
4.775737226009368896e-01
6.469498276710510254e-01
3.349825739860534668e-01
5.197557210922241211e-01
6.492245793342590332e-01
6.147885918617248535e-01
6.341103911399841309e-01
3.352144658565521240e-01
3.824566304683685303e-01
6.448421478271484375e-01
6.434645652770996094e-01
3.878129720687866211e-01
6.381107568740844727e-01
3.987611234188079834e-01
3.415049612522125244e-01
3.686175644397735596e-01
5.612087845802307129e-01
3.940955996513366699e-01
3.700148165225982666e-01
6.102007627487182617e-01
3.502346277236938477e-01
3.654312193393707275e-01
4.285636544227600098e-01
4.903555214405059814e-01
6.150428056716918945e-01
6.214783787727355957e-01
3.206113278865814209e-01
3.317671418190002441e-01
4.923453629016876221e-01
3.678736984729766846e-01
4.856507182121276855e-01
5.742790699005126953e-01
6.219422221183776855e-01
5.421760082244873047e-01
3.700529336929321289e-01
3.573651313781738281e-01
3.373277485370635986e-01
5.661067962646484375e-01
5.660406351089477539e-01
6.242405176162719727e-01
4.213763475418090820e-01
3.233134746551513672e-01
3.460166752338409424e-01
3.213971257209777832e-01
6.186282634735107422e-01
5.380875468254089355e-01
5.858365297317504883e-01
3.337282538414001465e-01
4.135006368160247803e-01
3.329484462738037109e-01
5.671298503875732422e-01
6.326612830162048340e-01
6.182350516319274902e-01
6.375284194946289062e-01
4.748903214931488037e-01
3.490316271781921387e-01
6.257824897766113281e-01
3.456627130508422852e-01
6.082009673118591309e-01
6.444188952445983887e-01
3.410409092903137207e-01
5.143623352050781250e-01
3.543767035007476807e-01
3.428069353103637695e-01
3.624342083930969238e-01
3.564880192279815674e-01
6.412193179130554199e-01
5.596264600753784180e-01
6.392883658409118652e-01
5.801607370376586914e-01
3.296946883201599121e-01
3.322039544582366943e-01
3.713010847568511963e-01
3.382579088211059570e-01
4.161287546157836914e-01
3.230905234813690186e-01
3.189606964588165283e-01
3.722371459007263184e-01
6.380814313888549805e-01
5.596495270729064941e-01
4.128684401512145996e-01
3.390027582645416260e-01
6.277654767036437988e-01
3.535785675048828125e-01
3.284839391708374023e-01
6.110436916351318359e-01
4.324595034122467041e-01
5.119079947471618652e-01
3.230901956558227539e-01
6.408553123474121094e-01
4.916455745697021484e-01
6.505062580108642578e-01
3.776744008064270020e-01
6.344246864318847656e-01
3.412681221961975098e-01
3.608432114124298096e-01
3.691702783107757568e-01
3.519244194030761719e-01
3.471559584140777588e-01
5.227597951889038086e-01
3.272834122180938721e-01
5.915350317955017090e-01
5.975190401077270508e-01
3.755564391613006592e-01
3.524955213069915771e-01
3.396459817886352539e-01
5.859231948852539062e-01
4.323998093605041504e-01
5.482762455940246582e-01
3.493871688842773438e-01
4.964838027954101562e-01
6.217315793037414551e-01
6.334330439567565918e-01
3.836594521999359131e-01
6.517379879951477051e-01
3.944610953330993652e-01
3.468797504901885986e-01
3.245862722396850586e-01
6.032385230064392090e-01
6.001217961311340332e-01
6.430900692939758301e-01
3.533912599086761475e-01
3.268750011920928955e-01
6.152673363685607910e-01
3.262611329555511475e-01
3.483576476573944092e-01
4.317535161972045898e-01
4.960297346115112305e-01
5.545893907546997070e-01
3.339142501354217529e-01
6.159796714782714844e-01
6.386463046073913574e-01
4.237503111362457275e-01
4.316737055778503418e-01
6.498590111732482910e-01
3.623806536197662354e-01
4.197615087032318115e-01
3.301708698272705078e-01
4.490207433700561523e-01
3.233935832977294922e-01
5.522035956382751465e-01
5.762199163436889648e-01
6.280375719070434570e-01
3.276343345642089844e-01
5.756354928016662598e-01
3.456431329250335693e-01
3.396334052085876465e-01
3.285652101039886475e-01
3.342505991458892822e-01
3.515550196170806885e-01
5.192685127258300781e-01
3.623677790164947510e-01
3.366629481315612793e-01
4.091635346412658691e-01
3.907519280910491943e-01
3.334964811801910400e-01
3.308706283569335938e-01
3.251104354858398438e-01
3.659674525260925293e-01
6.200507879257202148e-01
3.373433649539947510e-01
6.491366028785705566e-01
3.892217278480529785e-01
4.181523621082305908e-01
3.346394598484039307e-01
5.571795701980590820e-01
6.468675732612609863e-01
6.056154966354370117e-01
4.298221170902252197e-01
5.906341671943664551e-01
3.179236054420471191e-01
5.944771766662597656e-01
6.478506922721862793e-01
5.588535666465759277e-01
3.319154977798461914e-01
6.457200050354003906e-01
4.539757668972015381e-01
3.515330553054809570e-01
3.480781912803649902e-01
4.247793853282928467e-01
6.120898127555847168e-01
3.241154253482818604e-01
5.922129750251770020e-01
5.617135167121887207e-01
5.547319054603576660e-01
3.578413128852844238e-01
3.599427044391632080e-01
5.629048943519592285e-01
3.861535489559173584e-01
5.333627462387084961e-01
3.521083295345306396e-01
6.457872390747070312e-01
6.528514027595520020e-01
6.059159636497497559e-01
6.154949665069580078e-01
4.533905386924743652e-01
3.352421224117279053e-01
6.218629479408264160e-01
5.040288567543029785e-01
6.083255410194396973e-01
3.286918103694915771e-01
6.353845596313476562e-01
5.772501826286315918e-01
3.405103087425231934e-01
4.812017977237701416e-01
6.048313379287719727e-01
6.472933292388916016e-01
6.148157715797424316e-01
4.352354407310485840e-01
5.845775008201599121e-01
3.224121034145355225e-01
3.253333270549774170e-01
6.061351895332336426e-01
5.723945498466491699e-01
5.474116206169128418e-01
3.373368680477142334e-01
3.569604754447937012e-01
3.216015398502349854e-01
3.368474245071411133e-01
3.251320421695709229e-01
3.178005516529083252e-01
3.337563872337341309e-01
4.487797021865844727e-01
3.384913504123687744e-01
6.271932125091552734e-01
3.615098893642425537e-01
3.492314517498016357e-01
6.023804545402526855e-01
3.262717425823211670e-01
6.236656904220581055e-01
5.336688160896301270e-01
4.030570983886718750e-01
5.117990374565124512e-01
4.438538253307342529e-01
3.612089455127716064e-01
5.073971748352050781e-01
5.913757085800170898e-01
3.252760767936706543e-01
5.848391652107238770e-01
3.236857056617736816e-01
3.860161602497100830e-01
3.373860716819763184e-01
4.249505102634429932e-01
4.010980129241943359e-01
3.583756387233734131e-01
3.272930979728698730e-01
6.374517083168029785e-01
3.321822881698608398e-01
3.381222486495971680e-01
4.056637287139892578e-01
3.192433714866638184e-01
3.464278876781463623e-01
6.397349834442138672e-01
6.180731058120727539e-01
3.956562876701354980e-01
3.480842709541320801e-01
3.425024449825286865e-01
6.488599181175231934e-01
3.312676250934600830e-01
6.458733081817626953e-01
3.181923329830169678e-01
3.551302850246429443e-01
3.710275590419769287e-01
5.809376835823059082e-01
6.042892336845397949e-01
3.253435492515563965e-01
6.073227524757385254e-01
3.773417472839355469e-01
3.744720220565795898e-01
5.894570350646972656e-01
4.812847971916198730e-01
3.619911074638366699e-01
6.094475388526916504e-01
4.926442205905914307e-01
3.778827786445617676e-01
3.439771533012390137e-01
5.876135826110839844e-01
6.299767494201660156e-01
4.228429198265075684e-01
4.552356004714965820e-01
3.335124552249908447e-01
4.334343969821929932e-01
6.204721927642822266e-01
3.846017122268676758e-01
5.133000612258911133e-01
3.745267391204833984e-01
3.744449615478515625e-01
3.455768823623657227e-01
3.251457512378692627e-01
5.970371961593627930e-01
4.610790312290191650e-01
5.894822478294372559e-01
3.215810060501098633e-01
3.377104699611663818e-01
5.667665004730224609e-01
5.169883370399475098e-01
4.903109371662139893e-01
3.295359611511230469e-01
6.127241253852844238e-01
6.244752407073974609e-01
6.440182328224182129e-01
6.214574575424194336e-01
3.936915993690490723e-01
5.812134146690368652e-01
3.453670144081115723e-01
3.394519090652465820e-01
3.530571460723876953e-01
3.254002034664154053e-01
6.171061396598815918e-01
6.274885535240173340e-01
3.480714857578277588e-01
3.220473527908325195e-01
4.773072302341461182e-01
3.340053856372833252e-01
3.612636327743530273e-01
3.226235210895538330e-01
3.535304069519042969e-01
5.701727867126464844e-01
3.369617164134979248e-01
6.046314835548400879e-01
5.792806744575500488e-01
6.278573274612426758e-01
3.270608186721801758e-01
5.443330407142639160e-01
3.534152507781982422e-01
6.491484642028808594e-01
6.425589323043823242e-01
5.899562239646911621e-01
6.345552206039428711e-01
3.638947606086730957e-01
3.407280445098876953e-01
6.303620934486389160e-01
3.880824148654937744e-01
6.146373152732849121e-01
3.249991238117218018e-01
4.315988123416900635e-01
6.016643047332763672e-01
6.277694106101989746e-01
4.145689606666564941e-01
6.328450441360473633e-01
5.638883113861083984e-01
4.813831746578216553e-01
6.400070786476135254e-01
5.991421937942504883e-01
3.644861578941345215e-01
4.012194871902465820e-01
6.380884647369384766e-01
3.936841785907745361e-01
3.732625246047973633e-01
3.502376377582550049e-01
3.701425194740295410e-01
3.283898234367370605e-01
6.176648139953613281e-01
4.243542551994323730e-01
4.787346720695495605e-01
3.603631258010864258e-01
6.458911299705505371e-01
3.308365941047668457e-01
3.339650630950927734e-01
3.363814353942871094e-01
6.394186019897460938e-01
3.784517347812652588e-01
3.214902281761169434e-01
4.255717396736145020e-01
3.234905600547790527e-01
3.661505877971649170e-01
4.125373959541320801e-01
5.698763132095336914e-01
5.579622983932495117e-01
3.566407561302185059e-01
3.289949595928192139e-01
6.481637358665466309e-01
6.384260654449462891e-01
3.320281505584716797e-01
5.649314522743225098e-01
5.915128588676452637e-01
3.442060947418212891e-01
3.424599170684814453e-01
3.416958153247833252e-01
3.488001823425292969e-01
3.480611741542816162e-01
4.743444025516510010e-01
3.394943177700042725e-01
3.350250720977783203e-01
5.080341696739196777e-01
4.222154617309570312e-01
3.585533499717712402e-01
3.904895484447479248e-01
3.375465273857116699e-01
3.277114927768707275e-01
6.032276749610900879e-01
5.471119284629821777e-01
3.472872078418731689e-01
6.279868483543395996e-01
3.639685213565826416e-01
3.245176970958709717e-01
6.258534193038940430e-01
6.078276038169860840e-01
4.855446815490722656e-01
6.491229534149169922e-01
3.315741419792175293e-01
5.555773377418518066e-01
3.951037526130676270e-01
6.265474557876586914e-01
3.670537471771240234e-01
3.398297727108001709e-01
5.695538520812988281e-01
3.851943314075469971e-01
6.410982608795166016e-01
5.950456857681274414e-01
5.105765461921691895e-01
4.981853365898132324e-01
6.235916018486022949e-01
6.358895301818847656e-01
6.452902555465698242e-01
3.175921440124511719e-01
6.486373543739318848e-01
3.582718968391418457e-01
3.266606330871582031e-01
5.962465405464172363e-01
5.188567638397216797e-01
3.416451215744018555e-01
3.617002964019775391e-01
3.485728502273559570e-01
5.946283936500549316e-01
4.408152401447296143e-01
3.575140833854675293e-01
5.665022134780883789e-01
4.881792664527893066e-01
3.309079110622406006e-01
3.370096385478973389e-01
6.163978576660156250e-01
3.227960169315338135e-01
6.008784174919128418e-01
3.225562572479248047e-01
6.347237825393676758e-01
3.455074727535247803e-01
3.299768865108489990e-01
3.907326459884643555e-01
6.404227614402770996e-01
3.968258500099182129e-01
3.409952819347381592e-01
4.260532259941101074e-01
6.446039676666259766e-01
3.302545845508575439e-01
3.703409135341644287e-01
6.018208265304565430e-01
3.256490528583526611e-01
3.542430102825164795e-01
5.751375555992126465e-01
3.303301036357879639e-01
3.435712456703186035e-01
3.267329335212707520e-01
6.114593744277954102e-01
6.249517202377319336e-01
3.554652333259582520e-01
6.223803162574768066e-01
5.990586876869201660e-01
3.725481629371643066e-01
5.273885130882263184e-01
3.317711055278778076e-01
6.071326136589050293e-01
6.488817930221557617e-01
5.109933614730834961e-01
5.969797372817993164e-01
4.664251506328582764e-01
3.353586196899414062e-01
3.354187011718750000e-01
5.085686445236206055e-01
5.049479007720947266e-01
3.314127326011657715e-01
3.673273921012878418e-01
3.358661532402038574e-01
5.778763294219970703e-01
4.594300389289855957e-01
3.776123225688934326e-01
5.930079817771911621e-01
6.200206875801086426e-01
3.277958631515502930e-01
6.068505048751831055e-01
3.300914168357849121e-01
5.817909240722656250e-01
3.606187403202056885e-01
5.467875003814697266e-01
4.765240848064422607e-01
5.787243843078613281e-01
4.003486335277557373e-01
4.600252211093902588e-01
3.258181810379028320e-01
3.245806097984313965e-01
3.253484070301055908e-01
4.131359457969665527e-01
4.050075113773345947e-01
5.451415777206420898e-01
3.229816555976867676e-01
3.417197763919830322e-01
3.247797191143035889e-01
3.233123421669006348e-01
5.595192909240722656e-01
4.882641136646270752e-01
3.738935589790344238e-01
4.587100148200988770e-01
3.269439935684204102e-01
3.232916295528411865e-01
3.910046219825744629e-01
3.439293503761291504e-01
3.439441919326782227e-01
3.259440660476684570e-01
4.808964729309082031e-01
6.146728992462158203e-01
3.317707777023315430e-01
6.134882569313049316e-01
3.223469555377960205e-01
6.164619922637939453e-01
5.924273133277893066e-01
4.182315468788146973e-01
6.097076535224914551e-01
5.745428204536437988e-01
6.225630044937133789e-01
6.282065510749816895e-01
5.657558441162109375e-01
5.627200007438659668e-01
4.893334507942199707e-01
5.631120800971984863e-01
6.104782819747924805e-01
3.765862286090850830e-01
5.754950642585754395e-01
5.816707611083984375e-01
5.946684479713439941e-01
6.167559623718261719e-01
5.322211980819702148e-01
3.219802379608154297e-01
4.372355937957763672e-01
3.790553212165832520e-01
3.936266899108886719e-01
5.309615731239318848e-01
3.503680229187011719e-01
5.791541934013366699e-01
6.360892653465270996e-01
6.298193931579589844e-01
6.530614495277404785e-01
6.148947477340698242e-01
4.792365431785583496e-01
4.262861609458923340e-01
3.258675336837768555e-01
3.580291867256164551e-01
3.491640686988830566e-01
5.332962870597839355e-01
4.889297187328338623e-01
3.352800309658050537e-01
3.433913588523864746e-01
6.539611220359802246e-01
5.784180164337158203e-01
3.772917389869689941e-01
5.897169709205627441e-01
3.541425764560699463e-01
5.894634127616882324e-01
3.740789294242858887e-01
3.677825629711151123e-01
4.735195338726043701e-01
6.433721780776977539e-01
3.362534642219543457e-01
5.649529099464416504e-01
3.465680181980133057e-01
3.226440846920013428e-01
5.762841701507568359e-01
3.207924664020538330e-01
3.334243893623352051e-01
3.475934565067291260e-01
3.259641528129577637e-01
5.346227288246154785e-01
3.527517318725585938e-01
3.478402793407440186e-01
5.653983950614929199e-01
6.457893252372741699e-01
6.190603375434875488e-01
4.093176424503326416e-01
3.375237286090850830e-01
6.460816860198974609e-01
3.697254657745361328e-01
6.170368194580078125e-01
3.233013749122619629e-01
6.101632714271545410e-01
6.229755878448486328e-01
5.899436473846435547e-01
6.333277821540832520e-01
5.337369441986083984e-01
3.688255548477172852e-01
5.761603713035583496e-01
3.416073620319366455e-01
6.087453961372375488e-01
4.668894708156585693e-01
6.476430892944335938e-01
3.327617347240447998e-01
3.382513523101806641e-01
3.612832427024841309e-01
5.510591864585876465e-01
4.969125986099243164e-01
6.417512297630310059e-01
4.989040791988372803e-01
6.086870431900024414e-01
4.391484260559082031e-01
3.480498790740966797e-01
5.032924413681030273e-01
4.445043504238128662e-01
6.248268485069274902e-01
6.045507192611694336e-01
3.285291194915771484e-01
6.363934874534606934e-01
3.237684667110443115e-01
6.396939158439636230e-01
5.586900115013122559e-01
6.253722310066223145e-01
3.476822078227996826e-01
3.342149853706359863e-01
6.076309680938720703e-01
3.525688350200653076e-01
4.514817297458648682e-01
3.301155865192413330e-01
6.486139297485351562e-01
4.459616243839263916e-01
3.487564325332641602e-01
6.414708495140075684e-01
3.185409009456634521e-01
6.377556324005126953e-01
3.418545722961425781e-01
6.111189126968383789e-01
4.386601746082305908e-01
5.429638028144836426e-01
6.236053109169006348e-01
3.199988901615142822e-01
3.836479485034942627e-01
3.196701109409332275e-01
3.232136964797973633e-01
5.760409832000732422e-01
3.755022585391998291e-01
6.308116316795349121e-01
5.555102229118347168e-01
5.404466986656188965e-01
3.373625576496124268e-01
3.406303822994232178e-01
3.491684198379516602e-01
3.297031223773956299e-01
3.449936509132385254e-01
5.135910511016845703e-01
6.426944732666015625e-01
5.069051980972290039e-01
4.118350148200988770e-01
3.514819145202636719e-01
6.438872218132019043e-01
3.337370753288269043e-01
3.301364779472351074e-01
3.863188624382019043e-01
6.375523805618286133e-01
6.282405257225036621e-01
4.047204256057739258e-01
3.405210971832275391e-01
4.260907173156738281e-01
6.377505064010620117e-01
3.762820065021514893e-01
4.833373725414276123e-01
4.460082948207855225e-01
3.283627927303314209e-01
6.404693126678466797e-01
5.979212522506713867e-01
6.402961611747741699e-01
5.636598467826843262e-01
6.393910050392150879e-01
4.388931989669799805e-01
3.287641108036041260e-01
5.962275266647338867e-01
3.346601426601409912e-01
3.397745490074157715e-01
6.105307340621948242e-01
4.806831181049346924e-01
6.122487187385559082e-01
3.432081937789916992e-01
3.269520103931427002e-01
5.652971863746643066e-01
3.220040202140808105e-01
6.074631214141845703e-01
3.293999731540679932e-01
4.279421567916870117e-01
6.266529560089111328e-01
6.221861243247985840e-01
5.581188797950744629e-01
3.431826233863830566e-01
3.614383339881896973e-01
4.551185667514801025e-01
6.403492093086242676e-01
6.356504559516906738e-01
3.376892805099487305e-01
5.657166242599487305e-01
5.173158645629882812e-01
6.388188600540161133e-01
3.221285343170166016e-01
6.147499680519104004e-01
3.479997515678405762e-01
3.988255560398101807e-01
5.437890291213989258e-01
3.289398550987243652e-01
3.231766819953918457e-01
5.338257551193237305e-01
6.312813758850097656e-01
3.253272175788879395e-01
5.517511963844299316e-01
3.235653340816497803e-01
3.349640965461730957e-01
3.516489863395690918e-01
3.388762176036834717e-01
3.487588167190551758e-01
3.198553323745727539e-01
5.601878166198730469e-01
3.585623502731323242e-01
3.258457481861114502e-01
3.807796239852905273e-01
3.248082697391510010e-01
3.526660501956939697e-01
5.505217909812927246e-01
3.230071067810058594e-01
3.550119102001190186e-01
3.809674084186553955e-01
3.419669270515441895e-01
3.364552855491638184e-01
3.518177866935729980e-01
6.370088458061218262e-01
3.260063230991363525e-01
4.090059101581573486e-01
3.224216699600219727e-01
4.027362465858459473e-01
4.050875604152679443e-01
5.553342103958129883e-01
3.726605474948883057e-01
6.179546117782592773e-01
3.399575352668762207e-01
6.011956334114074707e-01
3.381328582763671875e-01
6.447139382362365723e-01
3.797563314437866211e-01
5.923496484756469727e-01
3.283632397651672363e-01
4.972073435783386230e-01
4.690063297748565674e-01
3.252658843994140625e-01
3.687235116958618164e-01
4.189426600933074951e-01
5.179777145385742188e-01
4.665936827659606934e-01
3.439839184284210205e-01
3.415655493736267090e-01
6.517965793609619141e-01
6.263379454612731934e-01
3.197672963142395020e-01
6.070064902305603027e-01
5.008133053779602051e-01
4.431611597537994385e-01
3.554142415523529053e-01
4.688904583454132080e-01
3.206058144569396973e-01
5.784066319465637207e-01
6.272268891334533691e-01
3.337856829166412354e-01
6.536324620246887207e-01
3.400041460990905762e-01
3.294889032840728760e-01
3.511436879634857178e-01
3.293986916542053223e-01
6.064914464950561523e-01
4.176886379718780518e-01
3.289153575897216797e-01
3.550990223884582520e-01
3.296684920787811279e-01
3.822387158870697021e-01
3.678000271320343018e-01
3.269138336181640625e-01
3.343661725521087646e-01
3.238900601863861084e-01
6.018930077552795410e-01
3.248851895332336426e-01
3.542693555355072021e-01
5.614156723022460938e-01
3.359166681766510010e-01
3.258094191551208496e-01
5.654432177543640137e-01
4.236488044261932373e-01
3.588299155235290527e-01
6.414731740951538086e-01
6.035115718841552734e-01
6.525021195411682129e-01
6.448354125022888184e-01
3.239995539188385010e-01
5.655900239944458008e-01
6.191489696502685547e-01
3.236193060874938965e-01
6.384170055389404297e-01
3.717286288738250732e-01
3.449443280696868896e-01
3.465100526809692383e-01
6.224213838577270508e-01
3.339872956275939941e-01
5.923929810523986816e-01
3.388692438602447510e-01
5.364690423011779785e-01
3.727238476276397705e-01
3.223265707492828369e-01
5.408740639686584473e-01
3.326227664947509766e-01
4.280942082405090332e-01
5.620492696762084961e-01
5.875383615493774414e-01
5.161094665527343750e-01
3.328951895236968994e-01
3.412561416625976562e-01
3.220518529415130615e-01
6.426867246627807617e-01
3.211775124073028564e-01
4.756654798984527588e-01
3.687423467636108398e-01
3.311572670936584473e-01
5.850536227226257324e-01
5.223444700241088867e-01
3.215102851390838623e-01
5.859863162040710449e-01
3.204652667045593262e-01
6.345187425613403320e-01
3.251923024654388428e-01
4.357163012027740479e-01
3.601000905036926270e-01
5.884479284286499023e-01
6.182184815406799316e-01
5.161892771720886230e-01
3.884111046791076660e-01
3.444469273090362549e-01
6.051707267761230469e-01
3.303291797637939453e-01
3.796562552452087402e-01
5.318442583084106445e-01
4.928544759750366211e-01
4.331806898117065430e-01
3.350888490676879883e-01
3.282377719879150391e-01
6.194114685058593750e-01
3.381777107715606689e-01
3.907913267612457275e-01
3.393208384513854980e-01
3.185179233551025391e-01
3.658850491046905518e-01
4.034527838230133057e-01
3.753197789192199707e-01
5.430028438568115234e-01
3.814833462238311768e-01
3.332806825637817383e-01
5.066412687301635742e-01
6.031978726387023926e-01
5.967575907707214355e-01
3.886388540267944336e-01
3.789939582347869873e-01
4.703314602375030518e-01
3.996593654155731201e-01
5.366902947425842285e-01
4.535152316093444824e-01
4.958639740943908691e-01
3.690047860145568848e-01
4.028510153293609619e-01
3.589933514595031738e-01
4.330946207046508789e-01
4.000649452209472656e-01
4.327417910099029541e-01
3.201381564140319824e-01
3.359207510948181152e-01
6.359833478927612305e-01
3.271664083003997803e-01
3.410208821296691895e-01
3.528845012187957764e-01
3.615130782127380371e-01
6.355044841766357422e-01
3.257635831832885742e-01
5.564680099487304688e-01
3.234572410583496094e-01
3.343203365802764893e-01
3.319293260574340820e-01
3.177636861801147461e-01
6.288285851478576660e-01
6.014149785041809082e-01
3.259200155735015869e-01
6.227672696113586426e-01
3.250869810581207275e-01
3.465724587440490723e-01
3.572692573070526123e-01
3.571051359176635742e-01
6.153588891029357910e-01
3.302178680896759033e-01
3.604406416416168213e-01
4.949913918972015381e-01
3.633567392826080322e-01
4.871439933776855469e-01
3.619823157787322998e-01
3.496131300926208496e-01
5.624644160270690918e-01
5.626922845840454102e-01
5.211301445960998535e-01
3.274045288562774658e-01
4.651843607425689697e-01
6.472417712211608887e-01
6.403337717056274414e-01
5.304310321807861328e-01
5.087189674377441406e-01
4.663517177104949951e-01
6.360308527946472168e-01
6.393917798995971680e-01
4.785807728767395020e-01
5.104558467864990234e-01
5.369096994400024414e-01
3.221875727176666260e-01
3.332569301128387451e-01
3.251655697822570801e-01
5.954535603523254395e-01
5.645970702171325684e-01
5.936909317970275879e-01
4.000642597675323486e-01
4.340914785861968994e-01
3.939125239849090576e-01
6.444354057312011719e-01
4.285948872566223145e-01
3.279241919517517090e-01
3.429870307445526123e-01
5.901916623115539551e-01
6.309466958045959473e-01
6.473379135131835938e-01
6.055125594139099121e-01
3.302875459194183350e-01
6.517375707626342773e-01
6.303883194923400879e-01
3.389347791671752930e-01
3.916545808315277100e-01
3.376575410366058350e-01
3.433794379234313965e-01
3.622967600822448730e-01
3.632102906703948975e-01
6.454051136970520020e-01
3.210994303226470947e-01
3.406441211700439453e-01
3.859081864356994629e-01
5.605685114860534668e-01
3.589085340499877930e-01
5.660210251808166504e-01
6.047548055648803711e-01
3.449318110942840576e-01
3.250849246978759766e-01
3.319776356220245361e-01
3.518774807453155518e-01
6.401807665824890137e-01
3.243955969810485840e-01
5.036236643791198730e-01
6.161928772926330566e-01
3.806736469268798828e-01
5.551792979240417480e-01
4.978913068771362305e-01
4.095993638038635254e-01
6.148530244827270508e-01
3.222122490406036377e-01
3.555125296115875244e-01
5.801243782043457031e-01
4.276116490364074707e-01
5.628401041030883789e-01
3.400721549987792969e-01
5.980010628700256348e-01
3.213723897933959961e-01
3.276213109493255615e-01
3.210887312889099121e-01
6.124188303947448730e-01
6.284600496292114258e-01
3.432894945144653320e-01
3.234426379203796387e-01
3.280673027038574219e-01
5.264064669609069824e-01
5.780344605445861816e-01
4.764123558998107910e-01
3.492632806301116943e-01
3.366415500640869141e-01
6.155105829238891602e-01
3.536624908447265625e-01
6.241847872734069824e-01
3.572565019130706787e-01
3.539659082889556885e-01
6.345983147621154785e-01
3.986134231090545654e-01
6.411213874816894531e-01
3.777506053447723389e-01
5.650401711463928223e-01
6.486545801162719727e-01
5.733067393302917480e-01
3.866604268550872803e-01
3.223133385181427002e-01
3.200874626636505127e-01
6.296420693397521973e-01
3.226587772369384766e-01
5.544558763504028320e-01
5.792211294174194336e-01
6.452382206916809082e-01
3.280102610588073730e-01
4.486095905303955078e-01
6.090555191040039062e-01
6.452451348304748535e-01
5.226307511329650879e-01
5.300081968307495117e-01
3.213604390621185303e-01
6.169258952140808105e-01
4.017674326896667480e-01
3.794550001621246338e-01
3.387135267257690430e-01
6.532183289527893066e-01
5.928053855895996094e-01
3.284492492675781250e-01
6.124770045280456543e-01
3.254836797714233398e-01
6.133121848106384277e-01
4.153712689876556396e-01
5.258858203887939453e-01
3.266086578369140625e-01
6.362175941467285156e-01
5.446831583976745605e-01
5.864468812942504883e-01
3.239759504795074463e-01
3.265802264213562012e-01
5.502514243125915527e-01
5.908439755439758301e-01
4.186411798000335693e-01
6.405887007713317871e-01
6.084886193275451660e-01
5.626518726348876953e-01
6.099091768264770508e-01
6.311708092689514160e-01
6.139770150184631348e-01
5.634616613388061523e-01
3.566851317882537842e-01
4.548577070236206055e-01
3.206247389316558838e-01
6.386615037918090820e-01
4.020261168479919434e-01
3.364685177803039551e-01
3.214167058467864990e-01
6.014279127120971680e-01
3.848509192466735840e-01
4.565828144550323486e-01
4.610042273998260498e-01
3.425083756446838379e-01
6.117398142814636230e-01
3.286736607551574707e-01
4.912481307983398438e-01
3.925429582595825195e-01
3.643259406089782715e-01
5.318664312362670898e-01
3.338818550109863281e-01
3.343005478382110596e-01
5.976779460906982422e-01
3.259797394275665283e-01
4.244557917118072510e-01
4.272556602954864502e-01
3.250904977321624756e-01
6.281199455261230469e-01
4.941308200359344482e-01
3.284472525119781494e-01
5.056148171424865723e-01
3.373159766197204590e-01
3.587194383144378662e-01
3.689980506896972656e-01
3.255108296871185303e-01
3.233237266540527344e-01
3.334087431430816650e-01
3.317419588565826416e-01
4.456635713577270508e-01
3.551947772502899170e-01
4.723421633243560791e-01
6.274756789207458496e-01
4.376797676086425781e-01
4.771555364131927490e-01
5.754486918449401855e-01
3.331556916236877441e-01
5.815341472625732422e-01
5.778610110282897949e-01
3.680747449398040771e-01
3.603412508964538574e-01
6.401197314262390137e-01
3.486462533473968506e-01
6.482823491096496582e-01
6.031464338302612305e-01
5.608704090118408203e-01
3.198491036891937256e-01
4.996024072170257568e-01
5.637639164924621582e-01
3.327681124210357666e-01
3.288767337799072266e-01
4.723963737487792969e-01
3.935337662696838379e-01
3.342670500278472900e-01
3.445347547531127930e-01
3.388623595237731934e-01
3.731453716754913330e-01
6.503622531890869141e-01
6.472872495651245117e-01
6.228802800178527832e-01
3.257164657115936279e-01
6.209739446640014648e-01
4.948134422302246094e-01
5.163200497627258301e-01
3.363718390464782715e-01
3.434280753135681152e-01
3.718541860580444336e-01
3.859156966209411621e-01
6.118386387825012207e-01
6.287657618522644043e-01
6.407975554466247559e-01
5.160763859748840332e-01
4.627556204795837402e-01
3.627222478389739990e-01
3.907020390033721924e-01
5.813876986503601074e-01
5.626202225685119629e-01
5.880563855171203613e-01
3.681099712848663330e-01
3.282837569713592529e-01
3.523182868957519531e-01
6.340142488479614258e-01
6.483430266380310059e-01
3.741729855537414551e-01
3.863803446292877197e-01
3.200113177299499512e-01
6.233032941818237305e-01
6.171284317970275879e-01
6.048061251640319824e-01
5.824400782585144043e-01
5.876907110214233398e-01
5.582787394523620605e-01
4.024349749088287354e-01
5.603596568107604980e-01
6.410661339759826660e-01
3.308955430984497070e-01
6.091577410697937012e-01
3.615039587020874023e-01
6.224679946899414062e-01
3.586592674255371094e-01
5.193465948104858398e-01
6.230085492134094238e-01
4.696117043495178223e-01
6.477607488632202148e-01
3.922475278377532959e-01
4.024808406829833984e-01
3.362070620059967041e-01
3.349833488464355469e-01
3.468134403228759766e-01
3.213370442390441895e-01
3.621933460235595703e-01
6.010707020759582520e-01
3.668357729911804199e-01
5.606764554977416992e-01
6.479812860488891602e-01
3.769677579402923584e-01
3.375285565853118896e-01
4.225336015224456787e-01
3.329531848430633545e-01
3.818288147449493408e-01
6.426712870597839355e-01
4.254449009895324707e-01
4.284233152866363525e-01
5.086436271667480469e-01
3.878830075263977051e-01
3.719427585601806641e-01
4.089988470077514648e-01
4.352881610393524170e-01
6.088530421257019043e-01
3.317354023456573486e-01
4.149353206157684326e-01
5.343958735466003418e-01
4.480835497379302979e-01
3.578373789787292480e-01
3.250840902328491211e-01
6.107295751571655273e-01
3.498267233371734619e-01
3.883648216724395752e-01
3.557719886302947998e-01
4.275365769863128662e-01
3.333564996719360352e-01
4.300265014171600342e-01
3.217473626136779785e-01
3.663966059684753418e-01
3.372178971767425537e-01
5.373896360397338867e-01
3.806393742561340332e-01
6.404027938842773438e-01
6.129655838012695312e-01
3.197211027145385742e-01
3.353464305400848389e-01
6.358251571655273438e-01
6.372314095497131348e-01
4.524379074573516846e-01
3.583871126174926758e-01
3.989833295345306396e-01
4.354716539382934570e-01
3.401106297969818115e-01
3.415645360946655273e-01
3.268456757068634033e-01
3.687558472156524658e-01
5.886084437370300293e-01
3.270651102066040039e-01
3.339858055114746094e-01
3.382196426391601562e-01
6.080297827720642090e-01
5.372971892356872559e-01
3.936384916305541992e-01
6.038041114807128906e-01
3.910219371318817139e-01
4.311828911304473877e-01
3.410162031650543213e-01
5.740687847137451172e-01
6.190859079360961914e-01
3.467108905315399170e-01
3.417319059371948242e-01
6.281166076660156250e-01
6.171753406524658203e-01
6.490774154663085938e-01
6.149188876152038574e-01
4.146204590797424316e-01
6.281529664993286133e-01
3.249400556087493896e-01
3.856309950351715088e-01
4.299536049365997314e-01
3.910223245620727539e-01
5.381913781166076660e-01
6.275429129600524902e-01
3.879269957542419434e-01
3.604768812656402588e-01
3.404460847377777100e-01
6.411052346229553223e-01
6.244648098945617676e-01
5.942569375038146973e-01
3.352591097354888916e-01
6.437245607376098633e-01
3.392159938812255859e-01
3.302747905254364014e-01
5.555822849273681641e-01
3.346277177333831787e-01
5.715971589088439941e-01
5.777229070663452148e-01
4.995036423206329346e-01
4.051503241062164307e-01
5.119335055351257324e-01
3.396775722503662109e-01
6.181713342666625977e-01
6.136220693588256836e-01
6.167747378349304199e-01
3.571892380714416504e-01
3.915559947490692139e-01
6.167084574699401855e-01
6.446657180786132812e-01
3.533220589160919189e-01
5.896841287612915039e-01
5.924448966979980469e-01
3.375498652458190918e-01
6.414453387260437012e-01
3.362378776073455811e-01
3.797553181648254395e-01
6.404889225959777832e-01
3.634494245052337646e-01
5.554649233818054199e-01
4.012171328067779541e-01
3.234435021877288818e-01
5.147823691368103027e-01
3.265192210674285889e-01
3.864957392215728760e-01
4.920726120471954346e-01
6.126950979232788086e-01
3.579821288585662842e-01
3.431431651115417480e-01
5.368779301643371582e-01
3.290115892887115479e-01
3.687202334403991699e-01
3.521823883056640625e-01
6.138219833374023438e-01
4.021206796169281006e-01
6.190254092216491699e-01
3.375908732414245605e-01
6.103418469429016113e-01
3.288792073726654053e-01
4.415534734725952148e-01
5.291963815689086914e-01
3.515349626541137695e-01
5.330219864845275879e-01
5.715006589889526367e-01
4.591180384159088135e-01
6.523135900497436523e-01
4.402782320976257324e-01
3.610150516033172607e-01
3.999906778335571289e-01
6.384952664375305176e-01
3.697359561920166016e-01
3.922456502914428711e-01
5.828875899314880371e-01
3.327718973159790039e-01
6.015215516090393066e-01
4.126380383968353271e-01
6.335193514823913574e-01
3.669934272766113281e-01
3.306331336498260498e-01
3.784562349319458008e-01
5.918796062469482422e-01
3.423798382282257080e-01
5.835573077201843262e-01
3.301873207092285156e-01
3.735581040382385254e-01
6.327241063117980957e-01
3.329618275165557861e-01
3.685633540153503418e-01
6.362911462783813477e-01
5.426670908927917480e-01
6.324528455734252930e-01
3.251392543315887451e-01
3.390098810195922852e-01
3.501736819744110107e-01
3.430107533931732178e-01
4.539670348167419434e-01
6.496617794036865234e-01
4.163710772991180420e-01
3.473362326622009277e-01
3.285033106803894043e-01
6.234857439994812012e-01
3.518237769603729248e-01
6.438615322113037109e-01
6.492627859115600586e-01
5.327900648117065430e-01
3.551768660545349121e-01
6.458146572113037109e-01
5.864077210426330566e-01
3.264596760272979736e-01
4.480922520160675049e-01
6.412698626518249512e-01
4.513689875602722168e-01
3.406744897365570068e-01
6.072338223457336426e-01
5.618991255760192871e-01
3.501515388488769531e-01
6.437320709228515625e-01
3.367577791213989258e-01
6.213569045066833496e-01
6.168473958969116211e-01
6.466075778007507324e-01
6.357154250144958496e-01
6.192840933799743652e-01
6.469965577125549316e-01
5.913647413253784180e-01
3.318878710269927979e-01
3.925613164901733398e-01
5.554855465888977051e-01
3.256762027740478516e-01
5.260881185531616211e-01
5.389519333839416504e-01
6.123667955398559570e-01
6.056257486343383789e-01
3.816699683666229248e-01
3.532187044620513916e-01
5.917904376983642578e-01
3.380108773708343506e-01
3.303639292716979980e-01
5.085728764533996582e-01
5.736408829689025879e-01
3.211559057235717773e-01
3.226597309112548828e-01
5.978847742080688477e-01
5.946053862571716309e-01
6.277112960815429688e-01
5.649444460868835449e-01
6.335747241973876953e-01
3.270261883735656738e-01
3.379866778850555420e-01
5.625487565994262695e-01
5.790783762931823730e-01
3.585636019706726074e-01
3.501470685005187988e-01
5.951339602470397949e-01
5.278931856155395508e-01
3.517447113990783691e-01
3.212248980998992920e-01
6.051360964775085449e-01
3.380591571331024170e-01
4.561669826507568359e-01
5.135185122489929199e-01
3.466036319732666016e-01
5.439302921295166016e-01
6.076265573501586914e-01
3.564202785491943359e-01
3.272756040096282959e-01
6.391120553016662598e-01
3.449601531028747559e-01
6.387489438056945801e-01
3.630718588829040527e-01
3.273397684097290039e-01
3.390540480613708496e-01
4.674630761146545410e-01
6.508483290672302246e-01
3.365838527679443359e-01
6.277242898941040039e-01
3.738154768943786621e-01
4.562552571296691895e-01
5.670428276062011719e-01
6.343652009963989258e-01
3.303974270820617676e-01
6.402708292007446289e-01
6.443722844123840332e-01
3.311688005924224854e-01
6.478608846664428711e-01
6.488196849822998047e-01
6.355843544006347656e-01
3.656635284423828125e-01
3.522294461727142334e-01
5.255534052848815918e-01
6.417486071586608887e-01
3.474476635456085205e-01
3.290773332118988037e-01
3.346556127071380615e-01
3.841207027435302734e-01
6.177427172660827637e-01
6.385120153427124023e-01
3.861749768257141113e-01
4.696937501430511475e-01
4.190040528774261475e-01
4.542784690856933594e-01
6.150267720222473145e-01
4.042326211929321289e-01
6.006050109863281250e-01
3.821577131748199463e-01
6.410034298896789551e-01
3.764751851558685303e-01
5.620305538177490234e-01
3.287276923656463623e-01
4.154034852981567383e-01
6.082596778869628906e-01
5.892503261566162109e-01
5.822486877441406250e-01
5.534058213233947754e-01
4.167128801345825195e-01
5.104836821556091309e-01
6.170307993888854980e-01
5.718024969100952148e-01
3.762212395668029785e-01
3.261383175849914551e-01
5.127764940261840820e-01
3.267157673835754395e-01
3.907111883163452148e-01
3.237822055816650391e-01
3.612225651741027832e-01
3.642609417438507080e-01
3.662838637828826904e-01
4.336818754673004150e-01
6.314444541931152344e-01
5.491426587104797363e-01
4.898648262023925781e-01
4.518741369247436523e-01
3.680210411548614502e-01
3.226770758628845215e-01
5.635253787040710449e-01
6.337513923645019531e-01
5.122742056846618652e-01
3.441002070903778076e-01
6.417340636253356934e-01
3.336974382400512695e-01
3.425882160663604736e-01
4.233790934085845947e-01
6.420546174049377441e-01
3.750611841678619385e-01
6.210505366325378418e-01
3.716012239456176758e-01
3.601378798484802246e-01
5.215340852737426758e-01
3.520024716854095459e-01
3.300080001354217529e-01
5.380845665931701660e-01
3.626603484153747559e-01
4.873813092708587646e-01
6.275046467781066895e-01
6.375941634178161621e-01
6.254518628120422363e-01
3.223501145839691162e-01
4.959576725959777832e-01
6.069346070289611816e-01
3.709864020347595215e-01
3.325633406639099121e-01
3.960477709770202637e-01
4.507825970649719238e-01
5.728436112403869629e-01
3.983290493488311768e-01
5.771619677543640137e-01
4.178543686866760254e-01
3.791703581809997559e-01
6.204045414924621582e-01
3.202993869781494141e-01
4.775206446647644043e-01
3.371039032936096191e-01
3.360167145729064941e-01
3.358069360256195068e-01
6.176369786262512207e-01
3.441605865955352783e-01
3.565698564052581787e-01
3.194363713264465332e-01
3.335456550121307373e-01
6.157129406929016113e-01
3.425656855106353760e-01
5.866435170173645020e-01
3.439427912235260010e-01
6.280065178871154785e-01
3.336909115314483643e-01
3.294607400894165039e-01
5.045644044876098633e-01
3.687169253826141357e-01
4.393604099750518799e-01
3.420585989952087402e-01
4.871929585933685303e-01
4.809869825839996338e-01
3.342047631740570068e-01
4.236013591289520264e-01
3.875195384025573730e-01
5.997737646102905273e-01
6.474049687385559082e-01
6.438212394714355469e-01
3.439516127109527588e-01
6.103054285049438477e-01
3.614438772201538086e-01
5.251424908638000488e-01
5.947148799896240234e-01
3.879011273384094238e-01
6.424466371536254883e-01
5.462144613265991211e-01
6.388941407203674316e-01
6.367075443267822266e-01
5.580480098724365234e-01
5.701853632926940918e-01
3.754925429821014404e-01
3.386864662170410156e-01
5.087071657180786133e-01
5.008412599563598633e-01
6.117071509361267090e-01
3.685519397258758545e-01
4.156559109687805176e-01
4.032786786556243896e-01
5.947694182395935059e-01
6.242581605911254883e-01
6.224411129951477051e-01
3.390071392059326172e-01
3.625582158565521240e-01
4.548591971397399902e-01
5.976741313934326172e-01
3.543153107166290283e-01
4.665887057781219482e-01
