5.156396627426147461e-01
4.081967473030090332e-01
3.916178941726684570e-01
3.262982368469238281e-01
6.401010155677795410e-01
5.997096896171569824e-01
5.741594433784484863e-01
3.919596672058105469e-01
4.271647334098815918e-01
3.972815871238708496e-01
6.276122331619262695e-01
3.838753998279571533e-01
6.322336196899414062e-01
3.792303800582885742e-01
3.239366114139556885e-01
6.023809909820556641e-01
5.024614334106445312e-01
5.485454201698303223e-01
5.256053209304809570e-01
4.455628395080566406e-01
3.916136026382446289e-01
6.486479043960571289e-01
6.253160834312438965e-01
3.358630537986755371e-01
6.287100315093994141e-01
5.517204999923706055e-01
4.491335749626159668e-01
5.971695780754089355e-01
3.485790491104125977e-01
6.420822143554687500e-01
3.708791434764862061e-01
3.501583337783813477e-01
3.868223726749420166e-01
3.961459696292877197e-01
6.169005632400512695e-01
6.455332636833190918e-01
4.618294835090637207e-01
6.188958883285522461e-01
3.852950334548950195e-01
6.396922469139099121e-01
3.360213041305541992e-01
5.107861757278442383e-01
6.175062656402587891e-01
5.989394783973693848e-01
6.495247483253479004e-01
5.776978731155395508e-01
6.432288289070129395e-01
5.953164696693420410e-01
6.363291740417480469e-01
6.444586515426635742e-01
5.811760425567626953e-01
4.482962787151336670e-01
5.963491201400756836e-01
5.953065156936645508e-01
3.401627242565155029e-01
4.797414839267730713e-01
5.442857146263122559e-01
6.305779218673706055e-01
5.780299305915832520e-01
5.296828150749206543e-01
3.787211477756500244e-01
5.802888870239257812e-01
3.475874066352844238e-01
5.119814276695251465e-01
6.469101905822753906e-01
6.095700263977050781e-01
6.414901018142700195e-01
3.337339460849761963e-01
6.257714033126831055e-01
5.787234306335449219e-01
3.829089999198913574e-01
5.762107372283935547e-01
3.884857892990112305e-01
6.199272871017456055e-01
4.166596233844757080e-01
4.630576670169830322e-01
5.267125964164733887e-01
3.329198658466339111e-01
4.071340262889862061e-01
6.053249835968017578e-01
4.377925992012023926e-01
4.236899316310882568e-01
6.360764503479003906e-01
6.224999427795410156e-01
3.238102197647094727e-01
5.566538572311401367e-01
5.820335149765014648e-01
5.512273907661437988e-01
4.966027736663818359e-01
3.411880433559417725e-01
5.002821683883666992e-01
4.631661474704742432e-01
6.503709554672241211e-01
3.809678852558135986e-01
3.210954368114471436e-01
3.768029212951660156e-01
6.227956414222717285e-01
3.408909440040588379e-01
4.572266340255737305e-01
3.917802274227142334e-01
4.087797701358795166e-01
6.238096356391906738e-01
3.376482129096984863e-01
5.624920725822448730e-01
6.288744807243347168e-01
5.362613201141357422e-01
3.845146298408508301e-01
4.435726404190063477e-01
4.829728007316589355e-01
3.279200196266174316e-01
3.418017625808715820e-01
4.207850396633148193e-01
4.652707278728485107e-01
6.506482958793640137e-01
4.200400412082672119e-01
5.570195913314819336e-01
6.355729103088378906e-01
3.447087705135345459e-01
4.395394027233123779e-01
6.392106413841247559e-01
6.299670934677124023e-01
5.527164340019226074e-01
6.150852441787719727e-01
5.942837595939636230e-01
6.050301790237426758e-01
4.374742805957794189e-01
4.907860755920410156e-01
6.190713047981262207e-01
3.826435208320617676e-01
4.796479940414428711e-01
5.166378617286682129e-01
6.415180563926696777e-01
4.829019606113433838e-01
6.061357855796813965e-01
4.949021935462951660e-01
4.789644479751586914e-01
6.517939567565917969e-01
5.936446189880371094e-01
4.340122938156127930e-01
5.957720279693603516e-01
6.050585508346557617e-01
3.871469199657440186e-01
6.265813112258911133e-01
4.176977574825286865e-01
6.281680464744567871e-01
4.448829591274261475e-01
5.192068219184875488e-01
3.263962864875793457e-01
6.132982969284057617e-01
6.264786124229431152e-01
5.948960781097412109e-01
6.198791265487670898e-01
4.222285151481628418e-01
6.130147576332092285e-01
3.442481160163879395e-01
6.504709124565124512e-01
3.859630823135375977e-01
3.370274901390075684e-01
5.684692263603210449e-01
6.358839869499206543e-01
6.490687727928161621e-01
4.169671237468719482e-01
6.513058543205261230e-01
6.492820978164672852e-01
4.190452098846435547e-01
5.208309888839721680e-01
6.486040949821472168e-01
3.415274322032928467e-01
5.693799853324890137e-01
5.268406867980957031e-01
6.520819067955017090e-01
5.889499187469482422e-01
4.618687331676483154e-01
3.528502881526947021e-01
6.366950869560241699e-01
4.112756252288818359e-01
4.424821734428405762e-01
4.262546598911285400e-01
4.176001548767089844e-01
5.370438098907470703e-01
4.028270840644836426e-01
5.432403087615966797e-01
4.713965356349945068e-01
3.941729366779327393e-01
4.700577855110168457e-01
4.115475416183471680e-01
6.475994586944580078e-01
6.093165278434753418e-01
3.397998511791229248e-01
6.439766287803649902e-01
3.285329043865203857e-01
3.662129938602447510e-01
4.075953662395477295e-01
6.343820691108703613e-01
6.426974534988403320e-01
3.325471282005310059e-01
6.447408199310302734e-01
4.542894959449768066e-01
6.183899641036987305e-01
3.952603042125701904e-01
4.430629312992095947e-01
6.130783557891845703e-01
4.196081459522247314e-01
5.920861363410949707e-01
5.796672105789184570e-01
4.790518581867218018e-01
6.467580795288085938e-01
5.907494425773620605e-01
6.306923627853393555e-01
5.212870240211486816e-01
4.570961296558380127e-01
6.296851038932800293e-01
6.139662265777587891e-01
5.833432078361511230e-01
6.371915936470031738e-01
5.739017128944396973e-01
3.298547863960266113e-01
3.928785026073455811e-01
5.947049260139465332e-01
4.983028769493103027e-01
6.360244154930114746e-01
6.380766034126281738e-01
4.769159853458404541e-01
5.010606050491333008e-01
5.675428509712219238e-01
6.289008855819702148e-01
4.436846077442169189e-01
6.543800830841064453e-01
6.469860076904296875e-01
3.347148895263671875e-01
4.132012128829956055e-01
6.085739135742187500e-01
6.478390693664550781e-01
6.526800990104675293e-01
5.785395503044128418e-01
6.434032320976257324e-01
6.433265805244445801e-01
4.107353389263153076e-01
4.733747541904449463e-01
3.847346305847167969e-01
4.239407181739807129e-01
4.891166090965270996e-01
6.180960536003112793e-01
5.338160991668701172e-01
5.029448270797729492e-01
6.127238273620605469e-01
4.556845724582672119e-01
5.370976924896240234e-01
5.805413126945495605e-01
6.124276518821716309e-01
6.427546739578247070e-01
3.492222726345062256e-01
3.982894122600555420e-01
4.057748913764953613e-01
3.490693569183349609e-01
3.876002430915832520e-01
5.199441313743591309e-01
4.583825469017028809e-01
5.861719250679016113e-01
3.208234906196594238e-01
5.997346043586730957e-01
6.415970325469970703e-01
4.543931484222412109e-01
3.778735995292663574e-01
6.284862160682678223e-01
3.690083026885986328e-01
5.821306705474853516e-01
3.446777760982513428e-01
3.378227055072784424e-01
3.756003975868225098e-01
5.991542935371398926e-01
4.123602807521820068e-01
6.258749365806579590e-01
6.458824872970581055e-01
6.108887195587158203e-01
6.427129507064819336e-01
6.100439429283142090e-01
3.232237100601196289e-01
6.395375132560729980e-01
6.272409558296203613e-01
5.635153055191040039e-01
3.723958432674407959e-01
6.457831859588623047e-01
5.280715823173522949e-01
6.466194391250610352e-01
6.250995993614196777e-01
4.752567112445831299e-01
4.081924557685852051e-01
3.437892198562622070e-01
3.822101950645446777e-01
4.131616652011871338e-01
6.205577850341796875e-01
4.077492058277130127e-01
3.434641659259796143e-01
4.313525557518005371e-01
6.208413243293762207e-01
4.665996134281158447e-01
3.818846344947814941e-01
5.333228111267089844e-01
6.287537217140197754e-01
5.862801074981689453e-01
4.331516027450561523e-01
6.264532804489135742e-01
3.955595791339874268e-01
3.269176185131072998e-01
3.692572712898254395e-01
4.308074116706848145e-01
4.010020196437835693e-01
3.752570748329162598e-01
6.361088752746582031e-01
4.120121300220489502e-01
4.612694680690765381e-01
6.136320829391479492e-01
5.442258715629577637e-01
5.950061678886413574e-01
4.559251070022583008e-01
6.215868592262268066e-01
5.703527331352233887e-01
4.445120692253112793e-01
6.320127844810485840e-01
5.932623147964477539e-01
3.718225359916687012e-01
6.247288584709167480e-01
6.467460393905639648e-01
6.540502309799194336e-01
4.723069071769714355e-01
3.562861979007720947e-01
6.331176757812500000e-01
5.206837058067321777e-01
6.005461812019348145e-01
3.994463384151458740e-01
4.372740685939788818e-01
3.332758843898773193e-01
3.650283813476562500e-01
3.641635179519653320e-01
3.631688356399536133e-01
6.243402361869812012e-01
5.931935310363769531e-01
3.640978038311004639e-01
4.731467366218566895e-01
5.692909955978393555e-01
6.292670369148254395e-01
6.463890075683593750e-01
6.139184236526489258e-01
3.632172346115112305e-01
3.243243396282196045e-01
5.971558094024658203e-01
3.889116346836090088e-01
3.398580253124237061e-01
3.561908602714538574e-01
6.303013563156127930e-01
3.749450445175170898e-01
6.461491584777832031e-01
6.310112476348876953e-01
5.964430570602416992e-01
3.559535443782806396e-01
6.151445508003234863e-01
3.648047447204589844e-01
3.833370804786682129e-01
3.479031026363372803e-01
4.778071641921997070e-01
6.546326279640197754e-01
5.885304808616638184e-01
3.301544189453125000e-01
6.415601372718811035e-01
4.146164655685424805e-01
6.147758364677429199e-01
3.667733371257781982e-01
6.525486707687377930e-01
5.427731871604919434e-01
5.106487870216369629e-01
5.611103177070617676e-01
6.423898339271545410e-01
6.467574834823608398e-01
3.214147090911865234e-01
4.052773714065551758e-01
6.510398387908935547e-01
3.418432474136352539e-01
6.491630077362060547e-01
5.517712235450744629e-01
3.487251400947570801e-01
4.754167497158050537e-01
5.582038164138793945e-01
3.418126702308654785e-01
4.330827295780181885e-01
6.455441117286682129e-01
3.696607351303100586e-01
3.800823092460632324e-01
6.013991832733154297e-01
5.559110641479492188e-01
4.378691017627716064e-01
6.161990165710449219e-01
5.348729491233825684e-01
6.512073278427124023e-01
3.328672945499420166e-01
6.464360356330871582e-01
5.507288575172424316e-01
6.506839990615844727e-01
5.452451705932617188e-01
3.204981982707977295e-01
6.096381545066833496e-01
3.278697431087493896e-01
6.369874477386474609e-01
4.128558337688446045e-01
6.416315436363220215e-01
4.097298681735992432e-01
6.233453750610351562e-01
6.531372070312500000e-01
6.137843728065490723e-01
6.514504551887512207e-01
6.347889900207519531e-01
5.975717902183532715e-01
3.824976384639739990e-01
4.898992776870727539e-01
5.937945246696472168e-01
5.627425909042358398e-01
3.469032347202301025e-01
3.739932179450988770e-01
5.526832938194274902e-01
4.403405785560607910e-01
3.930629193782806396e-01
4.583988785743713379e-01
6.124995946884155273e-01
6.381157040596008301e-01
4.406630992889404297e-01
6.245775222778320312e-01
5.951598882675170898e-01
3.298062086105346680e-01
5.912994742393493652e-01
6.379140615463256836e-01
4.125683903694152832e-01
6.551151871681213379e-01
5.199362635612487793e-01
6.281738877296447754e-01
4.166757166385650635e-01
5.784674286842346191e-01
6.192890405654907227e-01
5.928817391395568848e-01
6.495936512947082520e-01
4.294850826263427734e-01
6.181740164756774902e-01
5.479672551155090332e-01
5.519522428512573242e-01
6.372340321540832520e-01
3.544639050960540771e-01
6.386718750000000000e-01
6.490477323532104492e-01
6.471849679946899414e-01
5.220203399658203125e-01
5.345715880393981934e-01
6.405097842216491699e-01
6.161234378814697266e-01
3.341873884201049805e-01
6.496381759643554688e-01
3.344199359416961670e-01
6.534011960029602051e-01
4.324263632297515869e-01
6.363847851753234863e-01
3.908201456069946289e-01
6.331921815872192383e-01
3.887230753898620605e-01
3.494241237640380859e-01
4.710220992565155029e-01
3.607758581638336182e-01
6.434705853462219238e-01
3.239766657352447510e-01
5.588241815567016602e-01
5.865629315376281738e-01
4.267054796218872070e-01
6.096485257148742676e-01
4.778295159339904785e-01
4.128164350986480713e-01
6.539691090583801270e-01
6.378838419914245605e-01
6.063154935836791992e-01
4.087581336498260498e-01
3.586062192916870117e-01
4.758567810058593750e-01
5.673949718475341797e-01
3.701847791671752930e-01
6.504569053649902344e-01
3.549720644950866699e-01
4.552932977676391602e-01
3.831147253513336182e-01
4.003811478614807129e-01
6.528103947639465332e-01
5.229953527450561523e-01
3.500325381755828857e-01
6.485841274261474609e-01
5.522074103355407715e-01
4.005076289176940918e-01
3.604184389114379883e-01
6.010853648185729980e-01
5.441868305206298828e-01
6.211203336715698242e-01
4.679099023342132568e-01
6.231302618980407715e-01
6.167629957199096680e-01
3.534546196460723877e-01
6.154500842094421387e-01
6.370969414710998535e-01
3.581975400447845459e-01
6.155976057052612305e-01
6.412339806556701660e-01
3.312882184982299805e-01
6.192397475242614746e-01
4.212183356285095215e-01
3.640475571155548096e-01
5.940147638320922852e-01
4.043277502059936523e-01
3.422609567642211914e-01
4.013916850090026855e-01
6.360754966735839844e-01
6.204037070274353027e-01
5.403218269348144531e-01
3.458366394042968750e-01
5.121882557868957520e-01
5.893669128417968750e-01
4.749480187892913818e-01
3.458634018898010254e-01
6.387631297111511230e-01
5.816721320152282715e-01
3.799924552440643311e-01
3.566574752330780029e-01
6.441687941551208496e-01
3.424017131328582764e-01
6.258646845817565918e-01
5.399677753448486328e-01
5.372773408889770508e-01
6.458112597465515137e-01
3.526631593704223633e-01
3.637455999851226807e-01
5.609111785888671875e-01
5.391245484352111816e-01
6.256990432739257812e-01
5.764139890670776367e-01
3.727955520153045654e-01
6.376062631607055664e-01
4.970289468765258789e-01
6.503206491470336914e-01
5.070978999137878418e-01
3.739533424377441406e-01
6.032987236976623535e-01
6.463701128959655762e-01
4.304828643798828125e-01
6.384296417236328125e-01
6.027016639709472656e-01
5.731061100959777832e-01
6.292785406112670898e-01
6.162670254707336426e-01
3.373346030712127686e-01
6.418781280517578125e-01
6.394874453544616699e-01
6.421381831169128418e-01
6.446082592010498047e-01
5.244016647338867188e-01
4.115546047687530518e-01
6.510241031646728516e-01
5.888300538063049316e-01
6.469494700431823730e-01
5.416627526283264160e-01
3.253138065338134766e-01
4.818037450313568115e-01
4.370432496070861816e-01
6.228684782981872559e-01
6.384609341621398926e-01
5.859891176223754883e-01
6.474620699882507324e-01
5.899598002433776855e-01
5.542862415313720703e-01
3.375308513641357422e-01
5.746499896049499512e-01
3.519420325756072998e-01
3.446071147918701172e-01
6.152513027191162109e-01
5.695354342460632324e-01
6.371013522148132324e-01
4.039234220981597900e-01
4.307430088520050049e-01
4.351598620414733887e-01
5.590623617172241211e-01
4.912476539611816406e-01
4.310993850231170654e-01
4.077833294868469238e-01
6.544938087463378906e-01
3.758442699909210205e-01
3.514564633369445801e-01
6.082994937896728516e-01
5.911909341812133789e-01
6.398220062255859375e-01
6.295542716979980469e-01
5.718804597854614258e-01
3.373011350631713867e-01
6.340739130973815918e-01
6.253008246421813965e-01
5.232695341110229492e-01
3.438960313796997070e-01
6.055725216865539551e-01
3.539951741695404053e-01
3.795512616634368896e-01
4.543040096759796143e-01
4.811742007732391357e-01
6.123938560485839844e-01
3.266564905643463135e-01
6.501613259315490723e-01
3.668999969959259033e-01
3.752945363521575928e-01
3.668732345104217529e-01
3.932879865169525146e-01
6.128248572349548340e-01
5.922644734382629395e-01
4.536092579364776611e-01
3.698737621307373047e-01
3.430181443691253662e-01
6.451551318168640137e-01
6.202942728996276855e-01
3.737386167049407959e-01
3.396574854850769043e-01
3.738412857055664062e-01
3.430501818656921387e-01
6.481162905693054199e-01
6.360384225845336914e-01
4.575422108173370361e-01
6.460354924201965332e-01
6.421827077865600586e-01
6.397108435630798340e-01
6.394463777542114258e-01
5.528082847595214844e-01
6.431456804275512695e-01
6.126292347908020020e-01
6.381552219390869141e-01
3.281490206718444824e-01
5.023751854896545410e-01
6.189320683479309082e-01
3.895659744739532471e-01
3.337126374244689941e-01
3.521523177623748779e-01
3.809753358364105225e-01
3.397587537765502930e-01
5.595502257347106934e-01
6.328475475311279297e-01
5.850454568862915039e-01
4.491456151008605957e-01
3.395033180713653564e-01
6.475234627723693848e-01
5.534425973892211914e-01
6.114174723625183105e-01
5.308240652084350586e-01
6.190522909164428711e-01
4.756843447685241699e-01
6.243403553962707520e-01
4.638489484786987305e-01
6.447837948799133301e-01
3.734095394611358643e-01
4.106646776199340820e-01
4.221370518207550049e-01
3.532705605030059814e-01
6.295532584190368652e-01
5.650601387023925781e-01
5.700580477714538574e-01
3.910801410675048828e-01
3.727264404296875000e-01
3.719235658645629883e-01
4.289349913597106934e-01
3.556630909442901611e-01
5.614020228385925293e-01
3.525150716304779053e-01
6.271402835845947266e-01
6.501284837722778320e-01
6.295636296272277832e-01
5.407742857933044434e-01
4.006842374801635742e-01
4.151353240013122559e-01
6.411431431770324707e-01
6.430336833000183105e-01
3.323494493961334229e-01
5.568495988845825195e-01
5.471231341361999512e-01
6.506022810935974121e-01
6.499824523925781250e-01
5.943889021873474121e-01
5.066041350364685059e-01
6.227540373802185059e-01
5.342087149620056152e-01
3.336854279041290283e-01
3.470969498157501221e-01
6.102364659309387207e-01
5.834490656852722168e-01
4.253236949443817139e-01
6.432254314422607422e-01
6.194830536842346191e-01
4.710392355918884277e-01
6.508109569549560547e-01
6.108065247535705566e-01
5.978127121925354004e-01
6.356654763221740723e-01
5.982781648635864258e-01
6.495190262794494629e-01
6.407373547554016113e-01
6.462996006011962891e-01
6.369994878768920898e-01
6.384120583534240723e-01
4.162956178188323975e-01
4.096744954586029053e-01
6.128027439117431641e-01
4.662825763225555420e-01
3.407321572303771973e-01
6.468036770820617676e-01
4.438963830471038818e-01
5.623506307601928711e-01
5.991317033767700195e-01
4.921199083328247070e-01
5.315532088279724121e-01
3.930117487907409668e-01
5.831696987152099609e-01
5.078494548797607422e-01
3.760637640953063965e-01
3.971104919910430908e-01
6.484521627426147461e-01
4.184068143367767334e-01
6.435731649398803711e-01
6.218972802162170410e-01
5.463515520095825195e-01
3.389363586902618408e-01
6.467352509498596191e-01
4.079651534557342529e-01
4.910976588726043701e-01
4.830294251441955566e-01
6.116725802421569824e-01
6.195401549339294434e-01
6.519694924354553223e-01
6.401996016502380371e-01
5.660918951034545898e-01
6.431328654289245605e-01
6.456748843193054199e-01
3.646814227104187012e-01
5.504115223884582520e-01
6.271228790283203125e-01
3.818832635879516602e-01
6.275237202644348145e-01
4.646189510822296143e-01
6.471295952796936035e-01
5.679476857185363770e-01
4.670263528823852539e-01
4.943597018718719482e-01
6.478276848793029785e-01
3.479481041431427002e-01
6.396480202674865723e-01
5.335004925727844238e-01
5.864632725715637207e-01
5.910215973854064941e-01
3.536887168884277344e-01
5.247955322265625000e-01
6.310009956359863281e-01
6.469060778617858887e-01
3.848238587379455566e-01
6.218541860580444336e-01
5.902405977249145508e-01
4.074734151363372803e-01
3.371813595294952393e-01
6.271750926971435547e-01
6.309811472892761230e-01
3.315835893154144287e-01
3.351081907749176025e-01
4.700632095336914062e-01
3.500061929225921631e-01
3.778113722801208496e-01
3.903724849224090576e-01
4.765522480010986328e-01
3.583668172359466553e-01
6.448999643325805664e-01
6.486698985099792480e-01
5.033621788024902344e-01
6.008004546165466309e-01
4.314622879028320312e-01
5.548086166381835938e-01
3.739982843399047852e-01
3.270431458950042725e-01
3.689324855804443359e-01
3.571758270263671875e-01
4.841313064098358154e-01
6.232626438140869141e-01
6.536856293678283691e-01
6.422939300537109375e-01
3.562382459640502930e-01
3.205955624580383301e-01
6.453106999397277832e-01
6.519468426704406738e-01
6.490396261215209961e-01
6.307185888290405273e-01
3.516489267349243164e-01
3.778791725635528564e-01
6.071830391883850098e-01
5.218251347541809082e-01
4.205887913703918457e-01
6.327150464057922363e-01
5.600245594978332520e-01
6.466703414916992188e-01
3.602775633335113525e-01
6.422603726387023926e-01
5.134591460227966309e-01
6.456026434898376465e-01
5.940396785736083984e-01
3.736269176006317139e-01
6.336378455162048340e-01
6.071422696113586426e-01
6.383806467056274414e-01
4.877198636531829834e-01
6.307284832000732422e-01
5.276823043823242188e-01
6.497349143028259277e-01
3.963577747344970703e-01
6.384412050247192383e-01
4.644408524036407471e-01
5.636839270591735840e-01
4.987930655479431152e-01
6.016384363174438477e-01
6.149153113365173340e-01
6.102749109268188477e-01
6.498442888259887695e-01
6.421597003936767578e-01
4.050924777984619141e-01
3.259526789188385010e-01
4.974091351032257080e-01
6.363815069198608398e-01
3.839413821697235107e-01
3.457812070846557617e-01
3.847155272960662842e-01
6.240506172180175781e-01
6.402037739753723145e-01
3.571648597717285156e-01
4.650950133800506592e-01
6.541492342948913574e-01
3.255143761634826660e-01
3.378368914127349854e-01
4.088595807552337646e-01
6.436596512794494629e-01
5.523544549942016602e-01
5.603592991828918457e-01
3.517319262027740479e-01
3.376699984073638916e-01
5.536333918571472168e-01
6.054335236549377441e-01
3.378329575061798096e-01
4.062142670154571533e-01
3.979580104351043701e-01
6.361923217773437500e-01
4.475659132003784180e-01
6.399492025375366211e-01
5.946512222290039062e-01
4.211222231388092041e-01
6.297739148139953613e-01
6.443626880645751953e-01
4.390897750854492188e-01
6.429906487464904785e-01
5.027732253074645996e-01
3.785151839256286621e-01
3.916807472705841064e-01
3.700822889804840088e-01
5.972290635108947754e-01
6.170130968093872070e-01
5.431546568870544434e-01
4.033779203891754150e-01
6.303982734680175781e-01
5.856521725654602051e-01
5.592675805091857910e-01
3.804055750370025635e-01
3.723787069320678711e-01
6.255601048469543457e-01
5.594077706336975098e-01
6.349115967750549316e-01
6.474934220314025879e-01
4.288361370563507080e-01
3.814705610275268555e-01
3.785811066627502441e-01
5.303625464439392090e-01
6.246241927146911621e-01
3.546973466873168945e-01
5.613098740577697754e-01
4.819089770317077637e-01
5.133945345878601074e-01
6.522991657257080078e-01
6.331011056900024414e-01
3.384231626987457275e-01
3.284650146961212158e-01
6.426693797111511230e-01
5.646678805351257324e-01
4.153118729591369629e-01
5.179113745689392090e-01
6.342196464538574219e-01
3.329898118972778320e-01
3.582405447959899902e-01
6.199493408203125000e-01
4.139497876167297363e-01
6.188441514968872070e-01
3.544960319995880127e-01
5.479161739349365234e-01
3.576751947402954102e-01
4.471146762371063232e-01
6.381962895393371582e-01
5.429471731185913086e-01
4.286955296993255615e-01
5.147796869277954102e-01
4.561265707015991211e-01
5.467714071273803711e-01
6.402415037155151367e-01
5.979583263397216797e-01
5.720288157463073730e-01
5.323829650878906250e-01
5.546121001243591309e-01
6.081663370132446289e-01
3.459492027759552002e-01
6.119625568389892578e-01
6.393361091613769531e-01
6.075720191001892090e-01
3.365432322025299072e-01
3.330106139183044434e-01
3.230486810207366943e-01
3.653117418289184570e-01
6.298122406005859375e-01
5.289224982261657715e-01
6.216899752616882324e-01
5.554805994033813477e-01
4.059176146984100342e-01
6.202425360679626465e-01
3.746542036533355713e-01
6.474265456199645996e-01
6.445256471633911133e-01
3.819024860858917236e-01
3.791021108627319336e-01
4.434602558612823486e-01
4.441160559654235840e-01
5.121222138404846191e-01
4.518394470214843750e-01
5.829135179519653320e-01
6.442605853080749512e-01
5.346444845199584961e-01
6.066759824752807617e-01
5.922362804412841797e-01
6.326256394386291504e-01
3.726316690444946289e-01
6.213544607162475586e-01
6.534646749496459961e-01
5.995986461639404297e-01
6.115558147430419922e-01
6.459808349609375000e-01
5.814918279647827148e-01
3.958947062492370605e-01
3.356307148933410645e-01
4.843078851699829102e-01
5.659899115562438965e-01
3.613626956939697266e-01
3.889037370681762695e-01
4.913652837276458740e-01
5.860777497291564941e-01
6.268648505210876465e-01
5.207089185714721680e-01
5.991150736808776855e-01
4.766936004161834717e-01
3.350815176963806152e-01
6.447867751121520996e-01
4.665935933589935303e-01
6.461632847785949707e-01
6.462923884391784668e-01
6.094329357147216797e-01
6.368095278739929199e-01
3.974228799343109131e-01
6.349573135375976562e-01
6.040092110633850098e-01
6.227571368217468262e-01
6.383026838302612305e-01
3.484846949577331543e-01
5.123493075370788574e-01
6.220983266830444336e-01
5.334570407867431641e-01
6.489517092704772949e-01
6.455228328704833984e-01
6.301158070564270020e-01
4.454608261585235596e-01
5.729476809501647949e-01
6.094901561737060547e-01
6.414798498153686523e-01
6.489661335945129395e-01
6.381469964981079102e-01
5.856512784957885742e-01
4.386729598045349121e-01
3.548906743526458740e-01
6.340751647949218750e-01
6.168523430824279785e-01
3.599323332309722900e-01
5.960322618484497070e-01
5.368854403495788574e-01
6.529920697212219238e-01
6.197535991668701172e-01
6.502653956413269043e-01
5.954423546791076660e-01
3.654759824275970459e-01
6.302578449249267578e-01
6.339891552925109863e-01
5.261977910995483398e-01
4.095553755760192871e-01
3.670241832733154297e-01
5.320656299591064453e-01
4.308539628982543945e-01
6.009477376937866211e-01
3.270993232727050781e-01
5.508531928062438965e-01
6.402813792228698730e-01
3.878602087497711182e-01
3.798988163471221924e-01
3.296547532081604004e-01
6.503879427909851074e-01
6.066676974296569824e-01
4.010461568832397461e-01
6.404205560684204102e-01
4.237973690032958984e-01
4.459516704082489014e-01
4.578219652175903320e-01
3.468143939971923828e-01
4.562500417232513428e-01
6.158840656280517578e-01
4.929443895816802979e-01
3.522764444351196289e-01
6.507301330566406250e-01
6.334965825080871582e-01
4.843363165855407715e-01
6.526356339454650879e-01
5.545315146446228027e-01
6.418395638465881348e-01
3.379076123237609863e-01
6.363506913185119629e-01
6.371394395828247070e-01
3.850895166397094727e-01
5.838658213615417480e-01
3.363676965236663818e-01
4.020920991897583008e-01
3.874305784702301025e-01
6.455842256546020508e-01
5.911929607391357422e-01
6.342293620109558105e-01
5.396888852119445801e-01
6.395364403724670410e-01
4.698616862297058105e-01
6.351662874221801758e-01
3.353155255317687988e-01
4.223979711532592773e-01
6.282328367233276367e-01
5.889006257057189941e-01
4.592086076736450195e-01
4.800570011138916016e-01
5.002042055130004883e-01
5.048434138298034668e-01
3.557001948356628418e-01
6.036023497581481934e-01
3.812142312526702881e-01
6.539976596832275391e-01
3.642382323741912842e-01
6.217848062515258789e-01
4.358733296394348145e-01
5.769731402397155762e-01
5.095768570899963379e-01
3.634643256664276123e-01
4.740397334098815918e-01
3.720427751541137695e-01
5.128089189529418945e-01
4.186814725399017334e-01
3.763733506202697754e-01
5.920220613479614258e-01
5.186255574226379395e-01
3.557416796684265137e-01
3.378262817859649658e-01
3.543690741062164307e-01
3.714915812015533447e-01
4.296339452266693115e-01
3.463585078716278076e-01
6.455373167991638184e-01
3.778876364231109619e-01
6.138821244239807129e-01
3.580426871776580811e-01
6.346572041511535645e-01
3.658078014850616455e-01
6.172180175781250000e-01
6.455653309822082520e-01
3.992925286293029785e-01
4.452408254146575928e-01
5.710064768791198730e-01
4.246773719787597656e-01
3.322800099849700928e-01
3.905121088027954102e-01
4.293487071990966797e-01
6.460890173912048340e-01
5.474664568901062012e-01
3.544773161411285400e-01
6.516838669776916504e-01
4.967927634716033936e-01
6.317731738090515137e-01
5.386635661125183105e-01
6.410850882530212402e-01
6.455102562904357910e-01
6.175200343132019043e-01
6.301366090774536133e-01
3.444309830665588379e-01
6.374118328094482422e-01
6.112641096115112305e-01
3.493604362010955811e-01
3.353140056133270264e-01
4.764799177646636963e-01
4.958119094371795654e-01
6.503661274909973145e-01
6.274431943893432617e-01
6.239847540855407715e-01
6.234237551689147949e-01
3.900910317897796631e-01
5.226487517356872559e-01
3.413987755775451660e-01
6.038901805877685547e-01
5.935500264167785645e-01
3.574452698230743408e-01
4.533269107341766357e-01
3.558439612388610840e-01
6.396684646606445312e-01
6.026841402053833008e-01
3.386144936084747314e-01
6.333795189857482910e-01
4.863421320915222168e-01
6.294980645179748535e-01
6.171432137489318848e-01
6.390937566757202148e-01
3.815004229545593262e-01
3.450617790222167969e-01
4.842288494110107422e-01
3.583857715129852295e-01
6.418218016624450684e-01
3.971010446548461914e-01
6.491786837577819824e-01
6.333087086677551270e-01
4.771228134632110596e-01
3.556471168994903564e-01
6.496230959892272949e-01
5.460050106048583984e-01
6.227267980575561523e-01
6.452484130859375000e-01
5.151360630989074707e-01
3.362898230552673340e-01
5.979925990104675293e-01
4.222788512706756592e-01
5.903890728950500488e-01
4.999778270721435547e-01
3.276058733463287354e-01
4.576229751110076904e-01
3.677354753017425537e-01
3.472993075847625732e-01
4.026596248149871826e-01
3.329679071903228760e-01
4.152039587497711182e-01
6.498805284500122070e-01
6.380631327629089355e-01
3.925622701644897461e-01
3.432632386684417725e-01
6.278353333473205566e-01
6.514137983322143555e-01
4.675087630748748779e-01
6.453589200973510742e-01
3.297919631004333496e-01
3.478401899337768555e-01
6.086539626121520996e-01
6.500289440155029297e-01
6.026823520660400391e-01
6.450206637382507324e-01
5.561953186988830566e-01
4.250876009464263916e-01
6.353416442871093750e-01
3.271499574184417725e-01
6.307128071784973145e-01
5.321668386459350586e-01
6.235788464546203613e-01
5.841435194015502930e-01
6.555585265159606934e-01
3.443620204925537109e-01
3.436790704727172852e-01
3.825269639492034912e-01
6.313800811767578125e-01
6.048326492309570312e-01
3.935671448707580566e-01
3.445422053337097168e-01
4.369842410087585449e-01
3.588365316390991211e-01
6.407119035720825195e-01
5.812337994575500488e-01
6.085545420646667480e-01
5.894674658775329590e-01
3.453374207019805908e-01
6.401294469833374023e-01
4.905593395233154297e-01
3.968402743339538574e-01
6.424300670623779297e-01
4.684962928295135498e-01
3.803652226924896240e-01
3.747664093971252441e-01
4.619877040386199951e-01
6.496495604515075684e-01
4.410357773303985596e-01
6.152136921882629395e-01
6.433261036872863770e-01
3.663613498210906982e-01
5.577079653739929199e-01
5.763128399848937988e-01
6.180530786514282227e-01
4.525483548641204834e-01
6.212922334671020508e-01
3.647291362285614014e-01
6.191310882568359375e-01
6.497763991355895996e-01
5.829735994338989258e-01
3.841945230960845947e-01
3.300668001174926758e-01
6.215044260025024414e-01
4.631201922893524170e-01
6.473878026008605957e-01
4.388223886489868164e-01
6.344408988952636719e-01
4.296504855155944824e-01
3.244611322879791260e-01
5.407181382179260254e-01
5.173708796501159668e-01
6.241298317909240723e-01
5.327919721603393555e-01
3.872638344764709473e-01
5.903068184852600098e-01
5.618970394134521484e-01
4.109800457954406738e-01
6.374218463897705078e-01
3.833515644073486328e-01
3.495834171772003174e-01
4.757279455661773682e-01
6.505086421966552734e-01
4.211455881595611572e-01
4.921481311321258545e-01
3.430004417896270752e-01
6.512117981910705566e-01
4.249930083751678467e-01
3.652730882167816162e-01
6.273061633110046387e-01
3.763214349746704102e-01
5.279368162155151367e-01
5.499026775360107422e-01
3.567448258399963379e-01
4.966996312141418457e-01
6.117716431617736816e-01
5.802251100540161133e-01
4.380207061767578125e-01
3.490843772888183594e-01
3.644513487815856934e-01
3.828743398189544678e-01
3.287345767021179199e-01
3.548609018325805664e-01
6.286149621009826660e-01
3.951175510883331299e-01
6.469700336456298828e-01
6.470279693603515625e-01
5.032053589820861816e-01
5.586932897567749023e-01
3.287773728370666504e-01
5.909799933433532715e-01
5.181234478950500488e-01
6.257079839706420898e-01
3.949517607688903809e-01
4.691909551620483398e-01
6.446301341056823730e-01
6.480884552001953125e-01
5.443162322044372559e-01
3.554640114307403564e-01
6.399664282798767090e-01
6.404864788055419922e-01
6.410529613494873047e-01
6.055572628974914551e-01
5.786637067794799805e-01
4.028355181217193604e-01
6.498480439186096191e-01
3.959135413169860840e-01
5.763650536537170410e-01
6.349104046821594238e-01
3.355912268161773682e-01
3.467514514923095703e-01
5.553275346755981445e-01
3.703961074352264404e-01
4.708612561225891113e-01
6.222913265228271484e-01
3.751513361930847168e-01
3.688120543956756592e-01
3.555954098701477051e-01
6.452212333679199219e-01
5.724615454673767090e-01
5.186858177185058594e-01
4.749496281147003174e-01
5.987409353256225586e-01
5.295527577400207520e-01
6.235170960426330566e-01
6.313508152961730957e-01
6.401849985122680664e-01
4.851983487606048584e-01
3.482245802879333496e-01
5.501577854156494141e-01
6.302121281623840332e-01
6.327677965164184570e-01
5.505302548408508301e-01
4.374888837337493896e-01
4.433532953262329102e-01
3.540344238281250000e-01
6.293733716011047363e-01
6.230311393737792969e-01
5.854893326759338379e-01
4.851047098636627197e-01
4.199558496475219727e-01
4.144550263881683350e-01
6.454982161521911621e-01
6.392912864685058594e-01
5.045676827430725098e-01
6.337531208992004395e-01
5.916849970817565918e-01
3.802268207073211670e-01
6.461344361305236816e-01
4.257879555225372314e-01
3.237370848655700684e-01
3.319925665855407715e-01
4.094945490360260010e-01
4.059501886367797852e-01
5.744370222091674805e-01
6.373309493064880371e-01
3.577245771884918213e-01
4.041436612606048584e-01
4.010244905948638916e-01
3.632823526859283447e-01
6.219273209571838379e-01
5.922735929489135742e-01
3.641246557235717773e-01
6.356155276298522949e-01
4.728762507438659668e-01
5.928707718849182129e-01
6.496451497077941895e-01
6.465975642204284668e-01
6.392734050750732422e-01
6.050674915313720703e-01
6.485000848770141602e-01
6.130359172821044922e-01
3.878141939640045166e-01
3.797710537910461426e-01
5.353244543075561523e-01
3.392037153244018555e-01
6.509563326835632324e-01
6.279147267341613770e-01
3.840313255786895752e-01
5.543022155761718750e-01
4.416214227676391602e-01
3.973401188850402832e-01
5.155478715896606445e-01
6.214504837989807129e-01
6.436573863029479980e-01
6.365015506744384766e-01
4.744491875171661377e-01
6.298074126243591309e-01
3.570443987846374512e-01
5.720570683479309082e-01
6.300259828567504883e-01
6.221346259117126465e-01
6.342074275016784668e-01
6.227117180824279785e-01
4.169566333293914795e-01
4.270017445087432861e-01
3.935345411300659180e-01
6.304715275764465332e-01
4.139292836189270020e-01
5.349888205528259277e-01
3.314893245697021484e-01
3.771195113658905029e-01
6.179156899452209473e-01
5.744326710700988770e-01
6.442995667457580566e-01
4.352172911167144775e-01
6.321139931678771973e-01
6.345725059509277344e-01
3.893280327320098877e-01
3.729275166988372803e-01
6.488997936248779297e-01
3.416405022144317627e-01
4.118016362190246582e-01
4.499242901802062988e-01
5.606247782707214355e-01
6.485635042190551758e-01
3.587615787982940674e-01
5.335537791252136230e-01
3.881663978099822998e-01
5.067685842514038086e-01
3.380942642688751221e-01
5.713338255882263184e-01
3.551246821880340576e-01
6.394962668418884277e-01
4.369370639324188232e-01
5.326136350631713867e-01
6.132895946502685547e-01
3.325427770614624023e-01
6.382509469985961914e-01
4.590417444705963135e-01
6.299508810043334961e-01
6.434741020202636719e-01
3.856422007083892822e-01
3.222732245922088623e-01
6.466156840324401855e-01
6.399791240692138672e-01
3.520267307758331299e-01
4.495636224746704102e-01
6.370355486869812012e-01
6.418883204460144043e-01
3.413009345531463623e-01
5.448008179664611816e-01
4.597667455673217773e-01
4.182436764240264893e-01
4.785076081752777100e-01
6.485873460769653320e-01
3.698461949825286865e-01
4.200389385223388672e-01
6.441889405250549316e-01
4.314467012882232666e-01
6.454144120216369629e-01
5.667467117309570312e-01
4.419388771057128906e-01
4.614549279212951660e-01
6.436493992805480957e-01
6.404838562011718750e-01
3.200686573982238770e-01
3.263438642024993896e-01
6.354093551635742188e-01
5.623801350593566895e-01
3.779476284980773926e-01
5.493272542953491211e-01
6.258612275123596191e-01
4.695040285587310791e-01
3.370597958564758301e-01
3.854829370975494385e-01
5.795767903327941895e-01
6.344321370124816895e-01
6.184996366500854492e-01
3.730354011058807373e-01
5.963855981826782227e-01
5.003652572631835938e-01
3.288694024085998535e-01
5.322194099426269531e-01
4.378100931644439697e-01
5.594029426574707031e-01
5.891969799995422363e-01
6.314628124237060547e-01
6.036731004714965820e-01
3.514222502708435059e-01
3.552740216255187988e-01
3.692709505558013916e-01
4.316813349723815918e-01
4.738335907459259033e-01
6.213818788528442383e-01
5.253437161445617676e-01
3.697889447212219238e-01
6.319158077239990234e-01
6.223767995834350586e-01
6.270080804824829102e-01
4.994636476039886475e-01
4.210127890110015869e-01
5.512256622314453125e-01
4.632737934589385986e-01
6.246890425682067871e-01
4.014415740966796875e-01
6.225737929344177246e-01
5.545051097869873047e-01
3.423161506652832031e-01
6.041942834854125977e-01
5.942032933235168457e-01
6.273391246795654297e-01
5.624578595161437988e-01
4.334341883659362793e-01
5.920330286026000977e-01
5.816291570663452148e-01
5.808330178260803223e-01
6.209579110145568848e-01
6.418723464012145996e-01
4.752239286899566650e-01
6.396743059158325195e-01
6.278044581413269043e-01
5.409400463104248047e-01
5.832834839820861816e-01
6.346293091773986816e-01
6.279608607292175293e-01
4.343158006668090820e-01
3.377705812454223633e-01
3.393408060073852539e-01
5.547278523445129395e-01
5.930562615394592285e-01
4.253022968769073486e-01
5.917721986770629883e-01
3.295896351337432861e-01
3.436759114265441895e-01
6.512837409973144531e-01
6.012501120567321777e-01
5.505849123001098633e-01
5.079144239425659180e-01
6.247351765632629395e-01
4.812633991241455078e-01
3.410038053989410400e-01
3.953734338283538818e-01
6.342111229896545410e-01
5.303512215614318848e-01
6.465548276901245117e-01
4.068010151386260986e-01
3.663040101528167725e-01
3.407906889915466309e-01
3.518854975700378418e-01
4.130460023880004883e-01
4.989384412765502930e-01
6.511315107345581055e-01
5.372015833854675293e-01
4.208058416843414307e-01
6.351182460784912109e-01
3.399577438831329346e-01
3.412980735301971436e-01
6.122759580612182617e-01
3.441298305988311768e-01
6.424770355224609375e-01
6.481624841690063477e-01
3.297348916530609131e-01
3.640372455120086670e-01
5.241636037826538086e-01
3.461405932903289795e-01
6.091944575309753418e-01
6.374684572219848633e-01
4.239916205406188965e-01
6.275600194931030273e-01
3.495869636535644531e-01
5.899591445922851562e-01
6.497043967247009277e-01
6.255545616149902344e-01
6.222484707832336426e-01
3.742818832397460938e-01
4.775636494159698486e-01
6.310463547706604004e-01
6.523417234420776367e-01
4.134714007377624512e-01
3.227252066135406494e-01
4.077011644840240479e-01
6.241530179977416992e-01
5.142540335655212402e-01
6.233448982238769531e-01
5.147692561149597168e-01
6.394562125205993652e-01
5.358688235282897949e-01
3.776062428951263428e-01
6.038185954093933105e-01
3.556836545467376709e-01
4.474085569381713867e-01
6.205641627311706543e-01
5.551631450653076172e-01
5.273507833480834961e-01
4.338862895965576172e-01
6.231471896171569824e-01
5.326548218727111816e-01
6.463001966476440430e-01
5.201007723808288574e-01
6.354475617408752441e-01
6.244103908538818359e-01
6.482675671577453613e-01
4.443545937538146973e-01
6.306650042533874512e-01
6.320776343345642090e-01
6.278009414672851562e-01
4.264198541641235352e-01
3.695106506347656250e-01
4.641749262809753418e-01
5.471168160438537598e-01
4.125867486000061035e-01
4.267926514148712158e-01
3.352299034595489502e-01
6.473777890205383301e-01
3.517774641513824463e-01
3.542223572731018066e-01
4.362536370754241943e-01
6.041087508201599121e-01
5.611703395843505859e-01
6.503220796585083008e-01
6.352600455284118652e-01
5.271220803260803223e-01
3.324147462844848633e-01
6.497141122817993164e-01
5.206625461578369141e-01
6.524805426597595215e-01
4.312244653701782227e-01
6.415836811065673828e-01
4.240569472312927246e-01
6.435533165931701660e-01
5.635906457901000977e-01
6.300992369651794434e-01
3.431090414524078369e-01
6.505872607231140137e-01
6.400952339172363281e-01
5.814236402511596680e-01
4.976497888565063477e-01
5.144400596618652344e-01
6.200768947601318359e-01
6.278291940689086914e-01
3.614837527275085449e-01
5.397497415542602539e-01
3.325688838958740234e-01
3.572864830493927002e-01
6.316941976547241211e-01
4.513202309608459473e-01
4.129058420658111572e-01
6.079983711242675781e-01
4.171179533004760742e-01
5.845798254013061523e-01
6.275781393051147461e-01
4.738337099552154541e-01
5.388783216476440430e-01
5.490590333938598633e-01
3.880680799484252930e-01
3.655557036399841309e-01
4.214095175266265869e-01
6.321758627891540527e-01
5.512079596519470215e-01
5.912464261054992676e-01
6.529009342193603516e-01
6.423985958099365234e-01
3.441864848136901855e-01
5.617948174476623535e-01
