5.672914385795593262e-01
3.521732091903686523e-01
5.562326908111572266e-01
5.680725574493408203e-01
3.635576963424682617e-01
5.854643583297729492e-01
6.077273488044738770e-01
5.446529388427734375e-01
4.743308722972869873e-01
5.367433428764343262e-01
3.413611650466918945e-01
5.675041675567626953e-01
5.229163169860839844e-01
3.595431149005889893e-01
6.149742007255554199e-01
4.955169260501861572e-01
3.919052481651306152e-01
3.499203920364379883e-01
3.552594482898712158e-01
4.940138459205627441e-01
4.467563331127166748e-01
6.022328734397888184e-01
3.481218814849853516e-01
4.156805574893951416e-01
6.292504072189331055e-01
4.769692420959472656e-01
3.909700512886047363e-01
4.731431305408477783e-01
5.585432648658752441e-01
5.501553416252136230e-01
6.027595996856689453e-01
5.246295928955078125e-01
3.560276925563812256e-01
3.932772874832153320e-01
3.745271563529968262e-01
3.727046847343444824e-01
5.540732741355895996e-01
3.528180718421936035e-01
6.016940474510192871e-01
5.982706546783447266e-01
3.571670353412628174e-01
3.628814816474914551e-01
3.390173316001892090e-01
3.496581315994262695e-01
4.037101566791534424e-01
5.602083802223205566e-01
5.855594873428344727e-01
4.873726963996887207e-01
4.235391616821289062e-01
3.423657119274139404e-01
4.658192396163940430e-01
6.027897596359252930e-01
3.463385999202728271e-01
6.143423318862915039e-01
3.416678905487060547e-01
3.893891870975494385e-01
5.959882736206054688e-01
3.757405579090118408e-01
5.549692511558532715e-01
3.420812487602233887e-01
3.607156574726104736e-01
5.479388833045959473e-01
3.698479831218719482e-01
3.491636514663696289e-01
6.121051311492919922e-01
5.795835256576538086e-01
6.243144273757934570e-01
4.315121769905090332e-01
4.642557799816131592e-01
4.333233535289764404e-01
3.388158082962036133e-01
4.306750595569610596e-01
3.452746272087097168e-01
5.598633289337158203e-01
5.599756240844726562e-01
3.788332641124725342e-01
5.179402828216552734e-01
4.131533205509185791e-01
3.438586294651031494e-01
3.686186075210571289e-01
3.630846738815307617e-01
3.770604133605957031e-01
4.320167005062103271e-01
4.858750700950622559e-01
5.452045202255249023e-01
5.664582848548889160e-01
5.450475811958312988e-01
5.413389801979064941e-01
4.370953440666198730e-01
5.936598777770996094e-01
4.683820307254791260e-01
3.487402200698852539e-01
4.302193224430084229e-01
5.733484625816345215e-01
5.917843580245971680e-01
5.985946059226989746e-01
3.440151214599609375e-01
3.504499495029449463e-01
4.360292553901672363e-01
6.159701347351074219e-01
3.403711020946502686e-01
5.644409060478210449e-01
3.583116829395294189e-01
5.905252099037170410e-01
3.881418108940124512e-01
5.498678088188171387e-01
5.673788785934448242e-01
6.265237331390380859e-01
4.483012855052947998e-01
3.425469696521759033e-01
5.497451424598693848e-01
3.381122350692749023e-01
4.531387984752655029e-01
6.105226278305053711e-01
3.484064340591430664e-01
4.683561921119689941e-01
4.526643455028533936e-01
5.899174809455871582e-01
5.975586175918579102e-01
3.444250226020812988e-01
6.213822364807128906e-01
5.991969704627990723e-01
5.887276530265808105e-01
3.467981219291687012e-01
3.443419337272644043e-01
5.055927634239196777e-01
3.522773683071136475e-01
3.544811606407165527e-01
5.800925493240356445e-01
3.881663978099822998e-01
5.726127028465270996e-01
5.136752724647521973e-01
5.894312262535095215e-01
5.191845893859863281e-01
3.450898826122283936e-01
3.397102057933807373e-01
5.915505290031433105e-01
4.094050526618957520e-01
4.587806463241577148e-01
6.047649383544921875e-01
3.784142434597015381e-01
4.341856241226196289e-01
6.173065900802612305e-01
5.535047650337219238e-01
3.461530506610870361e-01
3.921237587928771973e-01
4.060966372489929199e-01
4.051541090011596680e-01
3.742939531803131104e-01
3.689920604228973389e-01
3.402400910854339600e-01
3.672393560409545898e-01
3.375679850578308105e-01
3.520905375480651855e-01
5.680246949195861816e-01
3.698575794696807861e-01
5.926132798194885254e-01
3.810130655765533447e-01
3.398520946502685547e-01
3.825817406177520752e-01
5.768219828605651855e-01
4.784320890903472900e-01
5.931361317634582520e-01
3.471148312091827393e-01
3.484782874584197998e-01
4.445173740386962891e-01
3.619936704635620117e-01
3.413468897342681885e-01
3.409219980239868164e-01
4.778710603713989258e-01
4.742373526096343994e-01
6.115305423736572266e-01
5.884457826614379883e-01
4.857536554336547852e-01
6.128934025764465332e-01
4.921811819076538086e-01
5.168734788894653320e-01
6.035793423652648926e-01
3.482289910316467285e-01
5.738734006881713867e-01
5.239517688751220703e-01
3.407681584358215332e-01
4.134096801280975342e-01
3.966297507286071777e-01
3.651486933231353760e-01
4.006676971912384033e-01
3.473952710628509521e-01
6.135049462318420410e-01
3.622445464134216309e-01
6.023954153060913086e-01
4.004855155944824219e-01
4.502484798431396484e-01
4.865492284297943115e-01
5.880447030067443848e-01
5.112447738647460938e-01
3.809547424316406250e-01
5.403182506561279297e-01
3.430002629756927490e-01
5.700002908706665039e-01
3.460721373558044434e-01
6.221272945404052734e-01
3.760728836059570312e-01
3.543134629726409912e-01
3.398624360561370850e-01
3.429906070232391357e-01
6.032614707946777344e-01
5.035314559936523438e-01
3.614161610603332520e-01
5.602071285247802734e-01
3.401880264282226562e-01
3.418745696544647217e-01
5.416421890258789062e-01
3.767275810241699219e-01
5.592795610427856445e-01
3.546336591243743896e-01
3.764251172542572021e-01
4.346478581428527832e-01
3.473252356052398682e-01
3.543430864810943604e-01
3.502067625522613525e-01
3.723070621490478516e-01
4.186742603778839111e-01
6.120575666427612305e-01
3.383299708366394043e-01
3.512732088565826416e-01
3.686670064926147461e-01
3.776808083057403564e-01
3.855825662612915039e-01
5.918381810188293457e-01
5.973402857780456543e-01
5.304831862449645996e-01
5.238348841667175293e-01
3.447557389736175537e-01
3.706296086311340332e-01
3.669492602348327637e-01
3.487522900104522705e-01
3.619806766510009766e-01
4.013244211673736572e-01
4.375290572643280029e-01
6.037070155143737793e-01
3.386291563510894775e-01
4.850958883762359619e-01
4.646051824092864990e-01
3.471160233020782471e-01
6.226592659950256348e-01
6.067149043083190918e-01
6.134436130523681641e-01
4.059629738330841064e-01
3.379639685153961182e-01
5.674818158149719238e-01
4.524837136268615723e-01
3.536852002143859863e-01
3.515101075172424316e-01
4.336622953414916992e-01
5.876294374465942383e-01
6.016730666160583496e-01
3.491546511650085449e-01
3.437322676181793213e-01
3.420841395854949951e-01
3.395373225212097168e-01
5.895118117332458496e-01
3.620732724666595459e-01
6.018646359443664551e-01
4.237123429775238037e-01
3.705452680587768555e-01
3.884006142616271973e-01
3.414168059825897217e-01
3.396110534667968750e-01
3.812806904315948486e-01
3.887884020805358887e-01
4.454811215400695801e-01
6.222851276397705078e-01
5.725882649421691895e-01
5.310543179512023926e-01
3.815311491489410400e-01
3.445695638656616211e-01
3.534409999847412109e-01
3.832552433013916016e-01
3.405782282352447510e-01
5.006880760192871094e-01
6.057137250900268555e-01
3.422514498233795166e-01
3.437888920307159424e-01
6.189582347869873047e-01
3.637394607067108154e-01
3.888086378574371338e-01
4.037825465202331543e-01
3.442853391170501709e-01
3.421666026115417480e-01
5.557524561882019043e-01
3.407916426658630371e-01
6.077415347099304199e-01
5.297322273254394531e-01
3.502242267131805420e-01
3.711486458778381348e-01
4.543387889862060547e-01
5.003821253776550293e-01
4.703699052333831787e-01
4.029503762722015381e-01
5.206261277198791504e-01
3.587239682674407959e-01
3.556256592273712158e-01
4.362212121486663818e-01
6.137916445732116699e-01
5.808838605880737305e-01
4.463787674903869629e-01
3.499864041805267334e-01
4.366194903850555420e-01
3.430237770080566406e-01
3.856645226478576660e-01
4.632555842399597168e-01
3.580920994281768799e-01
3.647799789905548096e-01
6.087197661399841309e-01
5.369280576705932617e-01
6.099379062652587891e-01
6.259455084800720215e-01
4.763300716876983643e-01
6.002694964408874512e-01
3.477779328823089600e-01
5.734046101570129395e-01
3.484987616539001465e-01
3.923534452915191650e-01
5.509188175201416016e-01
3.531188070774078369e-01
3.437841236591339111e-01
3.386841118335723877e-01
3.656144440174102783e-01
4.162347018718719482e-01
3.466270565986633301e-01
4.783536195755004883e-01
5.832453370094299316e-01
3.986436426639556885e-01
5.306688547134399414e-01
3.617676794528961182e-01
3.399922847747802734e-01
3.408740758895874023e-01
5.041282176971435547e-01
4.720198810100555420e-01
4.860055744647979736e-01
4.343202114105224609e-01
5.875322222709655762e-01
3.555119037628173828e-01
3.914874792098999023e-01
3.396276831626892090e-01
5.918589830398559570e-01
5.404075980186462402e-01
5.229132175445556641e-01
5.828659534454345703e-01
4.813723266124725342e-01
5.911169648170471191e-01
3.390214443206787109e-01
3.686467409133911133e-01
4.032537043094635010e-01
5.018872022628784180e-01
5.965234041213989258e-01
3.488518893718719482e-01
4.135773181915283203e-01
5.703631639480590820e-01
3.764211237430572510e-01
3.711704015731811523e-01
3.744746148586273193e-01
4.387427270412445068e-01
4.985473752021789551e-01
5.952194929122924805e-01
3.703715205192565918e-01
3.549862504005432129e-01
3.898357450962066650e-01
6.235344409942626953e-01
3.736124932765960693e-01
3.591667711734771729e-01
6.190336346626281738e-01
6.160338521003723145e-01
3.524837791919708252e-01
4.652368128299713135e-01
5.615597963333129883e-01
3.656424283981323242e-01
3.540710210800170898e-01
4.778244793415069580e-01
3.421954214572906494e-01
3.732473850250244141e-01
4.021163284778594971e-01
3.624663352966308594e-01
6.155422329902648926e-01
3.659417331218719482e-01
5.960238575935363770e-01
3.603088855743408203e-01
6.066616773605346680e-01
3.403600752353668213e-01
6.184433102607727051e-01
5.852168798446655273e-01
3.743599355220794678e-01
4.943567514419555664e-01
3.538330197334289551e-01
3.500959277153015137e-01
4.472586214542388916e-01
3.542071580886840820e-01
3.718819916248321533e-01
6.166831254959106445e-01
3.668949306011199951e-01
3.531450033187866211e-01
5.990232825279235840e-01
3.858893513679504395e-01
5.352566242218017578e-01
4.219645857810974121e-01
3.627341687679290771e-01
3.510085344314575195e-01
5.810192227363586426e-01
3.557241857051849365e-01
5.923538208007812500e-01
6.138834357261657715e-01
3.527758419513702393e-01
4.032225012779235840e-01
6.121382713317871094e-01
5.267997384071350098e-01
5.799914002418518066e-01
3.821479082107543945e-01
3.411333560943603516e-01
4.504934549331665039e-01
5.629450678825378418e-01
6.153489351272583008e-01
3.475642204284667969e-01
3.408015966415405273e-01
4.035710990428924561e-01
5.478416681289672852e-01
5.745894908905029297e-01
4.321263730525970459e-01
4.164043366909027100e-01
3.936620652675628662e-01
6.189919710159301758e-01
5.977182984352111816e-01
4.682018756866455078e-01
5.960471034049987793e-01
3.983727395534515381e-01
4.796643555164337158e-01
3.488083481788635254e-01
3.401890695095062256e-01
5.703688859939575195e-01
3.438242077827453613e-01
3.759366571903228760e-01
6.288641095161437988e-01
4.873453378677368164e-01
5.649985671043395996e-01
3.430412709712982178e-01
3.920068442821502686e-01
4.077312052249908447e-01
4.613457918167114258e-01
5.450667142868041992e-01
5.485643148422241211e-01
5.084251165390014648e-01
3.983532786369323730e-01
3.481192290782928467e-01
5.987911820411682129e-01
3.671546280384063721e-01
3.510653972625732422e-01
6.118635535240173340e-01
4.517761170864105225e-01
3.551267981529235840e-01
3.534581363201141357e-01
6.210635304450988770e-01
5.600584149360656738e-01
5.253503918647766113e-01
3.392979204654693604e-01
5.151613950729370117e-01
3.399024903774261475e-01
3.375303149223327637e-01
3.568373322486877441e-01
3.965954780578613281e-01
5.476022362709045410e-01
5.939003825187683105e-01
4.498789608478546143e-01
3.701029121875762939e-01
6.161407828330993652e-01
4.095733761787414551e-01
3.415869772434234619e-01
3.395432233810424805e-01
3.498786985874176025e-01
3.598108887672424316e-01
3.874211609363555908e-01
3.855708837509155273e-01
4.536059796810150146e-01
4.035213291645050049e-01
3.493894338607788086e-01
3.788540661334991455e-01
5.899195075035095215e-01
3.528323769569396973e-01
3.429301083087921143e-01
3.576479852199554443e-01
5.864047408103942871e-01
5.789697170257568359e-01
3.543364405632019043e-01
5.243106484413146973e-01
3.639060258865356445e-01
4.708719253540039062e-01
3.535234630107879639e-01
4.063407480716705322e-01
3.472844660282135010e-01
3.426260352134704590e-01
6.116400957107543945e-01
5.649885535240173340e-01
3.718329668045043945e-01
3.472636044025421143e-01
6.176037788391113281e-01
3.828602135181427002e-01
3.508000969886779785e-01
3.482407927513122559e-01
3.477782607078552246e-01
3.954108655452728271e-01
5.795445442199707031e-01
3.801767230033874512e-01
5.861000418663024902e-01
4.517926573753356934e-01
3.564353585243225098e-01
6.154053211212158203e-01
3.851742148399353027e-01
3.375807106494903564e-01
6.082130074501037598e-01
3.529537022113800049e-01
3.673653900623321533e-01
3.488556444644927979e-01
3.514628708362579346e-01
3.903141319751739502e-01
3.860587775707244873e-01
3.430264890193939209e-01
4.352695047855377197e-01
3.620409667491912842e-01
5.439805984497070312e-01
4.064058959484100342e-01
3.441739976406097412e-01
5.234196186065673828e-01
4.829607009887695312e-01
3.371307253837585449e-01
4.315692484378814697e-01
3.418465852737426758e-01
6.086737513542175293e-01
6.011379957199096680e-01
6.041763424873352051e-01
3.571914434432983398e-01
3.503965437412261963e-01
3.419459164142608643e-01
5.169106721878051758e-01
3.553145825862884521e-01
3.704182207584381104e-01
4.556564688682556152e-01
3.665543496608734131e-01
5.042134523391723633e-01
3.554664850234985352e-01
5.593832135200500488e-01
3.987179696559906006e-01
5.285879373550415039e-01
6.289114356040954590e-01
3.996607065200805664e-01
5.979259610176086426e-01
5.951423645019531250e-01
5.943090915679931641e-01
3.479991257190704346e-01
3.582174181938171387e-01
4.441579282283782959e-01
3.410845994949340820e-01
3.451003432273864746e-01
6.026036739349365234e-01
3.680506348609924316e-01
5.557169318199157715e-01
4.616408944129943848e-01
5.932503342628479004e-01
3.689778447151184082e-01
4.839308261871337891e-01
6.204269528388977051e-01
4.440049231052398682e-01
6.148557662963867188e-01
4.087145626544952393e-01
4.572086334228515625e-01
3.817253410816192627e-01
3.488661646842956543e-01
5.829380750656127930e-01
3.461858332157135010e-01
3.678768575191497803e-01
4.711955785751342773e-01
4.359488189220428467e-01
3.382873237133026123e-01
5.261901021003723145e-01
5.727690458297729492e-01
6.089437007904052734e-01
4.934144318103790283e-01
3.447405695915222168e-01
4.538196325302124023e-01
5.231792926788330078e-01
3.394196927547454834e-01
5.115887522697448730e-01
3.380738198757171631e-01
3.601378202438354492e-01
5.643014907836914062e-01
3.882273137569427490e-01
4.931112825870513916e-01
3.947924673557281494e-01
5.246502161026000977e-01
5.180438160896301270e-01
5.972312092781066895e-01
3.481476008892059326e-01
3.726613223552703857e-01
3.761285245418548584e-01
4.151073098182678223e-01
3.691338598728179932e-01
6.104048490524291992e-01
3.658816516399383545e-01
5.746163129806518555e-01
5.348725318908691406e-01
3.517566919326782227e-01
3.654461801052093506e-01
4.454494714736938477e-01
3.697070181369781494e-01
3.555374443531036377e-01
4.249444007873535156e-01
5.920840501785278320e-01
5.629209876060485840e-01
3.521640896797180176e-01
3.455581963062286377e-01
3.523341119289398193e-01
3.889494538307189941e-01
3.425586521625518799e-01
5.993023514747619629e-01
3.647796511650085449e-01
5.584107637405395508e-01
3.603026568889617920e-01
4.050961434841156006e-01
3.539095520973205566e-01
4.848400354385375977e-01
3.586787581443786621e-01
6.036987900733947754e-01
4.572574794292449951e-01
4.124627411365509033e-01
4.678150117397308350e-01
5.759801864624023438e-01
3.592011332511901855e-01
3.497138619422912598e-01
5.852292180061340332e-01
3.935626447200775146e-01
4.403205811977386475e-01
3.477306663990020752e-01
4.593402743339538574e-01
5.717726945877075195e-01
3.810006082057952881e-01
5.965824723243713379e-01
4.633902311325073242e-01
3.602836728096008301e-01
5.750856995582580566e-01
6.153264641761779785e-01
3.432714939117431641e-01
4.083598852157592773e-01
3.377313911914825439e-01
3.622845113277435303e-01
4.379432201385498047e-01
4.576442539691925049e-01
4.464585483074188232e-01
3.446972370147705078e-01
3.814275264739990234e-01
4.769970178604125977e-01
5.150474905967712402e-01
5.766052603721618652e-01
4.593254923820495605e-01
3.436855971813201904e-01
4.842508733272552490e-01
4.927704632282257080e-01
3.558277487754821777e-01
3.382439911365509033e-01
3.832577764987945557e-01
3.499940335750579834e-01
5.732021331787109375e-01
3.489783108234405518e-01
3.873036503791809082e-01
5.936274528503417969e-01
6.061853170394897461e-01
3.652977347373962402e-01
3.487058877944946289e-01
5.820514559745788574e-01
3.620440959930419922e-01
5.971310734748840332e-01
5.763383507728576660e-01
5.845819115638732910e-01
5.794432163238525391e-01
3.427290916442871094e-01
6.118618249893188477e-01
6.079443693161010742e-01
6.242167353630065918e-01
6.056607365608215332e-01
3.399460911750793457e-01
5.986596941947937012e-01
3.437289297580718994e-01
4.340232014656066895e-01
3.489305675029754639e-01
3.531737625598907471e-01
3.494624197483062744e-01
6.282882094383239746e-01
3.529885113239288330e-01
4.966884553432464600e-01
4.431450963020324707e-01
6.153126358985900879e-01
3.493750989437103271e-01
5.557488799095153809e-01
6.059867143630981445e-01
5.585129857063293457e-01
3.446003496646881104e-01
4.441495537757873535e-01
3.408156633377075195e-01
5.693013072013854980e-01
3.714761137962341309e-01
5.239218473434448242e-01
3.694233298301696777e-01
4.071267843246459961e-01
3.447192609310150146e-01
3.719729185104370117e-01
5.743413567543029785e-01
3.472261726856231689e-01
6.165876388549804688e-01
3.626737594604492188e-01
3.512057363986968994e-01
5.731806159019470215e-01
3.651249408721923828e-01
3.523513376712799072e-01
3.592104315757751465e-01
3.440742790699005127e-01
5.876222848892211914e-01
5.536379218101501465e-01
3.670733273029327393e-01
3.811487555503845215e-01
4.258460700511932373e-01
4.708765745162963867e-01
4.636599421501159668e-01
5.687423944473266602e-01
3.500348329544067383e-01
3.463563323020935059e-01
4.747814536094665527e-01
4.238840341567993164e-01
6.112453937530517578e-01
5.743408799171447754e-01
6.100283265113830566e-01
3.421224951744079590e-01
3.990105688571929932e-01
4.882812798023223877e-01
5.178189873695373535e-01
3.470321595668792725e-01
5.846831202507019043e-01
3.787119686603546143e-01
5.476397871971130371e-01
6.107686161994934082e-01
3.497237563133239746e-01
5.685442090034484863e-01
3.516723215579986572e-01
3.435279726982116699e-01
3.820924758911132812e-01
5.789902806282043457e-01
3.537849485874176025e-01
3.540551364421844482e-01
5.984992980957031250e-01
3.710720539093017578e-01
3.855726420879364014e-01
4.805176556110382080e-01
3.968899250030517578e-01
3.391889035701751709e-01
3.396262526512145996e-01
5.317606925964355469e-01
3.421843349933624268e-01
5.504875779151916504e-01
3.396346569061279297e-01
4.756621420383453369e-01
4.494022130966186523e-01
3.873604536056518555e-01
6.035084724426269531e-01
3.722540736198425293e-01
4.799407422542572021e-01
4.365445971488952637e-01
3.502882719039916992e-01
3.540738224983215332e-01
5.505428314208984375e-01
6.240405440330505371e-01
5.620895028114318848e-01
3.509677350521087646e-01
6.144656538963317871e-01
4.055795371532440186e-01
3.400286138057708740e-01
3.998957276344299316e-01
6.116755008697509766e-01
3.745730221271514893e-01
3.477773964405059814e-01
3.416962027549743652e-01
4.272727668285369873e-01
3.423662185668945312e-01
4.292857348918914795e-01
3.381524682044982910e-01
4.131815135478973389e-01
4.386650621891021729e-01
4.185131490230560303e-01
4.360412955284118652e-01
4.667263925075531006e-01
5.477778315544128418e-01
3.468105196952819824e-01
4.389403462409973145e-01
5.260123014450073242e-01
3.571288585662841797e-01
5.744815468788146973e-01
3.600450754165649414e-01
4.013622701168060303e-01
5.741785168647766113e-01
4.664669036865234375e-01
3.469738662242889404e-01
3.641043007373809814e-01
6.186918616294860840e-01
4.229524135589599609e-01
4.218283295631408691e-01
3.491993248462677002e-01
3.857645988464355469e-01
5.775200128555297852e-01
5.004127621650695801e-01
6.267429590225219727e-01
3.815408349037170410e-01
6.186857819557189941e-01
3.459277451038360596e-01
3.859665095806121826e-01
6.229509115219116211e-01
3.530565500259399414e-01
3.640113174915313721e-01
5.906099081039428711e-01
5.464040637016296387e-01
3.512716293334960938e-01
3.789950311183929443e-01
3.505198955535888672e-01
3.366083502769470215e-01
3.409349024295806885e-01
3.498485982418060303e-01
5.122134089469909668e-01
3.923525512218475342e-01
3.483877778053283691e-01
5.921419858932495117e-01
3.811668753623962402e-01
3.844502270221710205e-01
5.486989021301269531e-01
3.435961306095123291e-01
6.228859424591064453e-01
3.405624628067016602e-01
3.474205434322357178e-01
6.176856160163879395e-01
3.585715293884277344e-01
3.975068628787994385e-01
6.241484880447387695e-01
4.373567700386047363e-01
3.426018655300140381e-01
3.478990495204925537e-01
5.819201469421386719e-01
6.083734035491943359e-01
3.628196418285369873e-01
3.514357805252075195e-01
3.924210071563720703e-01
6.136416792869567871e-01
3.440631628036499023e-01
5.848703384399414062e-01
3.364013135433197021e-01
3.819024562835693359e-01
5.522973537445068359e-01
3.590489923954010010e-01
4.180436730384826660e-01
5.631773471832275391e-01
4.582981169223785400e-01
6.167756319046020508e-01
3.818787336349487305e-01
3.520189821720123291e-01
5.780969858169555664e-01
3.538190424442291260e-01
5.438142418861389160e-01
3.529428839683532715e-01
4.868406951427459717e-01
5.410268306732177734e-01
3.703631460666656494e-01
5.034792423248291016e-01
4.372401535511016846e-01
3.754557371139526367e-01
3.463158607482910156e-01
5.935680270195007324e-01
3.804787993431091309e-01
5.147010684013366699e-01
3.432343900203704834e-01
3.797749876976013184e-01
3.439397215843200684e-01
5.644182562828063965e-01
5.396869778633117676e-01
4.846578836441040039e-01
4.610024094581604004e-01
4.050823450088500977e-01
5.099003911018371582e-01
3.511906266212463379e-01
4.002364575862884521e-01
4.027361869812011719e-01
3.898656666278839111e-01
3.554867208003997803e-01
3.444032073020935059e-01
3.464423418045043945e-01
6.189507246017456055e-01
3.431125879287719727e-01
5.948272347450256348e-01
3.375987708568572998e-01
3.491303622722625732e-01
3.526702225208282471e-01
4.390622675418853760e-01
4.795082807540893555e-01
3.659785389900207520e-01
3.570878505706787109e-01
3.404194116592407227e-01
5.725950002670288086e-01
3.981069922447204590e-01
5.364149808883666992e-01
3.929511606693267822e-01
3.771942853927612305e-01
3.567276597023010254e-01
5.063278675079345703e-01
3.378497660160064697e-01
3.537711501121520996e-01
3.660198152065277100e-01
5.441482663154602051e-01
3.554186820983886719e-01
5.866851806640625000e-01
3.897434771060943604e-01
3.520650267601013184e-01
5.603067874908447266e-01
3.771146535873413086e-01
3.503432869911193848e-01
3.684973716735839844e-01
3.469242155551910400e-01
6.128311753273010254e-01
3.479675650596618652e-01
3.798607885837554932e-01
3.595688045024871826e-01
5.790248513221740723e-01
6.071746945381164551e-01
4.702710211277008057e-01
6.233746409416198730e-01
4.782606661319732666e-01
3.463911712169647217e-01
4.219648540019989014e-01
3.479846715927124023e-01
4.242517352104187012e-01
4.291187822818756104e-01
3.637859821319580078e-01
5.333543419837951660e-01
5.463610887527465820e-01
5.566115975379943848e-01
3.510270416736602783e-01
3.666650950908660889e-01
3.628134429454803467e-01
6.226333975791931152e-01
4.195353686809539795e-01
3.592650592327117920e-01
5.398331880569458008e-01
6.045144200325012207e-01
3.744081854820251465e-01
4.317167997360229492e-01
3.464820086956024170e-01
5.151304602622985840e-01
4.605424702167510986e-01
3.544239997863769531e-01
4.558895230293273926e-01
3.751872777938842773e-01
5.059183835983276367e-01
3.545496463775634766e-01
5.082317590713500977e-01
4.460471868515014648e-01
6.003161072731018066e-01
5.003993511199951172e-01
5.382788777351379395e-01
6.070938706398010254e-01
5.647985935211181641e-01
3.779861032962799072e-01
3.503204584121704102e-01
4.096330404281616211e-01
3.673395216464996338e-01
6.274693012237548828e-01
5.823959112167358398e-01
4.887952208518981934e-01
6.015190482139587402e-01
5.847278833389282227e-01
5.403091311454772949e-01
5.684803724288940430e-01
5.287820696830749512e-01
4.251184761524200439e-01
6.037929058074951172e-01
3.440144658088684082e-01
5.159589052200317383e-01
3.484476506710052490e-01
5.717846751213073730e-01
3.969903886318206787e-01
4.587243199348449707e-01
5.409020781517028809e-01
3.467757403850555420e-01
6.087201237678527832e-01
3.585032522678375244e-01
3.846041262149810791e-01
3.379351496696472168e-01
3.624360263347625732e-01
5.967400670051574707e-01
6.081506609916687012e-01
4.055298864841461182e-01
5.871415138244628906e-01
5.288307070732116699e-01
3.511587381362915039e-01
3.401108384132385254e-01
3.629786670207977295e-01
3.500791490077972412e-01
3.514118492603302002e-01
5.512731075286865234e-01
4.253428280353546143e-01
4.650745987892150879e-01
4.811248481273651123e-01
3.472011685371398926e-01
3.373216688632965088e-01
3.698506057262420654e-01
3.523965775966644287e-01
3.404318392276763916e-01
5.929018855094909668e-01
5.879855751991271973e-01
3.435093462467193604e-01
3.546518981456756592e-01
6.057636737823486328e-01
4.534920156002044678e-01
4.379351437091827393e-01
5.818947553634643555e-01
6.028754115104675293e-01
3.821643590927124023e-01
3.680811524391174316e-01
3.476075828075408936e-01
6.139202713966369629e-01
3.485892117023468018e-01
5.265743732452392578e-01
5.673162937164306641e-01
3.413540422916412354e-01
3.491660952568054199e-01
3.534896969795227051e-01
3.585645556449890137e-01
4.163618087768554688e-01
5.758334994316101074e-01
3.972368538379669189e-01
5.410565733909606934e-01
3.785619735717773438e-01
3.443313539028167725e-01
6.213937401771545410e-01
5.277943611145019531e-01
3.686907291412353516e-01
3.440655767917633057e-01
3.798064589500427246e-01
3.505881428718566895e-01
5.581693649291992188e-01
4.011999666690826416e-01
6.197406053543090820e-01
4.221057891845703125e-01
3.410188555717468262e-01
3.569822907447814941e-01
6.041997075080871582e-01
5.825346112251281738e-01
3.407510519027709961e-01
3.762638568878173828e-01
5.811527967453002930e-01
3.717252016067504883e-01
5.097911357879638672e-01
3.433033525943756104e-01
5.712351202964782715e-01
3.462163805961608887e-01
6.001087427139282227e-01
4.995734691619873047e-01
5.872453451156616211e-01
3.725387156009674072e-01
5.311787724494934082e-01
3.446024954319000244e-01
6.074177026748657227e-01
3.408654332160949707e-01
4.680550992488861084e-01
3.446209728717803955e-01
3.532536327838897705e-01
3.733095228672027588e-01
3.389840722084045410e-01
3.452391326427459717e-01
4.291191399097442627e-01
4.134488999843597412e-01
3.801287412643432617e-01
4.271371364593505859e-01
3.542265594005584717e-01
4.448876678943634033e-01
5.245508551597595215e-01
3.560153245925903320e-01
5.894565582275390625e-01
3.513517677783966064e-01
4.383386969566345215e-01
3.621367216110229492e-01
3.409331440925598145e-01
3.699550628662109375e-01
3.735985159873962402e-01
4.483396112918853760e-01
4.210008084774017334e-01
3.604615628719329834e-01
3.704861998558044434e-01
4.800026118755340576e-01
4.196466505527496338e-01
5.232252478599548340e-01
5.429472923278808594e-01
3.851150274276733398e-01
3.449543118476867676e-01
3.709196746349334717e-01
6.126820445060729980e-01
4.014510810375213623e-01
3.407546877861022949e-01
6.217405200004577637e-01
4.892506897449493408e-01
4.459275901317596436e-01
3.792060315608978271e-01
3.407050967216491699e-01
5.886971354484558105e-01
6.145028471946716309e-01
3.693731725215911865e-01
3.667155504226684570e-01
3.974642455577850342e-01
5.540031790733337402e-01
3.958960473537445068e-01
6.152139306068420410e-01
5.135146379470825195e-01
6.025315523147583008e-01
3.431091308593750000e-01
5.754169821739196777e-01
3.527417480945587158e-01
3.466772735118865967e-01
3.441821932792663574e-01
3.415208160877227783e-01
3.447840213775634766e-01
6.182717084884643555e-01
6.230292320251464844e-01
4.036548435688018799e-01
3.391899764537811279e-01
3.952536582946777344e-01
4.418292939662933350e-01
6.042818427085876465e-01
6.231827735900878906e-01
4.258258342742919922e-01
4.669592976570129395e-01
5.395076870918273926e-01
3.421096801757812500e-01
3.407444655895233154e-01
3.642094433307647705e-01
4.987303018569946289e-01
3.648658990859985352e-01
3.871263265609741211e-01
4.285505414009094238e-01
5.568921566009521484e-01
3.592591583728790283e-01
6.229091286659240723e-01
5.309199094772338867e-01
5.434167385101318359e-01
3.497731089591979980e-01
4.360023140907287598e-01
4.815734028816223145e-01
4.703847467899322510e-01
5.695340633392333984e-01
5.625140070915222168e-01
3.874135315418243408e-01
3.709604144096374512e-01
6.220139265060424805e-01
4.404515624046325684e-01
3.466410040855407715e-01
3.922607302665710449e-01
3.442489802837371826e-01
3.486975133419036865e-01
3.637593388557434082e-01
4.282186925411224365e-01
5.422569513320922852e-01
4.992542564868927002e-01
3.671742379665374756e-01
5.064935088157653809e-01
3.638977408409118652e-01
3.587301373481750488e-01
3.402016162872314453e-01
3.394266068935394287e-01
3.610545396804809570e-01
4.775838851928710938e-01
4.210526347160339355e-01
3.459518253803253174e-01
5.106137394905090332e-01
4.348853528499603271e-01
5.744951367378234863e-01
5.940275788307189941e-01
4.251478016376495361e-01
3.601826727390289307e-01
3.606459200382232666e-01
4.914970397949218750e-01
3.500494658946990967e-01
3.377571105957031250e-01
3.764972984790802002e-01
3.379719257354736328e-01
5.414586663246154785e-01
5.218859910964965820e-01
4.545978605747222900e-01
3.402777314186096191e-01
3.963348567485809326e-01
5.884907841682434082e-01
3.539557158946990967e-01
4.873490035533905029e-01
3.441016674041748047e-01
4.159991443157196045e-01
5.050473213195800781e-01
3.478799760341644287e-01
3.825217783451080322e-01
4.716307818889617920e-01
3.928558230400085449e-01
6.194415092468261719e-01
3.582053780555725098e-01
3.608208894729614258e-01
5.690495967864990234e-01
3.574586510658264160e-01
3.693276941776275635e-01
5.064761042594909668e-01
3.504631817340850830e-01
6.153478026390075684e-01
5.316883325576782227e-01
6.174582839012145996e-01
3.799855113029479980e-01
3.424698710441589355e-01
4.683644771575927734e-01
4.868018329143524170e-01
3.682054579257965088e-01
3.534493744373321533e-01
3.760446310043334961e-01
4.526979923248291016e-01
3.775078952312469482e-01
6.037582159042358398e-01
3.477528989315032959e-01
4.126007854938507080e-01
3.523534238338470459e-01
3.705632686614990234e-01
4.678592979907989502e-01
3.493619561195373535e-01
5.532733201980590820e-01
4.900575280189514160e-01
5.526836514472961426e-01
3.561162650585174561e-01
4.293201267719268799e-01
3.413938879966735840e-01
3.670637011528015137e-01
5.088524222373962402e-01
5.033943653106689453e-01
3.615089654922485352e-01
3.382519185543060303e-01
3.775150179862976074e-01
3.912713229656219482e-01
3.461455106735229492e-01
5.479698777198791504e-01
3.438972830772399902e-01
5.582423806190490723e-01
3.478825092315673828e-01
5.364302396774291992e-01
4.010834693908691406e-01
3.632350265979766846e-01
3.938817083835601807e-01
3.598300814628601074e-01
3.509420156478881836e-01
3.455011248588562012e-01
3.577351272106170654e-01
6.226654648780822754e-01
5.359780192375183105e-01
3.445588052272796631e-01
5.753434896469116211e-01
3.433021306991577148e-01
3.754124045372009277e-01
3.398069739341735840e-01
3.888359367847442627e-01
6.120172739028930664e-01
5.668861865997314453e-01
3.494042456150054932e-01
3.614235222339630127e-01
3.808420002460479736e-01
6.014469265937805176e-01
3.838437795639038086e-01
3.405232131481170654e-01
3.448801338672637939e-01
3.590415716171264648e-01
5.817672610282897949e-01
4.476095736026763916e-01
3.975245058536529541e-01
5.926234126091003418e-01
5.540267229080200195e-01
5.116674900054931641e-01
3.380876183509826660e-01
3.634851574897766113e-01
3.787028789520263672e-01
5.385956168174743652e-01
5.320092439651489258e-01
5.083020925521850586e-01
3.704846501350402832e-01
3.411428928375244141e-01
3.484501242637634277e-01
3.934676945209503174e-01
5.385726094245910645e-01
4.311636090278625488e-01
3.410851955413818359e-01
3.423956930637359619e-01
3.394036889076232910e-01
3.504706621170043945e-01
3.477001190185546875e-01
5.702921152114868164e-01
3.679227232933044434e-01
3.729794025421142578e-01
4.374968409538269043e-01
6.152068972587585449e-01
3.438923656940460205e-01
3.452415168285369873e-01
4.925025105476379395e-01
3.684611618518829346e-01
3.479689359664916992e-01
5.873227119445800781e-01
3.997234106063842773e-01
4.692498743534088135e-01
5.144709348678588867e-01
6.102752685546875000e-01
3.968226611614227295e-01
4.753963351249694824e-01
3.451342582702636719e-01
4.782835841178894043e-01
3.928010165691375732e-01
3.385457992553710938e-01
4.195556044578552246e-01
3.526569008827209473e-01
5.977880358695983887e-01
5.870020389556884766e-01
5.922074317932128906e-01
4.047972261905670166e-01
5.351860523223876953e-01
4.989175498485565186e-01
5.240412354469299316e-01
3.632963299751281738e-01
4.247129857540130615e-01
5.089951157569885254e-01
3.416750133037567139e-01
5.456758737564086914e-01
5.231487154960632324e-01
3.737257719039916992e-01
3.449030816555023193e-01
3.836452066898345947e-01
5.696606636047363281e-01
6.171870827674865723e-01
3.424656391143798828e-01
5.419012904167175293e-01
3.377926647663116455e-01
3.550623953342437744e-01
5.585709810256958008e-01
3.464052677154541016e-01
3.936221599578857422e-01
5.963626503944396973e-01
3.516659438610076904e-01
5.818972587585449219e-01
5.881628990173339844e-01
4.202696681022644043e-01
6.024674177169799805e-01
3.577560484409332275e-01
3.574981391429901123e-01
3.458788990974426270e-01
3.501654863357543945e-01
4.454165399074554443e-01
3.987833261489868164e-01
5.902054309844970703e-01
4.198355376720428467e-01
5.316618680953979492e-01
5.796520709991455078e-01
5.066237449645996094e-01
3.969476521015167236e-01
5.716230869293212891e-01
4.821510016918182373e-01
3.623981475830078125e-01
3.439382612705230713e-01
5.778743028640747070e-01
5.464369058609008789e-01
5.427401065826416016e-01
3.533796370029449463e-01
5.908979177474975586e-01
3.806103169918060303e-01
5.263250470161437988e-01
3.555912077426910400e-01
3.911086618900299072e-01
6.052781939506530762e-01
5.139743685722351074e-01
6.105984449386596680e-01
4.865672290325164795e-01
5.063652396202087402e-01
3.571142554283142090e-01
3.600956499576568604e-01
5.917416810989379883e-01
4.874657988548278809e-01
3.452354669570922852e-01
4.279496669769287109e-01
3.540034294128417969e-01
3.786235749721527100e-01
6.033777594566345215e-01
5.987938642501831055e-01
3.408062458038330078e-01
6.248517036437988281e-01
3.572697043418884277e-01
6.007196903228759766e-01
5.186617970466613770e-01
3.510067462921142578e-01
5.631101131439208984e-01
3.465710282325744629e-01
5.206673741340637207e-01
6.080328226089477539e-01
5.600743889808654785e-01
4.400019943714141846e-01
3.535974323749542236e-01
3.637908697128295898e-01
5.171512961387634277e-01
3.511538505554199219e-01
5.992795228958129883e-01
3.467167019844055176e-01
4.292661845684051514e-01
3.596378564834594727e-01
3.913884758949279785e-01
5.859933495521545410e-01
4.270241856575012207e-01
5.957806110382080078e-01
3.582355380058288574e-01
6.052234172821044922e-01
3.478077352046966553e-01
5.906977653503417969e-01
5.314983725547790527e-01
5.939929485321044922e-01
3.583509624004364014e-01
3.401907086372375488e-01
5.636143088340759277e-01
3.518268167972564697e-01
3.409907221794128418e-01
4.830742776393890381e-01
3.473241031169891357e-01
4.411432147026062012e-01
3.817493021488189697e-01
3.859093189239501953e-01
5.106830000877380371e-01
3.561570346355438232e-01
4.299271702766418457e-01
3.397924900054931641e-01
5.719925165176391602e-01
4.632059633731842041e-01
4.650413691997528076e-01
3.623430430889129639e-01
3.475999832153320312e-01
4.318148493766784668e-01
6.103106737136840820e-01
5.675526857376098633e-01
4.545033276081085205e-01
4.888222217559814453e-01
6.231677532196044922e-01
3.428400754928588867e-01
3.431781828403472900e-01
3.536019921302795410e-01
3.646050393581390381e-01
5.656831264495849609e-01
5.880178809165954590e-01
5.519568920135498047e-01
4.739466905593872070e-01
5.549049377441406250e-01
5.685880780220031738e-01
3.436319828033447266e-01
3.679150342941284180e-01
3.398209214210510254e-01
4.622606039047241211e-01
5.713124871253967285e-01
4.019762575626373291e-01
3.601847290992736816e-01
3.598802983760833740e-01
3.398888111114501953e-01
4.402786493301391602e-01
3.491289615631103516e-01
4.491145014762878418e-01
3.528187274932861328e-01
4.033955335617065430e-01
3.700237274169921875e-01
5.520876646041870117e-01
6.051881313323974609e-01
5.466711521148681641e-01
3.401228785514831543e-01
3.444486558437347412e-01
3.448572754859924316e-01
4.922592043876647949e-01
3.875903189182281494e-01
3.849947750568389893e-01
5.641291737556457520e-01
5.415381789207458496e-01
4.440538883209228516e-01
3.770051896572113037e-01
3.749320507049560547e-01
6.258652806282043457e-01
5.825909376144409180e-01
3.620901703834533691e-01
3.511062860488891602e-01
3.484827578067779541e-01
4.052758812904357910e-01
5.511239767074584961e-01
6.116266250610351562e-01
4.416121244430541992e-01
3.548992276191711426e-01
3.464581370353698730e-01
6.051133275032043457e-01
6.093557476997375488e-01
3.600390255451202393e-01
3.373414576053619385e-01
3.399694263935089111e-01
3.708598613739013672e-01
3.619977533817291260e-01
6.012715101242065430e-01
3.488824665546417236e-01
3.415816724300384521e-01
3.463120758533477783e-01
6.108249425888061523e-01
4.536705613136291504e-01
5.741578936576843262e-01
3.792664706707000732e-01
3.846483826637268066e-01
3.458631038665771484e-01
5.435594916343688965e-01
4.563673138618469238e-01
5.075446367263793945e-01
3.526804447174072266e-01
3.517199456691741943e-01
6.299240589141845703e-01
3.407624065876007080e-01
3.439256548881530762e-01
6.172251105308532715e-01
5.331705808639526367e-01
3.392983675003051758e-01
5.866951942443847656e-01
3.603263497352600098e-01
5.415599346160888672e-01
3.788348436355590820e-01
5.983161926269531250e-01
3.521013557910919189e-01
3.764168024063110352e-01
5.358764529228210449e-01
4.448747932910919189e-01
4.668174088001251221e-01
5.736662745475769043e-01
5.590113401412963867e-01
3.669314384460449219e-01
3.785745501518249512e-01
5.690253973007202148e-01
3.427250981330871582e-01
3.426616191864013672e-01
6.223244667053222656e-01
4.436307549476623535e-01
3.475553691387176514e-01
4.681466221809387207e-01
6.165221333503723145e-01
3.656441569328308105e-01
5.289148688316345215e-01
4.632672369480133057e-01
3.651007413864135742e-01
3.439209163188934326e-01
3.384157419204711914e-01
4.711501002311706543e-01
4.050920903682708740e-01
3.819608986377716064e-01
4.015871286392211914e-01
3.433226943016052246e-01
4.133673608303070068e-01
3.805342316627502441e-01
3.512755632400512695e-01
6.021401882171630859e-01
3.397744297981262207e-01
5.817572474479675293e-01
3.411984145641326904e-01
4.777696728706359863e-01
5.722041130065917969e-01
3.649548888206481934e-01
3.825787305831909180e-01
3.888418674468994141e-01
6.164436936378479004e-01
6.186739206314086914e-01
3.636693358421325684e-01
6.150811314582824707e-01
5.429269671440124512e-01
3.482175171375274658e-01
5.916702747344970703e-01
5.108551383018493652e-01
5.360004901885986328e-01
3.666163682937622070e-01
5.116409659385681152e-01
5.458127260208129883e-01
3.640165328979492188e-01
3.483313620090484619e-01
4.070509374141693115e-01
4.271377623081207275e-01
3.981611430644989014e-01
4.873071014881134033e-01
6.216555833816528320e-01
3.740882873535156250e-01
5.441390275955200195e-01
4.180107116699218750e-01
4.737373888492584229e-01
4.998907148838043213e-01
4.529685974121093750e-01
5.360776185989379883e-01
4.011369943618774414e-01
3.651367425918579102e-01
4.056697487831115723e-01
3.843601942062377930e-01
3.974283039569854736e-01
6.176376938819885254e-01
6.238829493522644043e-01
3.458438813686370850e-01
3.400129973888397217e-01
5.722268223762512207e-01
5.548571348190307617e-01
3.428183197975158691e-01
3.584195673465728760e-01
3.709117472171783447e-01
5.041400790214538574e-01
3.949078023433685303e-01
5.777629017829895020e-01
3.597606420516967773e-01
4.745228886604309082e-01
3.521163165569305420e-01
3.473542332649230957e-01
3.721588551998138428e-01
5.205516815185546875e-01
5.743287801742553711e-01
4.005177915096282959e-01
3.719353079795837402e-01
3.611282110214233398e-01
5.208286643028259277e-01
6.113702654838562012e-01
5.829857587814331055e-01
6.215572953224182129e-01
