3.407438993453979492e-01
4.201042354106903076e-01
6.152883172035217285e-01
3.582371771335601807e-01
6.114718914031982422e-01
4.837540686130523682e-01
4.738147556781768799e-01
5.339518785476684570e-01
6.247974634170532227e-01
4.999721050262451172e-01
4.038551747798919678e-01
4.051886796951293945e-01
3.396462798118591309e-01
4.360502958297729492e-01
6.073076128959655762e-01
3.548887670040130615e-01
3.724577426910400391e-01
3.679378628730773926e-01
5.486642122268676758e-01
4.603516161441802979e-01
5.929285287857055664e-01
4.368519783020019531e-01
4.087823033332824707e-01
6.080341935157775879e-01
3.497450649738311768e-01
6.365841627120971680e-01
4.454450607299804688e-01
3.724392652511596680e-01
5.872598886489868164e-01
6.334947943687438965e-01
3.963449597358703613e-01
5.815229415893554688e-01
3.588150441646575928e-01
3.492645621299743652e-01
4.140199720859527588e-01
3.968022763729095459e-01
6.074426174163818359e-01
3.804545104503631592e-01
4.885542988777160645e-01
5.366431474685668945e-01
4.907495677471160889e-01
3.758619129657745361e-01
3.774560093879699707e-01
6.114808917045593262e-01
5.391588807106018066e-01
5.784894227981567383e-01
4.883720278739929199e-01
3.684585392475128174e-01
3.763182163238525391e-01
4.131330847740173340e-01
3.513216376304626465e-01
6.244608759880065918e-01
3.687914907932281494e-01
3.751662671566009521e-01
4.602233171463012695e-01
6.194581389427185059e-01
3.587581515312194824e-01
5.145432353019714355e-01
3.607150614261627197e-01
6.271625757217407227e-01
5.897965431213378906e-01
6.016218066215515137e-01
5.789827108383178711e-01
3.913251757621765137e-01
4.552003741264343262e-01
5.913599133491516113e-01
5.331273674964904785e-01
3.710532784461975098e-01
3.690771758556365967e-01
3.774109780788421631e-01
5.440564751625061035e-01
3.694378435611724854e-01
5.774345993995666504e-01
3.598713278770446777e-01
3.909062147140502930e-01
5.730047821998596191e-01
3.808105587959289551e-01
3.800980746746063232e-01
6.175994277000427246e-01
6.244234442710876465e-01
4.011283516883850098e-01
3.446766734123229980e-01
3.574684560298919678e-01
3.665512800216674805e-01
4.000503122806549072e-01
3.414444923400878906e-01
3.849148154258728027e-01
6.371345520019531250e-01
6.042462587356567383e-01
6.149446964263916016e-01
6.314583420753479004e-01
4.663907289505004883e-01
3.614523708820343018e-01
6.267459988594055176e-01
4.855279922485351562e-01
4.723737537860870361e-01
4.886052906513214111e-01
3.879316747188568115e-01
6.339386701583862305e-01
6.033921241760253906e-01
4.413160979747772217e-01
3.765939176082611084e-01
3.407794535160064697e-01
4.694085121154785156e-01
5.983549356460571289e-01
5.220973491668701172e-01
6.239410638809204102e-01
5.877279639244079590e-01
5.571096539497375488e-01
6.319035291671752930e-01
3.905388712882995605e-01
3.658723235130310059e-01
3.985265791416168213e-01
5.011846423149108887e-01
4.682792425155639648e-01
4.187257289886474609e-01
5.902194380760192871e-01
4.312101900577545166e-01
5.565382838249206543e-01
3.568654656410217285e-01
6.155800819396972656e-01
6.266611814498901367e-01
6.153361797332763672e-01
3.480303585529327393e-01
3.568714261054992676e-01
5.658714175224304199e-01
3.667610883712768555e-01
3.575237393379211426e-01
4.844779670238494873e-01
3.519328534603118896e-01
5.183149576187133789e-01
4.875421822071075439e-01
5.948572754859924316e-01
4.139205515384674072e-01
4.068129062652587891e-01
4.437367022037506104e-01
6.144044995307922363e-01
4.278844892978668213e-01
6.149591207504272461e-01
5.969140529632568359e-01
6.028868556022644043e-01
5.783666968345642090e-01
5.698356628417968750e-01
6.091985702514648438e-01
4.253195524215698242e-01
5.533827543258666992e-01
4.273585081100463867e-01
6.316704154014587402e-01
3.627061843872070312e-01
6.171360611915588379e-01
6.188561916351318359e-01
5.024269223213195801e-01
3.605328202247619629e-01
3.309560418128967285e-01
6.178578138351440430e-01
5.654669404029846191e-01
5.401527881622314453e-01
5.974155664443969727e-01
6.307141780853271484e-01
3.739767074584960938e-01
4.824314117431640625e-01
5.076261758804321289e-01
6.364269256591796875e-01
5.478656291961669922e-01
6.348192095756530762e-01
6.001982092857360840e-01
5.707575678825378418e-01
5.256374478340148926e-01
3.739345669746398926e-01
5.375921130180358887e-01
4.114339351654052734e-01
5.920748114585876465e-01
4.143505394458770752e-01
3.904717564582824707e-01
3.360496759414672852e-01
5.604469180107116699e-01
3.382655382156372070e-01
6.018732786178588867e-01
3.832980394363403320e-01
6.238678097724914551e-01
4.366675913333892822e-01
6.187688112258911133e-01
3.675482571125030518e-01
6.283833980560302734e-01
6.044233441352844238e-01
3.985854983329772949e-01
5.847870707511901855e-01
6.061526536941528320e-01
3.427140116691589355e-01
4.316373765468597412e-01
5.350093245506286621e-01
6.327313780784606934e-01
4.623830020427703857e-01
5.985060930252075195e-01
3.854851126670837402e-01
5.739522576332092285e-01
3.841123580932617188e-01
3.643497824668884277e-01
4.699050784111022949e-01
6.296939849853515625e-01
5.588538050651550293e-01
3.538587391376495361e-01
6.140033006668090820e-01
5.715041756629943848e-01
3.861916065216064453e-01
6.266736984252929688e-01
3.473048210144042969e-01
4.191794693470001221e-01
3.628792166709899902e-01
6.117406487464904785e-01
6.147433519363403320e-01
4.940485358238220215e-01
3.761469423770904541e-01
3.946118056774139404e-01
5.495520234107971191e-01
5.557778477668762207e-01
3.386802077293395996e-01
5.518158078193664551e-01
6.044515967369079590e-01
4.428449869155883789e-01
6.263496279716491699e-01
5.113351345062255859e-01
5.284621119499206543e-01
3.338149785995483398e-01
6.111451387405395508e-01
4.809231460094451904e-01
3.534244894981384277e-01
3.847203850746154785e-01
4.758105278015136719e-01
6.059578657150268555e-01
6.291216015815734863e-01
6.305528283119201660e-01
6.196909546852111816e-01
3.638167083263397217e-01
3.514876961708068848e-01
6.114663481712341309e-01
3.857085108757019043e-01
6.150422692298889160e-01
3.432087600231170654e-01
6.276016831398010254e-01
4.116453528404235840e-01
5.263983011245727539e-01
5.912755131721496582e-01
6.081339120864868164e-01
5.721796751022338867e-01
5.478624701499938965e-01
3.976661562919616699e-01
4.363858699798583984e-01
3.887270390987396240e-01
3.664709627628326416e-01
6.314414143562316895e-01
4.185160994529724121e-01
5.943257808685302734e-01
5.507395267486572266e-01
4.038438796997070312e-01
6.194375157356262207e-01
6.245771646499633789e-01
3.385573029518127441e-01
6.131371855735778809e-01
3.598386943340301514e-01
3.795987963676452637e-01
4.724191427230834961e-01
3.512658476829528809e-01
5.115890502929687500e-01
4.128394126892089844e-01
5.939646363258361816e-01
3.491462171077728271e-01
3.835929036140441895e-01
4.629528820514678955e-01
6.317018866539001465e-01
4.345632791519165039e-01
5.383590459823608398e-01
5.269203782081604004e-01
6.257877349853515625e-01
5.412250161170959473e-01
4.420630931854248047e-01
6.102820038795471191e-01
5.376586914062500000e-01
4.404688179492950439e-01
3.999874889850616455e-01
4.589242339134216309e-01
6.160055994987487793e-01
5.362311601638793945e-01
4.342456459999084473e-01
6.228480935096740723e-01
6.344873309135437012e-01
4.038736820220947266e-01
6.078314781188964844e-01
4.634630084037780762e-01
3.616422116756439209e-01
3.735858798027038574e-01
3.397509753704071045e-01
6.135136485099792480e-01
4.205419421195983887e-01
3.963115215301513672e-01
5.987938046455383301e-01
3.488913476467132568e-01
4.047103524208068848e-01
5.727929472923278809e-01
3.775694370269775391e-01
5.247906446456909180e-01
5.290874242782592773e-01
5.633128285408020020e-01
3.840618133544921875e-01
5.936341285705566406e-01
6.317977905273437500e-01
3.774892389774322510e-01
6.194565892219543457e-01
5.884886384010314941e-01
5.998449325561523438e-01
5.811533927917480469e-01
4.063121676445007324e-01
5.591308474540710449e-01
6.300361156463623047e-01
4.175246059894561768e-01
5.898742675781250000e-01
5.602656602859497070e-01
3.420408070087432861e-01
6.116458773612976074e-01
5.733708143234252930e-01
4.993517398834228516e-01
4.969462752342224121e-01
3.848260045051574707e-01
4.457512199878692627e-01
3.924850821495056152e-01
6.356776356697082520e-01
6.350160837173461914e-01
6.133983135223388672e-01
4.031436443328857422e-01
5.838021039962768555e-01
3.416073918342590332e-01
5.749276876449584961e-01
3.477680683135986328e-01
5.077313780784606934e-01
3.858307301998138428e-01
5.364445447921752930e-01
4.228064119815826416e-01
3.760895431041717529e-01
4.746647775173187256e-01
5.880889892578125000e-01
3.658120930194854736e-01
4.363417923450469971e-01
3.636604547500610352e-01
6.187767386436462402e-01
3.511990308761596680e-01
6.151823401451110840e-01
3.368011415004730225e-01
3.840413093566894531e-01
6.252695918083190918e-01
6.296224594116210938e-01
3.469977974891662598e-01
4.221197366714477539e-01
6.094458699226379395e-01
5.875276923179626465e-01
3.395141661167144775e-01
6.369155645370483398e-01
3.453772366046905518e-01
3.822835683822631836e-01
6.315710544586181641e-01
4.771671593189239502e-01
3.775741755962371826e-01
3.436059653759002686e-01
6.170260310173034668e-01
6.053296327590942383e-01
5.502619147300720215e-01
4.087927043437957764e-01
5.142526030540466309e-01
4.145831763744354248e-01
3.484369218349456787e-01
5.536217689514160156e-01
4.117546379566192627e-01
6.257166266441345215e-01
3.438909649848937988e-01
4.010023474693298340e-01
6.103001236915588379e-01
6.183519363403320312e-01
3.716532588005065918e-01
4.198948740959167480e-01
3.973634839057922363e-01
4.767487645149230957e-01
4.664355218410491943e-01
6.267476677894592285e-01
3.916833102703094482e-01
5.091898441314697266e-01
3.689356446266174316e-01
5.995640754699707031e-01
6.298573613166809082e-01
4.426603317260742188e-01
5.964828729629516602e-01
4.117007553577423096e-01
6.303957700729370117e-01
3.943275809288024902e-01
3.955212533473968506e-01
3.986856639385223389e-01
5.110883116722106934e-01
3.995397090911865234e-01
3.473732471466064453e-01
5.860574245452880859e-01
4.385311901569366455e-01
5.357055664062500000e-01
5.941585898399353027e-01
3.408464789390563965e-01
5.899269580841064453e-01
5.151548981666564941e-01
4.018169045448303223e-01
5.178781747817993164e-01
3.560399413108825684e-01
5.609587430953979492e-01
4.773562550544738770e-01
3.712027370929718018e-01
5.826340317726135254e-01
4.585289359092712402e-01
3.917370140552520752e-01
6.174786686897277832e-01
5.264616012573242188e-01
5.780296325683593750e-01
4.072919487953186035e-01
6.197094917297363281e-01
6.255066990852355957e-01
6.200274229049682617e-01
6.158291101455688477e-01
6.254808902740478516e-01
6.149006485939025879e-01
3.463639318943023682e-01
5.596110224723815918e-01
3.982655704021453857e-01
5.377061367034912109e-01
3.365812599658966064e-01
6.070271134376525879e-01
4.097028374671936035e-01
6.025604605674743652e-01
6.226989626884460449e-01
3.816809356212615967e-01
3.543280959129333496e-01
3.335177898406982422e-01
6.291455626487731934e-01
3.647555708885192871e-01
3.709626793861389160e-01
4.873840212821960449e-01
4.599636793136596680e-01
5.521919727325439453e-01
6.176748871803283691e-01
4.533996582031250000e-01
3.381374776363372803e-01
4.679642915725708008e-01
6.108578443527221680e-01
6.174554824829101562e-01
3.584544956684112549e-01
6.153180599212646484e-01
6.356624364852905273e-01
3.650263845920562744e-01
4.156073629856109619e-01
6.052804589271545410e-01
4.273891448974609375e-01
3.688440918922424316e-01
3.549398481845855713e-01
5.694671869277954102e-01
4.084511399269104004e-01
3.547495603561401367e-01
4.404443502426147461e-01
6.292598843574523926e-01
6.243168115615844727e-01
5.809100270271301270e-01
6.154181361198425293e-01
3.993034362792968750e-01
3.608434498310089111e-01
4.827281832695007324e-01
5.169305801391601562e-01
5.315845608711242676e-01
5.412733554840087891e-01
3.678397834300994873e-01
5.794944763183593750e-01
3.720804750919342041e-01
6.159965395927429199e-01
3.686040043830871582e-01
5.936000347137451172e-01
6.370345354080200195e-01
3.712306320667266846e-01
4.322104752063751221e-01
5.423896908760070801e-01
4.034742414951324463e-01
6.220944523811340332e-01
6.357101798057556152e-01
3.501320779323577881e-01
5.155801177024841309e-01
3.463730812072753906e-01
6.099881529808044434e-01
5.324163436889648438e-01
3.701466917991638184e-01
5.356200337409973145e-01
5.905915498733520508e-01
5.414455533027648926e-01
4.523319303989410400e-01
3.438844382762908936e-01
3.522133827209472656e-01
3.453775346279144287e-01
3.500535786151885986e-01
3.804968893527984619e-01
5.905886888504028320e-01
5.757755041122436523e-01
3.524420857429504395e-01
5.394264459609985352e-01
3.461888134479522705e-01
5.479713678359985352e-01
4.914290904998779297e-01
6.265538930892944336e-01
3.523640930652618408e-01
3.542170822620391846e-01
6.233088970184326172e-01
6.081981062889099121e-01
3.434969186782836914e-01
4.174973964691162109e-01
6.132937669754028320e-01
5.795824527740478516e-01
5.932855606079101562e-01
6.374256610870361328e-01
6.244879961013793945e-01
4.211422502994537354e-01
4.785463809967041016e-01
3.657841384410858154e-01
4.513621926307678223e-01
5.906754136085510254e-01
5.440990328788757324e-01
6.230021715164184570e-01
4.241964221000671387e-01
6.310643553733825684e-01
6.125268936157226562e-01
3.765975534915924072e-01
5.818972587585449219e-01
5.331698656082153320e-01
5.852566957473754883e-01
6.310797929763793945e-01
4.607203304767608643e-01
5.886845588684082031e-01
6.260461807250976562e-01
5.655663013458251953e-01
5.622743964195251465e-01
3.636578023433685303e-01
3.634558022022247314e-01
5.309135913848876953e-01
6.173408031463623047e-01
4.117186665534973145e-01
4.679993689060211182e-01
4.186401665210723877e-01
4.597896337509155273e-01
5.712178945541381836e-01
3.710338175296783447e-01
4.981353878974914551e-01
4.801162183284759521e-01
6.137133836746215820e-01
5.834379196166992188e-01
4.902099072933197021e-01
5.721184015274047852e-01
3.513707816600799561e-01
3.850888013839721680e-01
4.127061069011688232e-01
3.445880711078643799e-01
3.792322576045989990e-01
5.963906049728393555e-01
5.659036040306091309e-01
5.002921819686889648e-01
4.753583073616027832e-01
6.322298645973205566e-01
3.873841166496276855e-01
6.276659965515136719e-01
3.576005697250366211e-01
4.287099242210388184e-01
6.188228130340576172e-01
5.413404703140258789e-01
5.191662907600402832e-01
5.175961852073669434e-01
4.469710588455200195e-01
6.073765754699707031e-01
4.185364544391632080e-01
6.325173377990722656e-01
5.501480102539062500e-01
3.896630406379699707e-01
4.239691495895385742e-01
4.817939996719360352e-01
3.414381444454193115e-01
6.166417598724365234e-01
4.052734971046447754e-01
3.385667204856872559e-01
3.588400483131408691e-01
4.831358790397644043e-01
6.137422323226928711e-01
6.130779981613159180e-01
6.254521012306213379e-01
4.949899315834045410e-01
4.071845710277557373e-01
6.034208536148071289e-01
5.523554086685180664e-01
5.097393989562988281e-01
3.753136396408081055e-01
5.686794519424438477e-01
5.996845960617065430e-01
3.479174673557281494e-01
3.571449816226959229e-01
3.927037715911865234e-01
3.774029016494750977e-01
3.918678164482116699e-01
6.166317462921142578e-01
3.519267737865447998e-01
3.636771440505981445e-01
6.232091188430786133e-01
4.746751189231872559e-01
4.450883269309997559e-01
5.828333497047424316e-01
4.017583429813385010e-01
5.010190010070800781e-01
4.114205837249755859e-01
3.632070124149322510e-01
3.468090593814849854e-01
5.189477801322937012e-01
3.847191929817199707e-01
3.650657534599304199e-01
6.137376427650451660e-01
4.242547750473022461e-01
6.110971570014953613e-01
3.557261526584625244e-01
4.522349238395690918e-01
6.064201593399047852e-01
4.381950497627258301e-01
5.537248253822326660e-01
5.256140828132629395e-01
5.820142030715942383e-01
3.361045122146606445e-01
5.812985897064208984e-01
6.202856302261352539e-01
4.290143251419067383e-01
3.479901254177093506e-01
6.295993328094482422e-01
6.273782253265380859e-01
6.051040291786193848e-01
5.959008932113647461e-01
5.121554136276245117e-01
3.501914143562316895e-01
3.665906190872192383e-01
4.169211685657501221e-01
5.988046526908874512e-01
3.905484676361083984e-01
3.555941283702850342e-01
4.076145589351654053e-01
6.117045283317565918e-01
3.401354849338531494e-01
5.367386937141418457e-01
4.553545117378234863e-01
6.181271076202392578e-01
6.373780965805053711e-01
6.326147317886352539e-01
3.437929153442382812e-01
4.777788519859313965e-01
6.334820389747619629e-01
3.829110264778137207e-01
5.998349785804748535e-01
4.644991755485534668e-01
3.447315096855163574e-01
4.063801467418670654e-01
5.879560112953186035e-01
3.673560619354248047e-01
6.260006427764892578e-01
6.279666423797607422e-01
3.776258826255798340e-01
5.529577136039733887e-01
3.395388424396514893e-01
3.914748728275299072e-01
4.423361122608184814e-01
6.113670468330383301e-01
6.326944231986999512e-01
6.295768022537231445e-01
3.741986453533172607e-01
4.425201117992401123e-01
6.246245503425598145e-01
6.349366903305053711e-01
3.747365176677703857e-01
4.733741283416748047e-01
6.235634088516235352e-01
4.486896395683288574e-01
6.317890286445617676e-01
6.067876815795898438e-01
3.843442201614379883e-01
3.502098917961120605e-01
3.696213960647583008e-01
6.226273179054260254e-01
5.381503105163574219e-01
3.480047881603240967e-01
3.495687246322631836e-01
5.074822902679443359e-01
3.829152286052703857e-01
4.360558986663818359e-01
4.084058105945587158e-01
3.617633581161499023e-01
6.307780742645263672e-01
5.072003602981567383e-01
4.264950454235076904e-01
5.953700542449951172e-01
5.268453955650329590e-01
6.347287297248840332e-01
3.848814368247985840e-01
5.781902074813842773e-01
6.055139303207397461e-01
5.829538702964782715e-01
6.161918640136718750e-01
5.914790034294128418e-01
6.133363842964172363e-01
3.698778748512268066e-01
3.365202248096466064e-01
4.381031095981597900e-01
4.982796609401702881e-01
5.171766877174377441e-01
3.529862463474273682e-01
5.729759335517883301e-01
6.319553256034851074e-01
5.420584082603454590e-01
4.056210219860076904e-01
5.229347944259643555e-01
6.287840604782104492e-01
3.707394599914550781e-01
3.882559239864349365e-01
5.515551567077636719e-01
4.664309620857238770e-01
4.787547290325164795e-01
3.370620310306549072e-01
6.006541848182678223e-01
3.686712682247161865e-01
4.164516031742095947e-01
3.810757398605346680e-01
4.952656924724578857e-01
3.769891858100891113e-01
6.350171566009521484e-01
6.007478237152099609e-01
3.572832643985748291e-01
5.352013111114501953e-01
6.238219738006591797e-01
4.494022130966186523e-01
6.115126013755798340e-01
3.796055912971496582e-01
3.591329157352447510e-01
4.271911680698394775e-01
6.279932260513305664e-01
3.556118011474609375e-01
4.519540965557098389e-01
6.073048114776611328e-01
4.426366090774536133e-01
3.501648008823394775e-01
6.355023384094238281e-01
5.887680649757385254e-01
6.242636442184448242e-01
3.619999587535858154e-01
6.049669384956359863e-01
4.199984967708587646e-01
6.348362565040588379e-01
3.961794972419738770e-01
4.888293445110321045e-01
4.086559414863586426e-01
3.769544363021850586e-01
3.576635420322418213e-01
3.791242539882659912e-01
5.654934048652648926e-01
6.227655410766601562e-01
4.306618869304656982e-01
6.223353147506713867e-01
3.906722962856292725e-01
6.351081132888793945e-01
6.074810028076171875e-01
6.341992020606994629e-01
6.160341501235961914e-01
5.694136023521423340e-01
3.752171993255615234e-01
5.342981219291687012e-01
4.493305087089538574e-01
4.203439056873321533e-01
4.620299339294433594e-01
6.231405138969421387e-01
5.234276652336120605e-01
4.778996109962463379e-01
3.676711916923522949e-01
5.613443851470947266e-01
4.172652959823608398e-01
6.138837337493896484e-01
6.207956671714782715e-01
6.295744776725769043e-01
6.284395456314086914e-01
3.618189990520477295e-01
4.080558419227600098e-01
3.691337108612060547e-01
5.598704218864440918e-01
5.945537090301513672e-01
4.132256507873535156e-01
3.512358665466308594e-01
4.228405356407165527e-01
6.329522132873535156e-01
5.174524784088134766e-01
5.132430195808410645e-01
4.171726703643798828e-01
4.159459471702575684e-01
3.818967342376708984e-01
6.022539138793945312e-01
3.546644151210784912e-01
3.692229390144348145e-01
6.371285915374755859e-01
4.635779857635498047e-01
5.632856488227844238e-01
4.950031340122222900e-01
3.520529568195343018e-01
6.141409873962402344e-01
5.124698281288146973e-01
3.346212506294250488e-01
6.266064047813415527e-01
6.016827821731567383e-01
6.205208301544189453e-01
6.039656400680541992e-01
5.001499056816101074e-01
4.759515523910522461e-01
3.834497332572937012e-01
6.290669441223144531e-01
4.223559796810150146e-01
4.021876454353332520e-01
3.563630878925323486e-01
4.111756682395935059e-01
6.117482185363769531e-01
5.959236025810241699e-01
5.925627946853637695e-01
4.020927250385284424e-01
3.950920104980468750e-01
6.260060071945190430e-01
6.255685687065124512e-01
5.938323140144348145e-01
5.480306148529052734e-01
5.185976028442382812e-01
5.815876722335815430e-01
6.084318161010742188e-01
6.334471106529235840e-01
5.922952890396118164e-01
5.756835937500000000e-01
4.449988901615142822e-01
4.423522055149078369e-01
5.891499519348144531e-01
5.144076347351074219e-01
4.133861958980560303e-01
3.881143033504486084e-01
5.011088252067565918e-01
3.757126629352569580e-01
3.785993754863739014e-01
5.904551148414611816e-01
5.730985999107360840e-01
3.395575582981109619e-01
3.506276607513427734e-01
4.002695083618164062e-01
6.267362833023071289e-01
3.807716369628906250e-01
5.257791876792907715e-01
6.338368058204650879e-01
3.496417105197906494e-01
6.228240728378295898e-01
4.923835694789886475e-01
5.866850614547729492e-01
6.135022640228271484e-01
5.730389952659606934e-01
6.287505030632019043e-01
4.080740511417388916e-01
3.987676203250885010e-01
3.840790987014770508e-01
6.330256462097167969e-01
3.556557595729827881e-01
3.579000830650329590e-01
6.120746135711669922e-01
3.902125954627990723e-01
3.563128411769866943e-01
6.310278177261352539e-01
3.858255445957183838e-01
6.052514910697937012e-01
3.735181093215942383e-01
5.727482438087463379e-01
6.214397549629211426e-01
4.228695034980773926e-01
5.610629320144653320e-01
3.359371721744537354e-01
4.735048413276672363e-01
4.488533735275268555e-01
5.600376725196838379e-01
4.164286255836486816e-01
6.337736845016479492e-01
5.966163277626037598e-01
3.512782454490661621e-01
6.128610372543334961e-01
3.840816617012023926e-01
6.371190547943115234e-01
3.994605541229248047e-01
4.745480716228485107e-01
6.326735019683837891e-01
5.169012546539306641e-01
3.338821828365325928e-01
6.252373456954956055e-01
4.336275458335876465e-01
6.213282942771911621e-01
5.814937353134155273e-01
6.294836997985839844e-01
5.723174214363098145e-01
3.478531241416931152e-01
5.553095340728759766e-01
4.774878025054931641e-01
5.871555805206298828e-01
5.042086243629455566e-01
3.677610754966735840e-01
3.764669597148895264e-01
5.980915427207946777e-01
6.198282241821289062e-01
4.444075226783752441e-01
4.590032696723937988e-01
5.627244114875793457e-01
3.753312230110168457e-01
6.323422193527221680e-01
4.616152048110961914e-01
3.499355614185333252e-01
3.617764413356781006e-01
3.690759539604187012e-01
4.126166403293609619e-01
3.698672354221343994e-01
3.612003624439239502e-01
3.406464159488677979e-01
5.905062556266784668e-01
6.215559840202331543e-01
3.686244189739227295e-01
6.199202537536621094e-01
4.416267871856689453e-01
5.687180757522583008e-01
4.828798472881317139e-01
5.507884621620178223e-01
3.968214094638824463e-01
6.023057103157043457e-01
3.337559103965759277e-01
5.102323889732360840e-01
3.624787628650665283e-01
6.157268881797790527e-01
3.880126178264617920e-01
4.275867044925689697e-01
3.850584030151367188e-01
6.311861872673034668e-01
4.582333266735076904e-01
6.295571327209472656e-01
3.506149351596832275e-01
6.173723340034484863e-01
3.753595948219299316e-01
3.709079325199127197e-01
6.290902495384216309e-01
5.701097249984741211e-01
5.908424258232116699e-01
3.500725030899047852e-01
5.975280404090881348e-01
6.267784833908081055e-01
3.956499993801116943e-01
3.613602519035339355e-01
4.133246839046478271e-01
5.566645264625549316e-01
3.752495646476745605e-01
3.860830664634704590e-01
5.902785658836364746e-01
6.248167753219604492e-01
5.935287475585937500e-01
3.420371711254119873e-01
4.348937869071960449e-01
3.582158684730529785e-01
3.933250308036804199e-01
4.125709831714630127e-01
5.805700421333312988e-01
5.556173920631408691e-01
5.932944416999816895e-01
4.473491907119750977e-01
5.730729699134826660e-01
6.370179057121276855e-01
6.033116579055786133e-01
4.298716485500335693e-01
4.376428127288818359e-01
6.345871090888977051e-01
5.589985847473144531e-01
3.412976861000061035e-01
6.126505732536315918e-01
6.101197004318237305e-01
6.160894036293029785e-01
4.124900102615356445e-01
3.766592442989349365e-01
6.274289488792419434e-01
3.627590537071228027e-01
6.075417399406433105e-01
5.596518516540527344e-01
3.716347515583038330e-01
5.410333275794982910e-01
6.222001314163208008e-01
5.688064694404602051e-01
6.187351346015930176e-01
5.840163230895996094e-01
5.135191679000854492e-01
5.680367350578308105e-01
4.212320148944854736e-01
4.454859495162963867e-01
6.319833397865295410e-01
6.139774918556213379e-01
6.188254356384277344e-01
5.684468746185302734e-01
5.230788588523864746e-01
5.665504932403564453e-01
3.587368726730346680e-01
4.117436408996582031e-01
6.175370216369628906e-01
4.605720043182373047e-01
3.350527882575988770e-01
5.654868483543395996e-01
5.106663703918457031e-01
6.178907752037048340e-01
3.568802773952484131e-01
6.281384229660034180e-01
5.789519548416137695e-01
5.704510211944580078e-01
6.140561103820800781e-01
5.501617789268493652e-01
3.517256379127502441e-01
3.656287193298339844e-01
4.382061362266540527e-01
4.098294079303741455e-01
6.240470409393310547e-01
6.021401286125183105e-01
4.849204719066619873e-01
3.396955132484436035e-01
3.744006454944610596e-01
3.995999991893768311e-01
5.416612625122070312e-01
4.187742173671722412e-01
6.122657656669616699e-01
4.444313645362854004e-01
5.871081948280334473e-01
6.008060574531555176e-01
3.576061725616455078e-01
3.505135476589202881e-01
5.268186330795288086e-01
3.550539910793304443e-01
3.343767225742340088e-01
5.790818333625793457e-01
6.088694930076599121e-01
5.818235874176025391e-01
6.213782429695129395e-01
4.038825333118438721e-01
4.414384067058563232e-01
3.455185890197753906e-01
5.895829200744628906e-01
3.583891391754150391e-01
4.058687686920166016e-01
5.859702825546264648e-01
6.094053387641906738e-01
6.282908916473388672e-01
6.296635270118713379e-01
3.467301726341247559e-01
6.102417707443237305e-01
5.973970293998718262e-01
6.347764134407043457e-01
5.452444553375244141e-01
5.082832574844360352e-01
5.344396829605102539e-01
5.474489331245422363e-01
4.128932952880859375e-01
3.643262088298797607e-01
3.522316515445709229e-01
5.691490173339843750e-01
3.333123624324798584e-01
5.292794108390808105e-01
6.232417225837707520e-01
3.609122335910797119e-01
6.062740683555603027e-01
3.591579198837280273e-01
3.983953297138214111e-01
6.300279498100280762e-01
3.433552980422973633e-01
4.406515955924987793e-01
3.785033524036407471e-01
3.575242161750793457e-01
5.456728935241699219e-01
5.814329981803894043e-01
6.100332736968994141e-01
6.073238849639892578e-01
3.727686405181884766e-01
3.660417497158050537e-01
4.160994291305541992e-01
4.682975411415100098e-01
6.121330857276916504e-01
4.152526259422302246e-01
3.984066843986511230e-01
3.603621423244476318e-01
3.323623239994049072e-01
5.715529918670654297e-01
5.173186659812927246e-01
5.149738788604736328e-01
6.005116105079650879e-01
5.478242635726928711e-01
4.711249768733978271e-01
4.288600087165832520e-01
3.662320077419281006e-01
6.345221996307373047e-01
3.408084213733673096e-01
5.350592732429504395e-01
3.582635521888732910e-01
4.573926627635955811e-01
3.376200497150421143e-01
4.678795039653778076e-01
4.635254740715026855e-01
6.307640671730041504e-01
5.853109955787658691e-01
6.007125973701477051e-01
4.474873542785644531e-01
6.257539987564086914e-01
6.020898818969726562e-01
3.844671845436096191e-01
4.092059731483459473e-01
3.357698619365692139e-01
3.555750548839569092e-01
4.378575384616851807e-01
3.619000911712646484e-01
4.015984535217285156e-01
6.225554943084716797e-01
5.805454850196838379e-01
6.289036870002746582e-01
5.772588849067687988e-01
4.624409079551696777e-01
3.617614507675170898e-01
4.854717552661895752e-01
5.854837894439697266e-01
4.168102145195007324e-01
4.464828968048095703e-01
3.577509224414825439e-01
6.356518864631652832e-01
4.098707437515258789e-01
3.722997605800628662e-01
3.801171481609344482e-01
4.766803383827209473e-01
4.051721394062042236e-01
4.047689735889434814e-01
5.411907434463500977e-01
5.583221912384033203e-01
4.792309999465942383e-01
4.870432019233703613e-01
4.712839722633361816e-01
3.566039204597473145e-01
3.644523918628692627e-01
6.039726734161376953e-01
6.345957517623901367e-01
3.630189001560211182e-01
5.001645088195800781e-01
6.165124773979187012e-01
3.777911663055419922e-01
4.564624130725860596e-01
6.004369258880615234e-01
4.399521350860595703e-01
3.368154466152191162e-01
6.286808848381042480e-01
4.152358472347259521e-01
4.084852933883666992e-01
6.308484077453613281e-01
6.367123126983642578e-01
6.148836612701416016e-01
3.557465672492980957e-01
4.939440190792083740e-01
6.095240712165832520e-01
6.060041785240173340e-01
6.010284423828125000e-01
3.671751022338867188e-01
5.620481371879577637e-01
5.396088957786560059e-01
3.505706489086151123e-01
3.409993350505828857e-01
4.989175498485565186e-01
6.321644783020019531e-01
3.713269829750061035e-01
3.394525051116943359e-01
6.364889144897460938e-01
4.004863500595092773e-01
4.599055945873260498e-01
5.858570933341979980e-01
5.416967272758483887e-01
5.759629607200622559e-01
4.045750498771667480e-01
6.325590014457702637e-01
3.530901968479156494e-01
4.560160040855407715e-01
3.580097556114196777e-01
5.885366201400756836e-01
4.351418018341064453e-01
3.625347018241882324e-01
3.500482439994812012e-01
5.629621744155883789e-01
4.982993304729461670e-01
3.693027794361114502e-01
4.836448431015014648e-01
5.324584245681762695e-01
5.654366016387939453e-01
3.969283699989318848e-01
3.498543202877044678e-01
3.589980304241180420e-01
4.950355589389801025e-01
4.969209432601928711e-01
4.666333496570587158e-01
4.847047030925750732e-01
4.648200869560241699e-01
3.485110998153686523e-01
3.331253528594970703e-01
3.891594707965850830e-01
6.302374601364135742e-01
3.521097898483276367e-01
5.084662437438964844e-01
5.328145027160644531e-01
5.391234755516052246e-01
6.023735404014587402e-01
5.712524056434631348e-01
3.571632206439971924e-01
4.045909047126770020e-01
6.078075766563415527e-01
4.459843039512634277e-01
3.423520028591156006e-01
6.222680807113647461e-01
3.763507306575775146e-01
3.599040508270263672e-01
5.712723731994628906e-01
3.608647286891937256e-01
3.600220084190368652e-01
6.064575314521789551e-01
6.093786954879760742e-01
6.035671234130859375e-01
6.031692624092102051e-01
4.921934306621551514e-01
4.051954746246337891e-01
6.236178278923034668e-01
4.056259691715240479e-01
6.170736551284790039e-01
3.545370399951934814e-01
6.118264198303222656e-01
3.958793878555297852e-01
3.465088605880737305e-01
5.822839140892028809e-01
6.248329877853393555e-01
4.168196916580200195e-01
6.338108777999877930e-01
6.391603946685791016e-01
5.558800697326660156e-01
5.329713821411132812e-01
3.700172603130340576e-01
4.413976967334747314e-01
6.238269805908203125e-01
4.350011944770812988e-01
3.520658612251281738e-01
4.693508744239807129e-01
3.718753457069396973e-01
4.184140861034393311e-01
6.084324717521667480e-01
5.407019257545471191e-01
4.110467731952667236e-01
6.070823669433593750e-01
6.327837705612182617e-01
4.135655760765075684e-01
4.303630292415618896e-01
6.247134804725646973e-01
4.156825542449951172e-01
3.439221978187561035e-01
6.361881494522094727e-01
6.256346106529235840e-01
3.939037024974822998e-01
6.002116799354553223e-01
5.409924387931823730e-01
5.591244101524353027e-01
3.502880930900573730e-01
3.709573447704315186e-01
4.423611760139465332e-01
5.297394394874572754e-01
4.390458762645721436e-01
6.316033601760864258e-01
4.498165845870971680e-01
4.041692912578582764e-01
6.336924433708190918e-01
3.450257480144500732e-01
6.165465712547302246e-01
3.971176743507385254e-01
3.662984669208526611e-01
5.863159894943237305e-01
4.466506242752075195e-01
6.354984045028686523e-01
3.515627682209014893e-01
3.899554610252380371e-01
5.371319055557250977e-01
4.877752661705017090e-01
3.462285101413726807e-01
3.951601982116699219e-01
6.112794280052185059e-01
6.279375553131103516e-01
5.229220390319824219e-01
6.066693663597106934e-01
3.727283477783203125e-01
5.515969991683959961e-01
3.638108372688293457e-01
5.226861238479614258e-01
3.865281343460083008e-01
3.904712498188018799e-01
4.076728820800781250e-01
6.175971031188964844e-01
3.411071598529815674e-01
6.292042732238769531e-01
3.789082169532775879e-01
5.653451085090637207e-01
3.628077208995819092e-01
4.064318239688873291e-01
3.901858925819396973e-01
6.364360451698303223e-01
3.868156373500823975e-01
3.536790609359741211e-01
5.934594273567199707e-01
5.470536947250366211e-01
5.880346894264221191e-01
4.324949979782104492e-01
4.317989647388458252e-01
5.892791152000427246e-01
3.927151560783386230e-01
4.111329019069671631e-01
5.888422727584838867e-01
6.242177486419677734e-01
4.816041588783264160e-01
3.766267001628875732e-01
6.218633651733398438e-01
6.191920638084411621e-01
4.523766338825225830e-01
5.657583475112915039e-01
5.474778413772583008e-01
3.734966516494750977e-01
3.476645052433013916e-01
5.720331668853759766e-01
4.050907492637634277e-01
3.459998965263366699e-01
3.512961566448211670e-01
5.881248116493225098e-01
6.080780625343322754e-01
5.764605402946472168e-01
6.364987492561340332e-01
6.340829730033874512e-01
5.251299142837524414e-01
5.843235254287719727e-01
3.415901958942413330e-01
3.352657556533813477e-01
5.535339713096618652e-01
4.870481789112091064e-01
6.213669180870056152e-01
3.988163173198699951e-01
4.301708936691284180e-01
3.901490867137908936e-01
3.825674355030059814e-01
4.017800390720367432e-01
5.573260784149169922e-01
3.684490919113159180e-01
3.824207782745361328e-01
6.122800707817077637e-01
4.519075155258178711e-01
6.278498172760009766e-01
4.340691268444061279e-01
6.329463720321655273e-01
6.305205225944519043e-01
4.318884909152984619e-01
5.768334269523620605e-01
5.924107432365417480e-01
6.257733106613159180e-01
4.238465130329132080e-01
6.247634887695312500e-01
5.767090320587158203e-01
6.188073754310607910e-01
3.513449132442474365e-01
3.997136056423187256e-01
5.943444967269897461e-01
4.334250986576080322e-01
4.674068093299865723e-01
6.294258236885070801e-01
6.143477559089660645e-01
3.535525202751159668e-01
5.022290945053100586e-01
4.877083003520965576e-01
4.668070077896118164e-01
5.538362264633178711e-01
5.986779928207397461e-01
3.573392033576965332e-01
3.760646879673004150e-01
3.754898905754089355e-01
3.645584881305694580e-01
3.383649885654449463e-01
4.148527383804321289e-01
6.295555830001831055e-01
5.820884704589843750e-01
4.251600205898284912e-01
3.560936450958251953e-01
6.142749786376953125e-01
4.078911840915679932e-01
3.830596208572387695e-01
3.900499343872070312e-01
6.098939180374145508e-01
3.929551243782043457e-01
3.749531507492065430e-01
5.600854158401489258e-01
3.999554216861724854e-01
4.989183843135833740e-01
5.939230322837829590e-01
3.438071906566619873e-01
6.277483105659484863e-01
6.267579793930053711e-01
5.105273723602294922e-01
6.364898681640625000e-01
5.610868930816650391e-01
5.791556835174560547e-01
6.267839670181274414e-01
5.700789690017700195e-01
4.032948613166809082e-01
3.769903779029846191e-01
6.250147819519042969e-01
3.664981126785278320e-01
3.576416671276092529e-01
6.288569569587707520e-01
4.091621339321136475e-01
3.438765704631805420e-01
3.673951327800750732e-01
5.986912250518798828e-01
6.377101540565490723e-01
4.114252030849456787e-01
6.089959740638732910e-01
5.783412456512451172e-01
4.141982793807983398e-01
3.456019461154937744e-01
5.897946357727050781e-01
3.890488743782043457e-01
3.708936572074890137e-01
3.516519963741302490e-01
5.813131928443908691e-01
3.809649050235748291e-01
6.058035492897033691e-01
4.324566125869750977e-01
6.281055808067321777e-01
6.131454110145568848e-01
4.640784561634063721e-01
5.026645064353942871e-01
5.393133163452148438e-01
6.182931661605834961e-01
6.277195215225219727e-01
6.270001530647277832e-01
5.965045690536499023e-01
3.959524631500244141e-01
6.347104907035827637e-01
5.969722867012023926e-01
3.620465993881225586e-01
6.313815116882324219e-01
3.730786740779876709e-01
4.066373407840728760e-01
3.346495330333709717e-01
6.365789175033569336e-01
5.614817142486572266e-01
3.450109660625457764e-01
5.066948533058166504e-01
5.815875530242919922e-01
5.059429407119750977e-01
5.076374411582946777e-01
6.131768226623535156e-01
6.266366243362426758e-01
4.115426242351531982e-01
5.749574899673461914e-01
5.695409178733825684e-01
4.808502793312072754e-01
4.061503410339355469e-01
3.638960719108581543e-01
5.970458984375000000e-01
3.448782563209533691e-01
6.126220822334289551e-01
3.461442589759826660e-01
3.602204620838165283e-01
4.547602236270904541e-01
5.789799094200134277e-01
3.470853865146636963e-01
3.643406629562377930e-01
4.633023142814636230e-01
3.477346897125244141e-01
6.338291764259338379e-01
4.946734905242919922e-01
3.702571094036102295e-01
3.696092069149017334e-01
5.505329370498657227e-01
3.427971303462982178e-01
4.725122451782226562e-01
4.966877400875091553e-01
5.723621845245361328e-01
4.889299273490905762e-01
5.762803554534912109e-01
6.293959617614746094e-01
6.275804638862609863e-01
5.912142395973205566e-01
5.958658456802368164e-01
4.276556372642517090e-01
6.286739706993103027e-01
5.606145858764648438e-01
6.213247179985046387e-01
5.027551054954528809e-01
4.348554313182830811e-01
6.343083977699279785e-01
4.133093357086181641e-01
6.310695409774780273e-01
3.494274318218231201e-01
3.685145378112792969e-01
3.963273763656616211e-01
3.778347373008728027e-01
5.596832036972045898e-01
6.243197321891784668e-01
5.370901226997375488e-01
3.512874543666839600e-01
4.145736992359161377e-01
4.154713749885559082e-01
6.146239638328552246e-01
5.992379784584045410e-01
4.493632912635803223e-01
4.415538311004638672e-01
6.185219883918762207e-01
6.077848076820373535e-01
5.440158247947692871e-01
4.961786866188049316e-01
5.824506878852844238e-01
4.243294000625610352e-01
3.649808764457702637e-01
3.608582019805908203e-01
6.039748787879943848e-01
6.155520677566528320e-01
5.933744907379150391e-01
3.366711139678955078e-01
3.789158463478088379e-01
4.257048666477203369e-01
3.554666042327880859e-01
4.028138518333435059e-01
6.380333304405212402e-01
3.830514550209045410e-01
4.214327037334442139e-01
4.014862179756164551e-01
6.104577779769897461e-01
4.416429102420806885e-01
4.840971529483795166e-01
5.398304462432861328e-01
5.368434786796569824e-01
5.441722869873046875e-01
3.730237782001495361e-01
3.630206286907196045e-01
5.944607853889465332e-01
4.650155007839202881e-01
6.180706024169921875e-01
5.005369186401367188e-01
6.305385231971740723e-01
5.610953569412231445e-01
5.053730010986328125e-01
4.609480500221252441e-01
5.164836049079895020e-01
6.339523196220397949e-01
4.848647415637969971e-01
6.014721393585205078e-01
5.373277068138122559e-01
4.742452800273895264e-01
5.853502154350280762e-01
6.150875687599182129e-01
4.010132253170013428e-01
5.052190423011779785e-01
6.172297596931457520e-01
6.269500255584716797e-01
6.328634619712829590e-01
6.034250259399414062e-01
6.251034736633300781e-01
6.235169768333435059e-01
3.813589513301849365e-01
3.847163021564483643e-01
6.282335519790649414e-01
4.924814105033874512e-01
4.186986088752746582e-01
6.228495836257934570e-01
5.862992405891418457e-01
6.252450942993164062e-01
3.710821866989135742e-01
6.298453211784362793e-01
3.740230202674865723e-01
6.321541666984558105e-01
6.198382377624511719e-01
4.222170710563659668e-01
4.669716656208038330e-01
3.936604559421539307e-01
6.303180456161499023e-01
6.108262538909912109e-01
4.435283541679382324e-01
6.099439263343811035e-01
3.710377216339111328e-01
5.810104012489318848e-01
6.182820200920104980e-01
6.134182214736938477e-01
4.543167352676391602e-01
3.665020167827606201e-01
6.253092885017395020e-01
3.470564782619476318e-01
3.557223081588745117e-01
5.896468162536621094e-01
4.786417186260223389e-01
5.985407829284667969e-01
3.657810091972351074e-01
3.645422160625457764e-01
5.629875063896179199e-01
3.599398434162139893e-01
6.121121048927307129e-01
6.233521103858947754e-01
3.371061980724334717e-01
3.611192405223846436e-01
4.166783094406127930e-01
4.222215712070465088e-01
4.082785248756408691e-01
6.384774446487426758e-01
4.543797373771667480e-01
3.634258508682250977e-01
3.560518622398376465e-01
5.862866640090942383e-01
6.069076657295227051e-01
5.063669085502624512e-01
5.257225632667541504e-01
3.597367107868194580e-01
4.229372143745422363e-01
4.026153385639190674e-01
3.644748926162719727e-01
3.459264934062957764e-01
3.852115273475646973e-01
3.467978835105895996e-01
5.791851878166198730e-01
4.968672692775726318e-01
4.881105422973632812e-01
4.939346015453338623e-01
