3.377780616283416748e-01
3.325848579406738281e-01
3.349482417106628418e-01
6.071295738220214844e-01
6.533417701721191406e-01
6.036071777343750000e-01
6.095242500305175781e-01
5.755445361137390137e-01
3.656336069107055664e-01
4.862834811210632324e-01
3.764671981334686279e-01
3.302120864391326904e-01
4.390793442726135254e-01
3.656881451606750488e-01
3.293721377849578857e-01
6.244252920150756836e-01
4.627757370471954346e-01
6.056697964668273926e-01
5.623212456703186035e-01
6.181718707084655762e-01
3.758923113346099854e-01
3.640499413013458252e-01
5.669414997100830078e-01
4.499765038490295410e-01
3.204136788845062256e-01
4.099169373512268066e-01
6.037840843200683594e-01
3.280385136604309082e-01
3.349346220493316650e-01
6.122078299522399902e-01
4.074614346027374268e-01
4.074847698211669922e-01
3.237458169460296631e-01
3.323923051357269287e-01
3.557990491390228271e-01
3.383487761020660400e-01
3.424991369247436523e-01
5.120688080787658691e-01
3.219619989395141602e-01
3.948308527469635010e-01
5.997133255004882812e-01
5.681026577949523926e-01
6.289278268814086914e-01
5.861012935638427734e-01
5.666782855987548828e-01
5.732843875885009766e-01
6.514570713043212891e-01
4.337283372879028320e-01
6.421127915382385254e-01
3.535671830177307129e-01
3.585171401500701904e-01
3.278937041759490967e-01
5.574631094932556152e-01
6.411442756652832031e-01
4.407979846000671387e-01
6.474827527999877930e-01
4.502226114273071289e-01
3.400529921054840088e-01
6.153444647789001465e-01
6.365166306495666504e-01
6.378352046012878418e-01
4.118515849113464355e-01
6.232129931449890137e-01
3.319917619228363037e-01
3.222849369049072266e-01
5.994896888732910156e-01
3.473465442657470703e-01
3.855238258838653564e-01
3.557555675506591797e-01
3.284928798675537109e-01
3.482509553432464600e-01
3.444347977638244629e-01
6.222840547561645508e-01
3.808054625988006592e-01
3.290434777736663818e-01
4.826382398605346680e-01
6.337807774543762207e-01
5.096029639244079590e-01
6.397063136100769043e-01
3.545634448528289795e-01
4.961221516132354736e-01
6.474947333335876465e-01
5.866960883140563965e-01
6.232604384422302246e-01
3.275779485702514648e-01
3.924018442630767822e-01
6.401492357254028320e-01
6.344977021217346191e-01
3.719307482242584229e-01
6.390819549560546875e-01
3.501411676406860352e-01
3.415467143058776855e-01
4.320315420627593994e-01
4.332751929759979248e-01
5.210073590278625488e-01
3.392462432384490967e-01
5.617309212684631348e-01
3.486298918724060059e-01
4.178211987018585205e-01
3.790362775325775146e-01
4.596303105354309082e-01
5.826278328895568848e-01
5.991629958152770996e-01
3.252283930778503418e-01
3.247188031673431396e-01
4.803458452224731445e-01
3.464951813220977783e-01
4.236544072628021240e-01
5.750817060470581055e-01
6.234267950057983398e-01
6.000679731369018555e-01
3.983641862869262695e-01
3.732773959636688232e-01
3.214944005012512207e-01
5.483210682868957520e-01
5.650376677513122559e-01
6.357071399688720703e-01
5.842906236648559570e-01
3.184569180011749268e-01
3.323636353015899658e-01
3.268177807331085205e-01
6.055862903594970703e-01
6.103866696357727051e-01
6.309818029403686523e-01
3.413485586643218994e-01
3.886065185070037842e-01
3.351249098777770996e-01
4.758554995059967041e-01
6.038108468055725098e-01
6.329536437988281250e-01
6.418393254280090332e-01
4.732463657855987549e-01
3.691447675228118896e-01
5.751525163650512695e-01
3.636785447597503662e-01
5.392032861709594727e-01
5.386686921119689941e-01
3.818674981594085693e-01
4.840452075004577637e-01
3.625586032867431641e-01
3.658880591392517090e-01
3.746638000011444092e-01
3.313840329647064209e-01
6.341371536254882812e-01
5.313594937324523926e-01
6.456561088562011719e-01
6.156399846076965332e-01
3.445715904235839844e-01
3.992970585823059082e-01
3.846510946750640869e-01
3.273125290870666504e-01
3.309042751789093018e-01
3.244011998176574707e-01
3.195868730545043945e-01
3.725641369819641113e-01
6.334040164947509766e-01
4.991620481014251709e-01
3.818620145320892334e-01
3.872511386871337891e-01
6.453699469566345215e-01
5.032490491867065430e-01
3.300185799598693848e-01
6.352699995040893555e-01
3.858190774917602539e-01
5.240005850791931152e-01
3.571707904338836670e-01
6.270269751548767090e-01
5.556433200836181641e-01
6.286616921424865723e-01
3.616600334644317627e-01
6.310864686965942383e-01
3.345559537410736084e-01
3.456681370735168457e-01
4.064831733703613281e-01
3.531066477298736572e-01
3.359598815441131592e-01
4.877757728099822998e-01
3.340514302253723145e-01
6.449836492538452148e-01
5.656057000160217285e-01
3.910339772701263428e-01
3.410539031028747559e-01
3.929579257965087891e-01
6.032581925392150879e-01
3.978255391120910645e-01
5.688602924346923828e-01
3.350694775581359863e-01
5.798454284667968750e-01
5.606027245521545410e-01
6.369317770004272461e-01
4.202938377857208252e-01
6.531768441200256348e-01
3.481619954109191895e-01
3.515539765357971191e-01
3.534929454326629639e-01
6.290075778961181641e-01
5.725170373916625977e-01
6.319389939308166504e-01
3.568097352981567383e-01
3.238944113254547119e-01
5.958515405654907227e-01
3.415950238704681396e-01
3.775835633277893066e-01
4.087879359722137451e-01
5.892786979675292969e-01
6.173869371414184570e-01
3.308905363082885742e-01
5.809405446052551270e-01
6.413423418998718262e-01
4.665569365024566650e-01
3.891738355159759521e-01
6.467616558074951172e-01
3.719289004802703857e-01
3.704071640968322754e-01
3.364504575729370117e-01
4.027225673198699951e-01
3.279329240322113037e-01
6.053107976913452148e-01
5.571752190589904785e-01
5.410529971122741699e-01
3.420733213424682617e-01
5.256454944610595703e-01
3.390372097492218018e-01
3.668421804904937744e-01
3.213614225387573242e-01
3.414177298545837402e-01
4.078377783298492432e-01
4.089671671390533447e-01
3.373430967330932617e-01
3.579179942607879639e-01
4.371551275253295898e-01
3.648199737071990967e-01
3.341741561889648438e-01
3.547079861164093018e-01
3.262008428573608398e-01
4.835328757762908936e-01
6.164695620536804199e-01
3.776721060276031494e-01
6.505476832389831543e-01
4.611983597278594971e-01
5.052036643028259277e-01
3.586052060127258301e-01
6.129503250122070312e-01
6.473863720893859863e-01
6.225922703742980957e-01
4.414280354976654053e-01
5.742356777191162109e-01
3.181030452251434326e-01
5.288921594619750977e-01
6.419540047645568848e-01
4.675590991973876953e-01
3.289266824722290039e-01
6.466991305351257324e-01
4.672525227069854736e-01
3.821559846401214600e-01
3.857131898403167725e-01
3.306508660316467285e-01
6.118093729019165039e-01
3.255653381347656250e-01
5.890817046165466309e-01
4.829746484756469727e-01
4.995289742946624756e-01
4.244051873683929443e-01
3.614053428173065186e-01
6.069040298461914062e-01
3.710171878337860107e-01
6.027171611785888672e-01
4.136266410350799561e-01
6.375464797019958496e-01
6.541795134544372559e-01
6.241233348846435547e-01
6.396831870079040527e-01
4.782269597053527832e-01
3.500093519687652588e-01
6.187496185302734375e-01
5.681918859481811523e-01
6.302176713943481445e-01
3.338603377342224121e-01
5.600134134292602539e-01
5.515001416206359863e-01
3.405360281467437744e-01
3.943304121494293213e-01
6.273359656333923340e-01
6.431877017021179199e-01
5.518485903739929199e-01
4.382281899452209473e-01
6.332274079322814941e-01
3.376632630825042725e-01
3.221041560173034668e-01
6.255881786346435547e-01
6.018671989440917969e-01
6.009909510612487793e-01
3.329175114631652832e-01
3.609653711318969727e-01
3.294306099414825439e-01
3.605203032493591309e-01
3.369092047214508057e-01
3.207955062389373779e-01
3.539122045040130615e-01
4.368539750576019287e-01
3.588511943817138672e-01
5.927966833114624023e-01
3.627879023551940918e-01
3.387406170368194580e-01
6.239563226699829102e-01
3.380185663700103760e-01
6.432396769523620605e-01
6.272929310798645020e-01
6.316984295845031738e-01
4.519620835781097412e-01
5.145926475524902344e-01
3.708280324935913086e-01
5.201635956764221191e-01
6.158012151718139648e-01
3.261019885540008545e-01
6.313350200653076172e-01
3.208533227443695068e-01
3.846235871315002441e-01
3.355506062507629395e-01
5.121338367462158203e-01
3.583201169967651367e-01
4.195089042186737061e-01
3.223332166671752930e-01
6.350667476654052734e-01
3.416824936866760254e-01
3.608594536781311035e-01
5.256235599517822266e-01
3.231608569622039795e-01
3.430239558219909668e-01
6.240354776382446289e-01
6.464375853538513184e-01
3.887181580066680908e-01
3.586996793746948242e-01
3.310405611991882324e-01
6.447060108184814453e-01
3.307375013828277588e-01
6.415866613388061523e-01
3.173325955867767334e-01
3.972379863262176514e-01
5.319615006446838379e-01
5.627968907356262207e-01
4.994128644466400146e-01
3.249444365501403809e-01
6.084945797920227051e-01
3.298588097095489502e-01
3.450083136558532715e-01
6.295030713081359863e-01
4.564060568809509277e-01
4.437446892261505127e-01
5.465252995491027832e-01
5.920443534851074219e-01
3.425796926021575928e-01
3.494321405887603760e-01
6.343397498130798340e-01
6.304261684417724609e-01
4.021521806716918945e-01
4.736877381801605225e-01
3.175839185714721680e-01
4.249287545680999756e-01
6.012205481529235840e-01
4.028026163578033447e-01
5.586363673210144043e-01
3.507992029190063477e-01
3.790594637393951416e-01
3.368570506572723389e-01
3.268410265445709229e-01
6.080095171928405762e-01
5.082874894142150879e-01
6.127923130989074707e-01
3.374196290969848633e-01
3.402324914932250977e-01
6.026424169540405273e-01
5.987270474433898926e-01
4.511775970458984375e-01
3.893283605575561523e-01
6.205245256423950195e-01
6.104728579521179199e-01
6.309061050415039062e-01
6.269187927246093750e-01
3.963598310947418213e-01
5.340390205383300781e-01
3.342530131340026855e-01
3.432398140430450439e-01
3.357676565647125244e-01
3.231301903724670410e-01
6.119549870491027832e-01
6.238309144973754883e-01
3.895884752273559570e-01
3.230107426643371582e-01
6.140825152397155762e-01
3.209590613842010498e-01
3.328745663166046143e-01
3.292859792709350586e-01
4.279309511184692383e-01
5.962045788764953613e-01
3.426537513732910156e-01
6.296017169952392578e-01
6.325837373733520508e-01
6.025969982147216797e-01
3.520707488059997559e-01
5.219984650611877441e-01
4.139731526374816895e-01
6.473096609115600586e-01
6.428691148757934570e-01
5.132127404212951660e-01
6.396203637123107910e-01
3.752749562263488770e-01
3.784157931804656982e-01
6.311710476875305176e-01
4.059050381183624268e-01
4.999771714210510254e-01
3.432426452636718750e-01
5.347707271575927734e-01
5.684884190559387207e-01
6.415843963623046875e-01
4.327579736709594727e-01
6.428022384643554688e-01
5.724361538887023926e-01
5.783880949020385742e-01
6.287501454353332520e-01
6.109479069709777832e-01
3.285836875438690186e-01
3.724693953990936279e-01
5.993770360946655273e-01
3.612616062164306641e-01
3.456785678863525391e-01
3.968794047832489014e-01
4.853798449039459229e-01
3.301757872104644775e-01
5.763959884643554688e-01
3.479036986827850342e-01
4.442677795886993408e-01
4.609761536121368408e-01
6.461514234542846680e-01
3.416360020637512207e-01
3.354506790637969971e-01
3.407154083251953125e-01
6.187044382095336914e-01
3.476067781448364258e-01
3.196291923522949219e-01
4.859572649002075195e-01
3.401788771152496338e-01
3.850057721138000488e-01
3.963578045368194580e-01
4.859412908554077148e-01
5.411899089813232422e-01
3.461100757122039795e-01
3.242971301078796387e-01
6.354722380638122559e-01
5.944275259971618652e-01
3.456649482250213623e-01
6.093769073486328125e-01
6.398821473121643066e-01
3.464287221431732178e-01
3.284604549407958984e-01
3.540160357952117920e-01
4.408226311206817627e-01
3.387445509433746338e-01
6.125643253326416016e-01
3.480957150459289551e-01
3.284032642841339111e-01
4.898944795131683350e-01
4.283862411975860596e-01
3.678206503391265869e-01
5.132957100868225098e-01
3.416767418384552002e-01
3.392992615699768066e-01
6.463883519172668457e-01
5.669198036193847656e-01
3.781078159809112549e-01
6.471875309944152832e-01
3.411843478679656982e-01
3.299997448921203613e-01
6.268733143806457520e-01
6.231348514556884766e-01
6.153799891471862793e-01
6.507816314697265625e-01
3.408668637275695801e-01
5.275731086730957031e-01
4.647403061389923096e-01
6.283168792724609375e-01
3.702276945114135742e-01
3.657865226268768311e-01
4.329558908939361572e-01
4.900436401367187500e-01
6.307460069656372070e-01
5.531014204025268555e-01
4.070518016815185547e-01
4.788696169853210449e-01
6.294467449188232422e-01
6.360182166099548340e-01
6.333922147750854492e-01
3.238986730575561523e-01
6.546110510826110840e-01
3.428628444671630859e-01
3.590665161609649658e-01
6.306415796279907227e-01
4.634250104427337646e-01
3.695465326309204102e-01
3.332541584968566895e-01
3.893604576587677002e-01
6.108755469322204590e-01
4.652087092399597168e-01
3.681022822856903076e-01
5.029110908508300781e-01
5.443738102912902832e-01
3.246788978576660156e-01
3.376818597316741943e-01
6.392892599105834961e-01
3.427985310554504395e-01
6.418197154998779297e-01
3.267799913883209229e-01
5.933633446693420410e-01
3.558902442455291748e-01
3.411603868007659912e-01
5.161921381950378418e-01
6.064271926879882812e-01
3.937322199344635010e-01
3.931622803211212158e-01
4.711500406265258789e-01
6.370240449905395508e-01
3.443072736263275146e-01
3.485590815544128418e-01
6.449021100997924805e-01
3.250043690204620361e-01
3.697624206542968750e-01
6.362265944480895996e-01
3.298527896404266357e-01
3.412467837333679199e-01
3.350213468074798584e-01
6.392209529876708984e-01
6.386103630065917969e-01
3.425862491130828857e-01
6.107897162437438965e-01
6.324283480644226074e-01
4.547085464000701904e-01
6.349800229072570801e-01
3.263244330883026123e-01
6.199113130569458008e-01
6.285961270332336426e-01
4.696810543537139893e-01
5.390293598175048828e-01
3.834142684936523438e-01
3.593694865703582764e-01
3.445181250572204590e-01
5.718617439270019531e-01
6.179834604263305664e-01
3.366139531135559082e-01
3.692215681076049805e-01
3.349678516387939453e-01
4.885199069976806641e-01
5.039782524108886719e-01
4.461261332035064697e-01
6.003317236900329590e-01
6.425999999046325684e-01
3.296796083450317383e-01
6.300991177558898926e-01
3.572497367858886719e-01
4.605094194412231445e-01
3.262613415718078613e-01
5.476532578468322754e-01
4.703618288040161133e-01
4.229671657085418701e-01
4.649060070514678955e-01
6.042917966842651367e-01
3.218346536159515381e-01
3.503206074237823486e-01
3.343093395233154297e-01
3.908312320709228516e-01
4.003514945507049561e-01
5.850170254707336426e-01
3.228099048137664795e-01
3.421250581741333008e-01
3.361601531505584717e-01
3.242565989494323730e-01
6.260728240013122559e-01
5.686488747596740723e-01
4.935010671615600586e-01
4.117902219295501709e-01
3.340086340904235840e-01
3.227880299091339111e-01
3.523022234439849854e-01
3.473713994026184082e-01
3.320586681365966797e-01
3.417257070541381836e-01
3.774422109127044678e-01
6.332123875617980957e-01
3.270591199398040771e-01
6.458365917205810547e-01
3.255014419555664062e-01
5.656914710998535156e-01
6.411293148994445801e-01
4.366765916347503662e-01
4.492517709732055664e-01
5.663318634033203125e-01
6.328436136245727539e-01
6.485164165496826172e-01
4.805230498313903809e-01
6.328223347663879395e-01
5.913851261138916016e-01
6.388278603553771973e-01
5.157245397567749023e-01
4.091450572013854980e-01
4.896708428859710693e-01
4.538216888904571533e-01
4.440319836139678955e-01
5.577688217163085938e-01
4.415488243103027344e-01
3.358211517333984375e-01
3.727736175060272217e-01
4.637098610401153564e-01
4.282014966011047363e-01
4.750225841999053955e-01
3.422338664531707764e-01
5.872824192047119141e-01
6.396259069442749023e-01
5.197980403900146484e-01
6.546218991279602051e-01
6.372196674346923828e-01
6.013811826705932617e-01
3.497971892356872559e-01
3.237065076828002930e-01
5.355262756347656250e-01
3.317932486534118652e-01
6.414567232131958008e-01
5.228858590126037598e-01
3.485563397407531738e-01
3.500341773033142090e-01
6.509476900100708008e-01
5.332900881767272949e-01
5.312623381614685059e-01
6.192031502723693848e-01
3.441117703914642334e-01
5.928791761398315430e-01
4.179950356483459473e-01
3.790453970432281494e-01
5.720803737640380859e-01
6.446685194969177246e-01
3.311944305896759033e-01
5.398210883140563965e-01
3.834893107414245605e-01
3.387284576892852783e-01
4.649370312690734863e-01
3.319272398948669434e-01
3.523412644863128662e-01
3.575734794139862061e-01
3.434184491634368896e-01
5.429213047027587891e-01
3.513968884944915771e-01
3.572768867015838623e-01
6.124345660209655762e-01
6.488043665885925293e-01
5.335482358932495117e-01
3.947609663009643555e-01
4.235839843750000000e-01
6.497606635093688965e-01
5.030527710914611816e-01
6.076872348785400391e-01
3.210172057151794434e-01
6.047796607017517090e-01
6.437935233116149902e-01
5.433344841003417969e-01
6.275295615196228027e-01
5.485417842864990234e-01
3.604933321475982666e-01
5.645408630371093750e-01
3.527438342571258545e-01
6.322494745254516602e-01
4.449487328529357910e-01
6.372547745704650879e-01
3.400039672851562500e-01
3.493641912937164307e-01
3.450005352497100830e-01
5.523167848587036133e-01
5.138798952102661133e-01
6.406737565994262695e-01
4.170485436916351318e-01
6.416836977005004883e-01
4.933161437511444092e-01
3.297552764415740967e-01
5.411495566368103027e-01
3.415150344371795654e-01
6.492359042167663574e-01
6.313492655754089355e-01
3.325060009956359863e-01
6.238680481910705566e-01
3.276901245117187500e-01
6.078753471374511719e-01
5.688456296920776367e-01
5.096948146820068359e-01
3.342688977718353271e-01
3.525930047035217285e-01
5.645583271980285645e-01
4.865229427814483643e-01
5.259636044502258301e-01
3.371545374393463135e-01
6.475421190261840820e-01
4.171445369720458984e-01
3.722302913665771484e-01
6.357585787773132324e-01
3.182817995548248291e-01
6.163431406021118164e-01
3.575815856456756592e-01
6.222213506698608398e-01
3.830986320972442627e-01
5.724520683288574219e-01
6.046651601791381836e-01
3.334921300411224365e-01
5.282557010650634766e-01
3.217401504516601562e-01
3.285808265209197998e-01
5.319770574569702148e-01
4.623540639877319336e-01
6.060695052146911621e-01
4.537872672080993652e-01
5.832823514938354492e-01
3.475816547870635986e-01
3.629836440086364746e-01
3.695084750652313232e-01
3.464216887950897217e-01
4.098271727561950684e-01
4.685516655445098877e-01
6.507083773612976074e-01
3.991128504276275635e-01
3.792919218540191650e-01
3.564760088920593262e-01
6.393725872039794922e-01
3.479863703250885010e-01
3.306207060813903809e-01
3.476906716823577881e-01
5.954267382621765137e-01
5.863344073295593262e-01
3.888491392135620117e-01
3.372157812118530273e-01
5.478088259696960449e-01
6.425485014915466309e-01
5.513705015182495117e-01
4.748263061046600342e-01
5.014412999153137207e-01
3.748104572296142578e-01
6.510884761810302734e-01
6.009674072265625000e-01
6.410760283470153809e-01
5.399142503738403320e-01
6.416411399841308594e-01
4.063664972782135010e-01
3.330111801624298096e-01
5.553461909294128418e-01
3.880070149898529053e-01
3.514370918273925781e-01
6.009137630462646484e-01
5.193806290626525879e-01
6.242702007293701172e-01
3.447284400463104248e-01
3.511319160461425781e-01
4.550240635871887207e-01
3.287548720836639404e-01
5.283185243606567383e-01
3.252563774585723877e-01
5.498693585395812988e-01
6.347598433494567871e-01
6.134443283081054688e-01
5.766474604606628418e-01
3.829533159732818604e-01
3.246593177318572998e-01
4.125010371208190918e-01
6.518121957778930664e-01
6.093773245811462402e-01
3.433115184307098389e-01
6.199772357940673828e-01
5.477083325386047363e-01
6.453142762184143066e-01
3.358136415481567383e-01
6.274949908256530762e-01
3.398806750774383545e-01
3.721723854541778564e-01
6.325956583023071289e-01
3.684305548667907715e-01
3.532026708126068115e-01
4.152000844478607178e-01
5.746913552284240723e-01
3.214615881443023682e-01
5.028259158134460449e-01
3.226279318332672119e-01
3.578585386276245117e-01
3.414370417594909668e-01
3.535311222076416016e-01
3.301086425781250000e-01
3.322716951370239258e-01
5.996316671371459961e-01
3.782838582992553711e-01
3.264891207218170166e-01
3.947143256664276123e-01
3.554475009441375732e-01
3.216719329357147217e-01
5.811231732368469238e-01
3.271714746952056885e-01
4.148211181163787842e-01
5.759804248809814453e-01
3.410436213016510010e-01
3.275150358676910400e-01
4.356569647789001465e-01
6.425527334213256836e-01
3.525168597698211670e-01
3.837234079837799072e-01
3.743347525596618652e-01
4.514358341693878174e-01
3.284688591957092285e-01
5.997543334960937500e-01
3.723326325416564941e-01
6.404762864112854004e-01
3.273311257362365723e-01
5.368028283119201660e-01
3.289108872413635254e-01
6.435973048210144043e-01
5.093291401863098145e-01
6.350675821304321289e-01
3.433974087238311768e-01
5.070418119430541992e-01
4.781606197357177734e-01
3.259563744068145752e-01
3.811663985252380371e-01
3.833931982517242432e-01
5.167108178138732910e-01
4.039455652236938477e-01
3.531523346900939941e-01
3.894262015819549561e-01
6.526335477828979492e-01
6.348769664764404297e-01
3.200099468231201172e-01
6.093988418579101562e-01
4.661202728748321533e-01
5.165043473243713379e-01
3.895930349826812744e-01
6.160591244697570801e-01
3.262869119644165039e-01
5.183606147766113281e-01
6.107180118560791016e-01
3.233600258827209473e-01
6.545185446739196777e-01
3.397288620471954346e-01
3.427165150642395020e-01
3.572607934474945068e-01
3.303288519382476807e-01
6.101269721984863281e-01
4.090569317340850830e-01
3.271274566650390625e-01
3.742601871490478516e-01
3.774098455905914307e-01
3.422271013259887695e-01
5.080348849296569824e-01
3.214556574821472168e-01
3.289065361022949219e-01
3.494211137294769287e-01
6.155760288238525391e-01
3.272380530834197998e-01
3.556750118732452393e-01
5.136193633079528809e-01
3.223348259925842285e-01
3.312322199344635010e-01
5.938384532928466797e-01
3.499962985515594482e-01
3.471676707267761230e-01
6.146509051322937012e-01
5.601018071174621582e-01
6.530337929725646973e-01
6.238537430763244629e-01
3.482643961906433105e-01
6.024945974349975586e-01
6.139940023422241211e-01
3.402284085750579834e-01
5.727954506874084473e-01
5.044569373130798340e-01
3.819525539875030518e-01
3.570011258125305176e-01
5.784861445426940918e-01
3.256720304489135742e-01
5.914447903633117676e-01
3.534449934959411621e-01
4.822959303855895996e-01
4.800863265991210938e-01
3.250374197959899902e-01
5.491303205490112305e-01
3.306466639041900635e-01
4.939230978488922119e-01
5.072921514511108398e-01
5.756498575210571289e-01
5.650702714920043945e-01
3.362039923667907715e-01
3.808349967002868652e-01
3.537369370460510254e-01
6.362413167953491211e-01
3.650909364223480225e-01
5.381217598915100098e-01
4.503042101860046387e-01
3.373232185840606689e-01
5.953009128570556641e-01
5.161556601524353027e-01
3.198088109493255615e-01
6.081038713455200195e-01
3.564683794975280762e-01
6.449883580207824707e-01
3.307632207870483398e-01
5.540673732757568359e-01
3.378545343875885010e-01
6.194506883621215820e-01
6.259886622428894043e-01
3.947222828865051270e-01
3.875859975814819336e-01
3.560656607151031494e-01
5.925302505493164062e-01
4.074463546276092529e-01
3.406581580638885498e-01
4.909222722053527832e-01
4.008073806762695312e-01
3.851700723171234131e-01
3.390352725982666016e-01
3.917376399040222168e-01
6.231449842453002930e-01
3.311484456062316895e-01
3.852527141571044922e-01
3.306911587715148926e-01
3.260289430618286133e-01
3.267721235752105713e-01
4.379215538501739502e-01
4.108986556529998779e-01
5.852746367454528809e-01
3.514457345008850098e-01
3.423110246658325195e-01
6.278526782989501953e-01
5.988582372665405273e-01
6.211717724800109863e-01
4.126954674720764160e-01
4.051983058452606201e-01
5.653237700462341309e-01
3.480635881423950195e-01
5.318433642387390137e-01
3.750566542148590088e-01
6.032311916351318359e-01
3.334156572818756104e-01
4.298715591430664062e-01
3.336343765258789062e-01
3.773369491100311279e-01
5.465725064277648926e-01
5.134149193763732910e-01
3.302100002765655518e-01
3.310516178607940674e-01
6.497897505760192871e-01
3.340244889259338379e-01
3.501167595386505127e-01
3.409512042999267578e-01
3.694415986537933350e-01
6.320706605911254883e-01
3.325883150100708008e-01
4.951825439929962158e-01
3.254362940788269043e-01
3.453223705291748047e-01
3.438495695590972900e-01
3.239221274852752686e-01
5.863676071166992188e-01
5.032894015312194824e-01
3.317811489105224609e-01
6.083293557167053223e-01
3.355981409549713135e-01
3.598347306251525879e-01
3.675981462001800537e-01
4.731088578701019287e-01
6.365714073181152344e-01
3.424721062183380127e-01
3.772285282611846924e-01
4.558639526367187500e-01
3.885609507560729980e-01
5.400291681289672852e-01
4.301512837409973145e-01
4.566055834293365479e-01
5.550292730331420898e-01
5.997954010963439941e-01
4.928094148635864258e-01
3.274464011192321777e-01
4.679562449455261230e-01
6.410134434700012207e-01
6.399635076522827148e-01
5.345399975776672363e-01
6.009542346000671387e-01
4.020216464996337891e-01
6.434546709060668945e-01
6.161205768585205078e-01
4.528897106647491455e-01
5.372057557106018066e-01
5.353297591209411621e-01
3.183035850524902344e-01
3.350109457969665527e-01
3.540914058685302734e-01
6.237799525260925293e-01
6.371298432350158691e-01
6.346759200096130371e-01
3.742369413375854492e-01
4.611744284629821777e-01
4.778277873992919922e-01
6.502379775047302246e-01
4.223433136940002441e-01
3.227254152297973633e-01
3.274456262588500977e-01
6.321292519569396973e-01
6.405668258666992188e-01
6.395201086997985840e-01
5.940130352973937988e-01
3.946121335029602051e-01
6.321381330490112305e-01
6.192761063575744629e-01
3.301830291748046875e-01
3.535137474536895752e-01
3.357995450496673584e-01
3.301177322864532471e-01
3.230101466178894043e-01
3.615227639675140381e-01
5.598447918891906738e-01
3.197255134582519531e-01
3.731668889522552490e-01
3.453315496444702148e-01
6.338021159172058105e-01
3.533186316490173340e-01
5.756040811538696289e-01
5.969207882881164551e-01
3.624102771282196045e-01
3.489372134208679199e-01
3.374699950218200684e-01
4.020858705043792725e-01
6.083626747131347656e-01
3.262727558612823486e-01
4.699059724807739258e-01
6.353299617767333984e-01
4.718205928802490234e-01
4.846169948577880859e-01
3.873298168182373047e-01
3.857178092002868652e-01
5.783196687698364258e-01
3.415277898311614990e-01
3.674070239067077637e-01
5.383443236351013184e-01
3.402597606182098389e-01
6.195628046989440918e-01
4.769597053527832031e-01
6.229819059371948242e-01
3.338511288166046143e-01
3.266209363937377930e-01
3.401771783828735352e-01
5.920919775962829590e-01
6.482271552085876465e-01
3.397196531295776367e-01
3.297453224658966064e-01
3.466411530971527100e-01
4.850850105285644531e-01
6.380807757377624512e-01
6.124250292778015137e-01
3.686434328556060791e-01
3.404288887977600098e-01
5.620298981666564941e-01
4.239281117916107178e-01
6.454456448554992676e-01
3.548499047756195068e-01
3.528772592544555664e-01
6.415656805038452148e-01
3.899959921836853027e-01
6.414445638656616211e-01
3.564989864826202393e-01
6.217745542526245117e-01
6.364840269088745117e-01
5.943039655685424805e-01
3.435989320278167725e-01
3.396096229553222656e-01
3.207526803016662598e-01
5.345364809036254883e-01
3.211341500282287598e-01
5.157420039176940918e-01
5.373832583427429199e-01
6.490561366081237793e-01
3.394950032234191895e-01
3.835430145263671875e-01
6.033648848533630371e-01
6.484906673431396484e-01
5.469484925270080566e-01
5.574445128440856934e-01
3.305687308311462402e-01
5.687194466590881348e-01
3.948793411254882812e-01
3.721011579036712646e-01
3.298673629760742188e-01
6.502072811126708984e-01
5.805388092994689941e-01
3.323114514350891113e-01
5.518577694892883301e-01
3.362100124359130859e-01
5.756168961524963379e-01
5.075088143348693848e-01
6.044666171073913574e-01
3.250865042209625244e-01
6.500205397605895996e-01
6.270778179168701172e-01
5.924591422080993652e-01
3.214061558246612549e-01
3.648559153079986572e-01
4.478748440742492676e-01
5.895447731018066406e-01
3.908174932003021240e-01
6.525129079818725586e-01
5.859873294830322266e-01
6.064217686653137207e-01
6.133653521537780762e-01
6.302953362464904785e-01
6.233315467834472656e-01
6.340836286544799805e-01
4.350642263889312744e-01
3.845976889133453369e-01
3.201856315135955811e-01
6.014140844345092773e-01
3.703284859657287598e-01
3.832589983940124512e-01
3.392587900161743164e-01
6.352630257606506348e-01
3.484677970409393311e-01
4.379654526710510254e-01
5.080218315124511719e-01
3.492158055305480957e-01
6.381619572639465332e-01
3.291414082050323486e-01
5.971512198448181152e-01
3.946762979030609131e-01
3.508542180061340332e-01
5.860898494720458984e-01
3.564030230045318604e-01
3.507480621337890625e-01
5.585680603981018066e-01
3.351632952690124512e-01
3.534771502017974854e-01
4.812212288379669189e-01
3.402071297168731689e-01
5.762404203414916992e-01
4.343913495540618896e-01
3.317411243915557861e-01
6.088779568672180176e-01
3.262848854064941406e-01
4.178903102874755859e-01
3.280784487724304199e-01
3.265951573848724365e-01
3.298286497592926025e-01
3.482275903224945068e-01
3.372757136821746826e-01
4.276894330978393555e-01
3.596694469451904297e-01
3.906727433204650879e-01
6.199181675910949707e-01
4.777470231056213379e-01
5.911470651626586914e-01
5.392621159553527832e-01
3.338998556137084961e-01
6.291047334671020508e-01
5.658629536628723145e-01
3.464659750461578369e-01
3.464878201484680176e-01
6.263163685798645020e-01
3.489525914192199707e-01
6.475480198860168457e-01
5.554953813552856445e-01
5.726045370101928711e-01
3.177267014980316162e-01
4.000065326690673828e-01
5.270708799362182617e-01
3.425034284591674805e-01
3.285988569259643555e-01
3.960177600383758545e-01
3.654109835624694824e-01
3.278117477893829346e-01
3.641389310359954834e-01
3.304064869880676270e-01
5.134759545326232910e-01
6.443452239036560059e-01
6.372792720794677734e-01
6.335706114768981934e-01
3.964653909206390381e-01
6.122255325317382812e-01
3.840103745460510254e-01
5.052021145820617676e-01
3.590542674064636230e-01
3.729001581668853760e-01
3.993614614009857178e-01
3.677666783332824707e-01
5.983251929283142090e-01
6.380644440650939941e-01
6.300809383392333984e-01
6.174139380455017090e-01
3.371112048625946045e-01
4.193277359008789062e-01
3.945930898189544678e-01
6.377732157707214355e-01
5.739609599113464355e-01
6.300884485244750977e-01
4.176585972309112549e-01
3.292823135852813721e-01
3.590540587902069092e-01
6.070394515991210938e-01
6.202080249786376953e-01
3.910736441612243652e-01
3.415442407131195068e-01
3.289803862571716309e-01
6.361974477767944336e-01
6.279745101928710938e-01
6.191590428352355957e-01
5.446749925613403320e-01
5.650818347930908203e-01
5.206138491630554199e-01
3.560486137866973877e-01
5.381014943122863770e-01
6.162624955177307129e-01
3.247451186180114746e-01
5.896774530410766602e-01
4.183816909790039062e-01
6.246472001075744629e-01
3.465624451637268066e-01
4.778759777545928955e-01
5.971248149871826172e-01
5.139483809471130371e-01
6.489644646644592285e-01
3.568270802497863770e-01
4.580658376216888428e-01
3.287899196147918701e-01
3.322252333164215088e-01
3.698980808258056641e-01
3.228029608726501465e-01
4.714231491088867188e-01
5.608967542648315430e-01
3.547526597976684570e-01
5.596518516540527344e-01
5.975763201713562012e-01
3.726547062397003174e-01
3.957690000534057617e-01
4.122388064861297607e-01
3.319779634475708008e-01
4.198850989341735840e-01
6.304141283035278320e-01
4.303849935531616211e-01
4.914650321006774902e-01
5.377208590507507324e-01
4.329272210597991943e-01
5.475240349769592285e-01
4.759341478347778320e-01
5.810806155204772949e-01
5.494234561920166016e-01
3.347775042057037354e-01
5.538553595542907715e-01
4.989593327045440674e-01
3.440278768539428711e-01
3.423131704330444336e-01
3.380143940448760986e-01
5.412549972534179688e-01
3.578584194183349609e-01
3.485724925994873047e-01
4.377979636192321777e-01
3.939223587512969971e-01
3.218870759010314941e-01
3.867741227149963379e-01
3.231281638145446777e-01
3.783481419086456299e-01
3.495630025863647461e-01
5.611793994903564453e-01
4.168992340564727783e-01
6.140547394752502441e-01
4.890249073505401611e-01
3.207488954067230225e-01
3.752771615982055664e-01
6.301972270011901855e-01
5.899860858917236328e-01
6.066250801086425781e-01
3.644311726093292236e-01
3.451976776123046875e-01
4.606894254684448242e-01
4.025889337062835693e-01
3.288910686969757080e-01
3.216840624809265137e-01
4.192657172679901123e-01
5.909548997879028320e-01
3.593281507492065430e-01
3.252981603145599365e-01
3.413361012935638428e-01
6.220416426658630371e-01
6.268892288208007812e-01
3.325787782669067383e-01
6.236661672592163086e-01
3.962945044040679932e-01
5.435415506362915039e-01
3.775253295898437500e-01
6.299406290054321289e-01
5.613478422164916992e-01
3.775228261947631836e-01
3.974793553352355957e-01
5.492215156555175781e-01
6.419633626937866211e-01
6.439351439476013184e-01
5.664623379707336426e-01
4.162293374538421631e-01
6.075206995010375977e-01
3.338714838027954102e-01
3.656176328659057617e-01
4.856599569320678711e-01
3.447839319705963135e-01
3.774427473545074463e-01
6.445214748382568359e-01
3.687428534030914307e-01
3.590428531169891357e-01
3.275478184223175049e-01
6.388537883758544922e-01
6.162012815475463867e-01
5.483281612396240234e-01
3.401038944721221924e-01
6.002380251884460449e-01
3.307871222496032715e-01
3.214295506477355957e-01
3.887041807174682617e-01
3.300964236259460449e-01
5.537527203559875488e-01
6.327532529830932617e-01
5.157209634780883789e-01
4.706829786300659180e-01
5.923819541931152344e-01
3.378715515136718750e-01
6.035336852073669434e-01
6.313366889953613281e-01
6.113535165786743164e-01
3.629223406314849854e-01
3.757622539997100830e-01
6.253936886787414551e-01
6.300584077835083008e-01
3.640224635601043701e-01
6.274945735931396484e-01
6.042235493659973145e-01
3.340918123722076416e-01
6.198384165763854980e-01
3.299090266227722168e-01
4.187525510787963867e-01
6.446149349212646484e-01
4.054547846317291260e-01
5.510583519935607910e-01
3.453984558582305908e-01
3.577110767364501953e-01
5.350186228752136230e-01
3.353362381458282471e-01
4.234034419059753418e-01
4.730136096477508545e-01
5.209519267082214355e-01
3.445462882518768311e-01
4.504249393939971924e-01
5.311377048492431641e-01
3.454353213310241699e-01
3.710736334323883057e-01
3.457629084587097168e-01
6.342923641204833984e-01
3.484627902507781982e-01
6.373531818389892578e-01
3.317969441413879395e-01
6.224679946899414062e-01
3.579640388488769531e-01
5.410519242286682129e-01
4.848118424415588379e-01
3.848619461059570312e-01
5.413345098495483398e-01
6.299953460693359375e-01
4.039423465728759766e-01
6.482747793197631836e-01
5.289904475212097168e-01
3.596458137035369873e-01
3.525176346302032471e-01
6.341696977615356445e-01
5.401480197906494141e-01
3.529917597770690918e-01
5.925339460372924805e-01
3.329363763332366943e-01
6.138938665390014648e-01
3.983845114707946777e-01
6.216517090797424316e-01
3.801980614662170410e-01
3.251814246177673340e-01
3.566882312297821045e-01
6.315679550170898438e-01
3.534184396266937256e-01
5.397522449493408203e-01
3.462714254856109619e-01
3.828853666782379150e-01
6.087226867675781250e-01
3.441657125949859619e-01
3.783243298530578613e-01
6.435598134994506836e-01
4.985511600971221924e-01
6.429230570793151855e-01
3.229429423809051514e-01
3.582137525081634521e-01
4.209923744201660156e-01
4.004260301589965820e-01
3.484283983707427979e-01
6.459771394729614258e-01
4.131234586238861084e-01
3.553086817264556885e-01
3.285336494445800781e-01
6.262819170951843262e-01
3.411528170108795166e-01
5.733118057250976562e-01
6.413210034370422363e-01
4.558711051940917969e-01
3.406799733638763428e-01
6.452090740203857422e-01
6.149529218673706055e-01
3.266114592552185059e-01
4.308550059795379639e-01
6.380942463874816895e-01
4.761716425418853760e-01
4.584819674491882324e-01
5.567371249198913574e-01
6.174162626266479492e-01
3.947332799434661865e-01
6.410794854164123535e-01
3.299711346626281738e-01
6.332165002822875977e-01
6.378598213195800781e-01
5.916706919670104980e-01
6.479216814041137695e-01
6.355101466178894043e-01
6.416155695915222168e-01
4.832132458686828613e-01
3.370823860168457031e-01
4.176972508430480957e-01
6.016929745674133301e-01
3.387227356433868408e-01
5.038161873817443848e-01
5.122213363647460938e-01
6.165583729743957520e-01
5.951746106147766113e-01
3.523773252964019775e-01
4.523826837539672852e-01
5.941269397735595703e-01
3.603681325912475586e-01
3.579735159873962402e-01
5.134648680686950684e-01
4.446942806243896484e-01
3.192979693412780762e-01
3.210411071777343750e-01
5.993944406509399414e-01
6.124767065048217773e-01
6.289563179016113281e-01
5.195645689964294434e-01
5.880907773971557617e-01
3.243871927261352539e-01
3.756805360317230225e-01
5.947591066360473633e-01
6.298719644546508789e-01
4.181799590587615967e-01
3.322532773017883301e-01
6.317201256752014160e-01
3.937107026576995850e-01
4.262892305850982666e-01
3.192609250545501709e-01
5.827878117561340332e-01
3.414761722087860107e-01
5.444171428680419922e-01
6.154671907424926758e-01
3.927504718303680420e-01
5.422099232673645020e-01
6.212805509567260742e-01
4.455850720405578613e-01
3.329952061176300049e-01
6.350093483924865723e-01
3.587887883186340332e-01
6.441696882247924805e-01
3.795880079269409180e-01
3.300826251506805420e-01
3.495192229747772217e-01
5.037806630134582520e-01
6.385530829429626465e-01
3.367817103862762451e-01
6.202503442764282227e-01
3.645003437995910645e-01
5.339223146438598633e-01
6.254080533981323242e-01
6.353538036346435547e-01
3.230966329574584961e-01
6.256948709487915039e-01
6.275951862335205078e-01
4.240088462829589844e-01
6.184772849082946777e-01
6.302228569984436035e-01
6.082365512847900391e-01
4.198826849460601807e-01
4.006468653678894043e-01
4.296182692050933838e-01
6.402889490127563477e-01
3.657386004924774170e-01
3.235489726066589355e-01
3.474120199680328369e-01
3.595179617404937744e-01
6.191430091857910156e-01
6.323382854461669922e-01
4.628071784973144531e-01
4.744372069835662842e-01
4.133136868476867676e-01
4.272972047328948975e-01
5.366989374160766602e-01
3.813676536083221436e-01
4.787714481353759766e-01
3.598564565181732178e-01
6.295266151428222656e-01
3.871556222438812256e-01
5.783415436744689941e-01
3.470804095268249512e-01
4.322690069675445557e-01
6.275107860565185547e-01
5.523798465728759766e-01
6.141788959503173828e-01
6.019215583801269531e-01
4.224669337272644043e-01
5.224378705024719238e-01
6.233958005905151367e-01
5.463479757308959961e-01
3.500697612762451172e-01
3.263364434242248535e-01
6.091280579566955566e-01
3.374452590942382812e-01
3.978247046470642090e-01
3.196747004985809326e-01
4.095313847064971924e-01
3.521795272827148438e-01
3.623384535312652588e-01
5.403522849082946777e-01
6.179520487785339355e-01
4.908756911754608154e-01
5.987704992294311523e-01
5.503607988357543945e-01
4.749884605407714844e-01
3.338833451271057129e-01
4.920563399791717529e-01
6.170981526374816895e-01
5.962362885475158691e-01
3.325213491916656494e-01
6.469413638114929199e-01
3.446752429008483887e-01
4.400167465209960938e-01
5.001849532127380371e-01
5.685691833496093750e-01
3.360614776611328125e-01
6.436101198196411133e-01
3.636484444141387939e-01
4.155955314636230469e-01
5.890431404113769531e-01
3.456671237945556641e-01
3.197863698005676270e-01
5.114750266075134277e-01
4.145640730857849121e-01
3.405995666980743408e-01
6.379547715187072754e-01
6.438793540000915527e-01
6.360515356063842773e-01
3.213517665863037109e-01
5.270687937736511230e-01
5.630978941917419434e-01
4.419392645359039307e-01
3.528994917869567871e-01
3.756656050682067871e-01
4.756231904029846191e-01
5.313397645950317383e-01
4.907788336277008057e-01
5.626893639564514160e-01
5.464354157447814941e-01
3.342203795909881592e-01
5.783674716949462891e-01
3.212805986404418945e-01
4.835506081581115723e-01
3.358608782291412354e-01
3.248827457427978516e-01
3.369620442390441895e-01
5.954793691635131836e-01
3.385365605354309082e-01
3.915255963802337646e-01
3.198138177394866943e-01
3.629988133907318115e-01
6.330273747444152832e-01
3.391836881637573242e-01
4.409332275390625000e-01
3.390520215034484863e-01
6.294332146644592285e-01
3.286579847335815430e-01
3.324481248855590820e-01
5.647605657577514648e-01
3.759920299053192139e-01
3.558718860149383545e-01
3.714293539524078369e-01
4.213814735412597656e-01
3.528608083724975586e-01
3.290918171405792236e-01
4.547694921493530273e-01
3.768318295478820801e-01
6.254384517669677734e-01
6.373339891433715820e-01
6.042892336845397949e-01
3.598898649215698242e-01
6.179922223091125488e-01
4.465544819831848145e-01
4.171424210071563721e-01
6.419683098793029785e-01
3.566551208496093750e-01
6.223865151405334473e-01
5.557426810264587402e-01
5.909060239791870117e-01
6.261254549026489258e-01
6.357126832008361816e-01
5.680889487266540527e-01
3.744233548641204834e-01
4.311352074146270752e-01
4.685941636562347412e-01
5.807628631591796875e-01
6.414201855659484863e-01
3.419849574565887451e-01
3.813335001468658447e-01
5.406455993652343750e-01
5.945019721984863281e-01
6.358428597450256348e-01
5.699253678321838379e-01
4.103226363658905029e-01
4.159254431724548340e-01
5.088318586349487305e-01
5.717732906341552734e-01
3.493354320526123047e-01
5.697085261344909668e-01
