5.941074490547180176e-01
3.489163517951965332e-01
5.575526356697082520e-01
5.784166455268859863e-01
4.514938294887542725e-01
5.651964545249938965e-01
6.235999464988708496e-01
5.883144736289978027e-01
5.631654858589172363e-01
5.746535062789916992e-01
3.488731086254119873e-01
6.087011694908142090e-01
5.650929808616638184e-01
3.418532311916351318e-01
6.287314295768737793e-01
5.194072723388671875e-01
4.180947244167327881e-01
3.473211526870727539e-01
3.528094887733459473e-01
5.574966669082641602e-01
5.196021199226379395e-01
6.114991903305053711e-01
3.521848022937774658e-01
4.815999567508697510e-01
6.354774832725524902e-01
5.943461060523986816e-01
3.736139833927154541e-01
5.379906892776489258e-01
4.952097237110137939e-01
5.863267779350280762e-01
5.966259837150573730e-01
5.765691399574279785e-01
4.017856717109680176e-01
4.227670431137084961e-01
3.571638464927673340e-01
3.710839450359344482e-01
5.733922123908996582e-01
3.679720759391784668e-01
6.022761464118957520e-01
6.116403341293334961e-01
3.673980832099914551e-01
3.875239491462707520e-01
3.413733243942260742e-01
3.369438052177429199e-01
4.323814213275909424e-01
6.088293790817260742e-01
5.951465368270874023e-01
5.367925763130187988e-01
5.423737764358520508e-01
3.515639603137969971e-01
4.991248548030853271e-01
6.254599690437316895e-01
3.425741195678710938e-01
5.929422378540039062e-01
3.576853573322296143e-01
4.347284138202667236e-01
6.315522789955139160e-01
3.680392503738403320e-01
5.657587051391601562e-01
3.368616104125976562e-01
4.169037640094757080e-01
5.890626311302185059e-01
3.476229012012481689e-01
3.584748804569244385e-01
6.114456653594970703e-01
5.911363959312438965e-01
6.381059885025024414e-01
3.760921061038970947e-01
5.603265166282653809e-01
5.706244111061096191e-01
3.390139937400817871e-01
5.128594040870666504e-01
3.363541662693023682e-01
6.029915213584899902e-01
5.668076276779174805e-01
3.827585577964782715e-01
5.668036341667175293e-01
5.182569026947021484e-01
3.343861699104309082e-01
4.025675058364868164e-01
3.475584387779235840e-01
3.678891658782958984e-01
4.365684986114501953e-01
5.589928627014160156e-01
6.035474538803100586e-01
6.059135794639587402e-01
5.951142311096191406e-01
5.775533914566040039e-01
5.588943362236022949e-01
6.101790070533752441e-01
5.596792697906494141e-01
3.470825552940368652e-01
5.124709606170654297e-01
6.191756725311279297e-01
5.965336561203002930e-01
6.177552938461303711e-01
3.441751897335052490e-01
3.482206165790557861e-01
4.616918265819549561e-01
5.901072621345520020e-01
3.324076533317565918e-01
5.545091032981872559e-01
3.763752281665802002e-01
5.950897932052612305e-01
4.286288321018218994e-01
5.439556837081909180e-01
6.047996282577514648e-01
6.279942393302917480e-01
4.543258547782897949e-01
3.353275358676910400e-01
5.097243189811706543e-01
3.310608863830566406e-01
4.031378328800201416e-01
5.721139907836914062e-01
3.533617258071899414e-01
5.358674526214599609e-01
5.538568496704101562e-01
6.212999224662780762e-01
6.207853555679321289e-01
3.324269652366638184e-01
6.108242273330688477e-01
6.010751128196716309e-01
5.835739374160766602e-01
3.536375463008880615e-01
3.916755914688110352e-01
5.618879199028015137e-01
3.784530162811279297e-01
3.612985610961914062e-01
5.742158293724060059e-01
3.397584259510040283e-01
5.493612885475158691e-01
5.717997550964355469e-01
6.027945876121520996e-01
6.199651956558227539e-01
3.552960157394409180e-01
3.436563014984130859e-01
6.274576187133789062e-01
3.912218809127807617e-01
4.647006094455718994e-01
6.161396503448486328e-01
3.954571485519409180e-01
4.509855508804321289e-01
6.357569098472595215e-01
6.104969382286071777e-01
3.644901514053344727e-01
3.920015096664428711e-01
4.258942306041717529e-01
3.858772218227386475e-01
3.871470689773559570e-01
3.640650510787963867e-01
3.336809873580932617e-01
3.953203260898590088e-01
3.300235867500305176e-01
3.442603349685668945e-01
5.727027058601379395e-01
3.920324444770812988e-01
5.710445046424865723e-01
3.542104065418243408e-01
3.377043306827545166e-01
4.235513806343078613e-01
5.336329936981201172e-01
5.960942506790161133e-01
5.863183736801147461e-01
3.594798147678375244e-01
3.410643339157104492e-01
5.308404564857482910e-01
3.594890236854553223e-01
3.348712623119354248e-01
3.483719825744628906e-01
5.246865749359130859e-01
4.932650923728942871e-01
6.265957355499267578e-01
6.264488697052001953e-01
4.872905313968658447e-01
6.355144977569580078e-01
5.080289840698242188e-01
5.014402270317077637e-01
6.227256059646606445e-01
3.394196927547454834e-01
6.145613789558410645e-01
5.901441574096679688e-01
3.385618627071380615e-01
3.775962591171264648e-01
3.992363214492797852e-01
4.287585914134979248e-01
3.714473545551300049e-01
3.644903302192687988e-01
6.343894600868225098e-01
3.473587632179260254e-01
6.114913225173950195e-01
3.899281322956085205e-01
4.161629676818847656e-01
4.683078825473785400e-01
6.269223690032958984e-01
4.500983059406280518e-01
3.785229027271270752e-01
6.212236881256103516e-01
3.394730091094970703e-01
5.753223896026611328e-01
3.491333127021789551e-01
6.216625571250915527e-01
3.636677861213684082e-01
3.454249799251556396e-01
3.410656452178955078e-01
3.368597924709320068e-01
5.736449360847473145e-01
5.847197175025939941e-01
4.489358961582183838e-01
5.585471987724304199e-01
3.418004810810089111e-01
3.343503177165985107e-01
5.593920946121215820e-01
3.525468409061431885e-01
5.651559233665466309e-01
3.568840622901916504e-01
3.410759270191192627e-01
4.526461064815521240e-01
3.410868644714355469e-01
3.390051126480102539e-01
3.350723385810852051e-01
3.486868441104888916e-01
4.305700361728668213e-01
6.277030110359191895e-01
3.382643461227416992e-01
3.455259203910827637e-01
3.552456796169281006e-01
4.130269885063171387e-01
4.669321179389953613e-01
6.153671145439147949e-01
6.114288568496704102e-01
5.410638451576232910e-01
5.133627653121948242e-01
3.470455408096313477e-01
3.603363931179046631e-01
4.104372262954711914e-01
3.352489173412322998e-01
3.350784182548522949e-01
4.529702067375183105e-01
3.593790531158447266e-01
6.007974743843078613e-01
3.345341384410858154e-01
6.053103208541870117e-01
5.787529349327087402e-01
3.363841474056243896e-01
6.358663439750671387e-01
6.153766512870788574e-01
6.336708068847656250e-01
3.600289523601531982e-01
3.419425189495086670e-01
5.904988646507263184e-01
4.928754568099975586e-01
3.721508979797363281e-01
3.576640486717224121e-01
5.587395429611206055e-01
6.177156567573547363e-01
6.077420711517333984e-01
3.497040271759033203e-01
3.603692352771759033e-01
3.357053101062774658e-01
3.378765583038330078e-01
6.019697189331054688e-01
3.663836121559143066e-01
6.111226677894592285e-01
5.230801701545715332e-01
4.522762894630432129e-01
4.672919809818267822e-01
3.329791426658630371e-01
3.521390855312347412e-01
3.658849895000457764e-01
4.558178782463073730e-01
4.357907176017761230e-01
6.376265883445739746e-01
5.257502198219299316e-01
4.490312039852142334e-01
4.116071760654449463e-01
3.505061566829681396e-01
3.834469318389892578e-01
4.278686046600341797e-01
3.439681529998779297e-01
5.440704226493835449e-01
6.026394367218017578e-01
3.374103903770446777e-01
3.723871707916259766e-01
6.355943679809570312e-01
4.393613636493682861e-01
3.408971726894378662e-01
5.401076078414916992e-01
3.349344432353973389e-01
3.381857872009277344e-01
5.803931355476379395e-01
3.388438820838928223e-01
6.178783178329467773e-01
5.625920891761779785e-01
3.552006781101226807e-01
3.801561594009399414e-01
5.225574970245361328e-01
4.407598376274108887e-01
5.957220196723937988e-01
3.437436819076538086e-01
5.830386877059936523e-01
3.745531737804412842e-01
3.522407412528991699e-01
3.952710330486297607e-01
5.781480669975280762e-01
6.089176535606384277e-01
4.165397882461547852e-01
3.429411649703979492e-01
5.693389177322387695e-01
3.514177799224853516e-01
3.829391896724700928e-01
3.846300244331359863e-01
3.449948132038116455e-01
3.845902979373931885e-01
5.834010243415832520e-01
5.880208015441894531e-01
6.304036974906921387e-01
6.251649260520935059e-01
5.711018443107604980e-01
5.861221551895141602e-01
3.447395265102386475e-01
5.722814798355102539e-01
3.507265448570251465e-01
3.947581648826599121e-01
6.205703616142272949e-01
3.610824346542358398e-01
4.013996124267578125e-01
3.344117999076843262e-01
4.265741407871246338e-01
5.206760764122009277e-01
3.457378447055816650e-01
4.932184517383575439e-01
4.741685092449188232e-01
4.714967608451843262e-01
5.805904269218444824e-01
3.735358715057373047e-01
3.364593386650085449e-01
3.361642956733703613e-01
6.247854828834533691e-01
5.140410065650939941e-01
5.731158256530761719e-01
4.656936228275299072e-01
5.974360704421997070e-01
3.490173220634460449e-01
3.693326413631439209e-01
3.319636583328247070e-01
6.129295825958251953e-01
5.370156168937683105e-01
4.115999042987823486e-01
6.016027927398681641e-01
4.614502489566802979e-01
6.106190085411071777e-01
3.459550142288208008e-01
3.728548586368560791e-01
4.612765908241271973e-01
5.254796147346496582e-01
5.792894363403320312e-01
3.451912403106689453e-01
4.851239323616027832e-01
6.127285361289978027e-01
4.027424454689025879e-01
3.784953951835632324e-01
3.867833614349365234e-01
4.695911407470703125e-01
5.608897805213928223e-01
6.201639771461486816e-01
3.943106830120086670e-01
3.503636121749877930e-01
4.104763865470886230e-01
5.938366055488586426e-01
3.504463434219360352e-01
3.560923933982849121e-01
6.353377103805541992e-01
6.255373954772949219e-01
3.530325293540954590e-01
4.240471720695495605e-01
6.252350211143493652e-01
3.677410483360290527e-01
3.413258790969848633e-01
5.448311567306518555e-01
3.459428548812866211e-01
3.840422034263610840e-01
4.253429770469665527e-01
4.306213855743408203e-01
6.207569837570190430e-01
3.538269400596618652e-01
6.268731355667114258e-01
3.655999600887298584e-01
6.282595396041870117e-01
3.455566167831420898e-01
6.352884769439697266e-01
6.149800419807434082e-01
3.721813559532165527e-01
5.044820904731750488e-01
3.521284759044647217e-01
3.353779315948486328e-01
5.241571664810180664e-01
3.910552859306335449e-01
3.564127087593078613e-01
6.337190866470336914e-01
3.378717601299285889e-01
3.714126050472259521e-01
6.218577027320861816e-01
4.765762388706207275e-01
6.039195656776428223e-01
5.275214314460754395e-01
4.102128446102142334e-01
3.453592956066131592e-01
6.143392920494079590e-01
3.462926447391510010e-01
6.293318271636962891e-01
6.336212158203125000e-01
3.611027002334594727e-01
5.259267091751098633e-01
5.841401815414428711e-01
5.748547911643981934e-01
6.010991334915161133e-01
4.887997806072235107e-01
3.370320796966552734e-01
5.107882022857666016e-01
5.910599827766418457e-01
6.321901679039001465e-01
3.588108718395233154e-01
3.338267803192138672e-01
3.950229585170745850e-01
6.055094599723815918e-01
6.098869442939758301e-01
5.577348470687866211e-01
4.062235951423645020e-01
3.873748481273651123e-01
6.343213915824890137e-01
6.233608722686767578e-01
5.087814331054687500e-01
6.228476166725158691e-01
3.764159083366394043e-01
3.847028911113739014e-01
3.500770032405853271e-01
3.365900516510009766e-01
6.177354454994201660e-01
3.391143679618835449e-01
3.747979998588562012e-01
6.377984881401062012e-01
5.964215993881225586e-01
6.106494069099426270e-01
3.450193703174591064e-01
4.070370197296142578e-01
5.392701625823974609e-01
4.812782108783721924e-01
5.881084799766540527e-01
5.970724821090698242e-01
5.991837978363037109e-01
5.606782436370849609e-01
3.645995855331420898e-01
6.022781133651733398e-01
3.546596169471740723e-01
3.643281161785125732e-01
6.214330792427062988e-01
5.725027918815612793e-01
3.532144427299499512e-01
3.471481204032897949e-01
6.288729310035705566e-01
4.802361726760864258e-01
5.783892869949340820e-01
3.442194759845733643e-01
4.942547380924224854e-01
3.492302894592285156e-01
3.411622345447540283e-01
3.406516313552856445e-01
4.691222608089447021e-01
6.203044652938842773e-01
5.993250012397766113e-01
4.868710041046142578e-01
3.539842069149017334e-01
6.343101263046264648e-01
4.709796309471130371e-01
3.367808163166046143e-01
3.481259942054748535e-01
3.636496961116790771e-01
3.711830079555511475e-01
3.665002584457397461e-01
3.709011077880859375e-01
4.284104108810424805e-01
4.424275755882263184e-01
3.369191586971282959e-01
4.059629142284393311e-01
6.195622086524963379e-01
3.458734750747680664e-01
3.457683622837066650e-01
3.765150010585784912e-01
6.068984270095825195e-01
6.182678341865539551e-01
3.444618582725524902e-01
6.070407629013061523e-01
4.024955630302429199e-01
4.773638546466827393e-01
3.480132222175598145e-01
3.594090342521667480e-01
4.260272979736328125e-01
3.355656266212463379e-01
6.141245961189270020e-01
5.108975768089294434e-01
3.465153574943542480e-01
3.612565696239471436e-01
6.322008967399597168e-01
3.435207009315490723e-01
4.008587002754211426e-01
4.078322350978851318e-01
3.480764031410217285e-01
4.599954783916473389e-01
5.939609408378601074e-01
4.931856095790863037e-01
6.224533915519714355e-01
5.228223800659179688e-01
3.452655076980590820e-01
6.280656456947326660e-01
3.545298278331756592e-01
3.338188529014587402e-01
6.244065165519714355e-01
4.511400759220123291e-01
5.057483315467834473e-01
3.748499453067779541e-01
3.393559455871582031e-01
3.586946129798889160e-01
3.789927363395690918e-01
3.398334980010986328e-01
4.659540057182312012e-01
3.809503018856048584e-01
5.680583119392395020e-01
4.287868738174438477e-01
3.406556844711303711e-01
5.516484975814819336e-01
5.852991342544555664e-01
3.326516747474670410e-01
5.415725111961364746e-01
3.322350978851318359e-01
6.203256845474243164e-01
5.319570899009704590e-01
6.151677966117858887e-01
3.642161190509796143e-01
3.440038561820983887e-01
3.337539136409759521e-01
5.717133879661560059e-01
3.491273522377014160e-01
3.588665723800659180e-01
5.422440767288208008e-01
4.028834104537963867e-01
6.121647953987121582e-01
3.439215421676635742e-01
5.091480612754821777e-01
4.259385764598846436e-01
5.781644582748413086e-01
6.377297639846801758e-01
4.211010634899139404e-01
6.199892163276672363e-01
6.136373877525329590e-01
6.286380887031555176e-01
3.354043960571289062e-01
4.158674180507659912e-01
4.554777145385742188e-01
3.389332592487335205e-01
3.497006595134735107e-01
5.835501551628112793e-01
4.124840795993804932e-01
6.140629649162292480e-01
5.406754016876220703e-01
6.244665384292602539e-01
3.993600904941558838e-01
4.234822392463684082e-01
6.315350532531738281e-01
4.249400794506072998e-01
6.219154000282287598e-01
4.549593031406402588e-01
5.074328780174255371e-01
3.869968056678771973e-01
3.378721773624420166e-01
6.298756599426269531e-01
3.359942734241485596e-01
3.571502864360809326e-01
5.445668697357177734e-01
4.367450773715972900e-01
3.332593739032745361e-01
5.976057648658752441e-01
5.769953727722167969e-01
6.248273253440856934e-01
5.687027573585510254e-01
3.448760211467742920e-01
4.263187646865844727e-01
5.513688325881958008e-01
3.441488742828369141e-01
5.967418551445007324e-01
3.369172811508178711e-01
3.754253089427947998e-01
5.475291013717651367e-01
3.951638638973236084e-01
5.742936730384826660e-01
3.943202197551727295e-01
5.671634078025817871e-01
4.761577248573303223e-01
6.320890784263610840e-01
3.526598811149597168e-01
3.691753149032592773e-01
4.730316102504730225e-01
4.724670946598052979e-01
3.573372662067413330e-01
6.317075490951538086e-01
3.585183024406433105e-01
5.427979826927185059e-01
6.127392053604125977e-01
3.716789484024047852e-01
3.477026820182800293e-01
5.929417014122009277e-01
3.400360047817230225e-01
3.393776714801788330e-01
4.537013769149780273e-01
6.149001717567443848e-01
6.125996112823486328e-01
3.636413514614105225e-01
3.483241200447082520e-01
3.393492698669433594e-01
4.367380738258361816e-01
3.364872932434082031e-01
5.823950767517089844e-01
3.456386327743530273e-01
6.243498325347900391e-01
4.067686796188354492e-01
3.714860379695892334e-01
3.544525504112243652e-01
5.890342593193054199e-01
3.505929410457611084e-01
6.243401765823364258e-01
4.256493151187896729e-01
4.195845127105712891e-01
5.149033665657043457e-01
6.099389791488647461e-01
3.672415912151336670e-01
3.468066751956939697e-01
5.487335920333862305e-01
3.686200976371765137e-01
5.504033565521240234e-01
3.411995470523834229e-01
5.484955906867980957e-01
5.289338231086730957e-01
4.974558055400848389e-01
5.952573418617248535e-01
4.096900224685668945e-01
3.590205609798431396e-01
5.290577411651611328e-01
6.306487917900085449e-01
3.481883704662322998e-01
3.991894125938415527e-01
3.444556295871734619e-01
3.431751728057861328e-01
3.980696499347686768e-01
4.376422762870788574e-01
5.256342887878417969e-01
3.431274592876434326e-01
3.572956323623657227e-01
3.947440981864929199e-01
5.692021250724792480e-01
6.015624403953552246e-01
4.817432165145874023e-01
3.396940231323242188e-01
4.712696969509124756e-01
5.290664434432983398e-01
4.053081572055816650e-01
3.342354893684387207e-01
5.813258886337280273e-01
3.555032014846801758e-01
6.258556246757507324e-01
3.748872578144073486e-01
4.000940918922424316e-01
6.156319379806518555e-01
6.165689229965209961e-01
3.662991821765899658e-01
3.527593314647674561e-01
6.006860136985778809e-01
3.399034142494201660e-01
5.948538184165954590e-01
5.734731554985046387e-01
6.254000067710876465e-01
5.770165920257568359e-01
3.590095341205596924e-01
6.099585294723510742e-01
6.323305964469909668e-01
5.536978244781494141e-01
6.048780083656311035e-01
3.419668376445770264e-01
6.184068918228149414e-01
3.413890600204467773e-01
4.045266807079315186e-01
3.512190580368041992e-01
3.744969069957733154e-01
3.546823561191558838e-01
6.387773752212524414e-01
3.663269281387329102e-01
4.796034693717956543e-01
3.811816573143005371e-01
6.337783336639404297e-01
3.447442054748535156e-01
6.158577203750610352e-01
6.303263902664184570e-01
6.238272786140441895e-01
3.329624235630035400e-01
5.779937505722045898e-01
3.364896178245544434e-01
5.957728028297424316e-01
4.561403095722198486e-01
4.673806130886077881e-01
3.571400344371795654e-01
4.190493226051330566e-01
3.378717303276062012e-01
3.958372473716735840e-01
5.158799886703491211e-01
3.542546331882476807e-01
5.997494459152221680e-01
3.723424077033996582e-01
3.424680829048156738e-01
4.788825213909149170e-01
3.859825432300567627e-01
3.380234539508819580e-01
3.873278796672821045e-01
3.329600393772125244e-01
6.100635528564453125e-01
5.575730204582214355e-01
4.198152720928192139e-01
4.619151353836059570e-01
3.934114873409271240e-01
5.928278565406799316e-01
4.230441153049468994e-01
5.227109789848327637e-01
3.411304056644439697e-01
3.350954055786132812e-01
5.088385343551635742e-01
4.274118840694427490e-01
6.275232434272766113e-01
6.014239192008972168e-01
5.995391011238098145e-01
3.541917204856872559e-01
5.312430262565612793e-01
5.324230790138244629e-01
5.544121861457824707e-01
3.466435372829437256e-01
5.879397392272949219e-01
3.785019218921661377e-01
5.311253666877746582e-01
5.997320413589477539e-01
3.439509868621826172e-01
5.902079343795776367e-01
3.760639131069183350e-01
3.726307153701782227e-01
3.443357050418853760e-01
6.026911735534667969e-01
3.677027225494384766e-01
3.828335702419281006e-01
6.205533742904663086e-01
3.494815826416015625e-01
3.709264993667602539e-01
5.796192884445190430e-01
5.006314516067504883e-01
3.318713903427124023e-01
3.389947414398193359e-01
5.662901401519775391e-01
3.446611166000366211e-01
4.904896914958953857e-01
3.350991904735565186e-01
5.744104981422424316e-01
4.236374199390411377e-01
3.533235192298889160e-01
6.285825967788696289e-01
4.020382165908813477e-01
4.931461811065673828e-01
5.053267478942871094e-01
3.541768491268157959e-01
4.486946165561676025e-01
5.947931408882141113e-01
6.347458362579345703e-01
6.215987205505371094e-01
3.661014437675476074e-01
6.304576396942138672e-01
4.566157162189483643e-01
3.320733904838562012e-01
3.634799420833587646e-01
6.301409006118774414e-01
4.164799749851226807e-01
3.401679396629333496e-01
3.331499397754669189e-01
3.417141437530517578e-01
3.712192773818969727e-01
4.836223125457763672e-01
3.338584005832672119e-01
4.505169689655303955e-01
4.977217316627502441e-01
5.342202186584472656e-01
5.145244002342224121e-01
5.022833943367004395e-01
5.362359285354614258e-01
3.365653157234191895e-01
4.430281221866607666e-01
5.047873258590698242e-01
3.617293536663055420e-01
5.985875129699707031e-01
3.560928106307983398e-01
4.779782891273498535e-01
6.014503836631774902e-01
5.403966307640075684e-01
3.469229340553283691e-01
4.127151966094970703e-01
5.995072126388549805e-01
4.286661744117736816e-01
4.446195065975189209e-01
3.721325397491455078e-01
3.605152070522308350e-01
5.841742753982543945e-01
5.609178543090820312e-01
6.218172311782836914e-01
3.517591655254364014e-01
6.353178024291992188e-01
3.400345146656036377e-01
4.082442522048950195e-01
6.252344846725463867e-01
3.618165850639343262e-01
4.006579816341400146e-01
5.956797599792480469e-01
6.105828285217285156e-01
3.514728546142578125e-01
4.255143105983734131e-01
3.434018492698669434e-01
3.310050368309020996e-01
3.340321481227874756e-01
3.418277502059936523e-01
5.536202192306518555e-01
3.627078235149383545e-01
3.436392545700073242e-01
4.581540226936340332e-01
3.720685243606567383e-01
3.715463280677795410e-01
6.144454479217529297e-01
3.509944081306457520e-01
6.353256702423095703e-01
3.374812901020050049e-01
3.619790971279144287e-01
6.069633960723876953e-01
3.413501381874084473e-01
3.686298131942749023e-01
6.286571025848388672e-01
5.872443914413452148e-01
3.463082909584045410e-01
3.455803096294403076e-01
5.925708413124084473e-01
6.274077892303466797e-01
3.469726443290710449e-01
3.381887376308441162e-01
4.258147776126861572e-01
6.297054290771484375e-01
3.450784385204315186e-01
6.325792670249938965e-01
3.318773508071899414e-01
5.054927468299865723e-01
6.165240406990051270e-01
3.550868928432464600e-01
4.308596849441528320e-01
6.215430498123168945e-01
3.947700858116149902e-01
6.352359056472778320e-01
4.912636578083038330e-01
3.847807347774505615e-01
5.925431847572326660e-01
3.344599604606628418e-01
6.111606359481811523e-01
3.765918016433715820e-01
4.950618445873260498e-01
5.817650556564331055e-01
3.475489914417266846e-01
4.549781680107116699e-01
5.395704507827758789e-01
4.109539687633514404e-01
3.400001227855682373e-01
5.829150676727294922e-01
3.949816524982452393e-01
5.223178267478942871e-01
3.610243797302246094e-01
4.214445650577545166e-01
3.351184427738189697e-01
5.935516357421875000e-01
5.670717954635620117e-01
5.390532612800598145e-01
4.935682415962219238e-01
4.803301095962524414e-01
4.315814971923828125e-01
3.397089838981628418e-01
3.841336965560913086e-01
4.346652030944824219e-01
4.471724331378936768e-01
3.678369224071502686e-01
3.752405643463134766e-01
3.450832068920135498e-01
6.288064122200012207e-01
3.332287371158599854e-01
5.283803343772888184e-01
3.334103226661682129e-01
3.361355662345886230e-01
3.593061268329620361e-01
5.440109968185424805e-01
5.603427290916442871e-01
4.631466269493103027e-01
3.660432100296020508e-01
3.442125320434570312e-01
6.056599617004394531e-01
4.165481328964233398e-01
4.681094884872436523e-01
4.405587017536163330e-01
3.930718004703521729e-01
3.480603992938995361e-01
4.218815267086029053e-01
3.370994627475738525e-01
3.878165185451507568e-01
3.750295341014862061e-01
6.038895249366760254e-01
4.017875790596008301e-01
5.903190374374389648e-01
4.628924429416656494e-01
3.632027804851531982e-01
5.870087742805480957e-01
3.694511950016021729e-01
3.392968475818634033e-01
3.515630364418029785e-01
3.619799911975860596e-01
6.220193505287170410e-01
4.376985430717468262e-01
3.859198093414306641e-01
3.520489335060119629e-01
5.673077106475830078e-01
6.100478172302246094e-01
5.053551197052001953e-01
6.148244142532348633e-01
4.895434975624084473e-01
3.344368040561676025e-01
3.608814775943756104e-01
3.878282904624938965e-01
4.238148629665374756e-01
3.983775079250335693e-01
4.148173928260803223e-01
5.722916722297668457e-01
6.171263456344604492e-01
6.258370876312255859e-01
3.366001546382904053e-01
3.577348589897155762e-01
3.976401984691619873e-01
6.331623196601867676e-01
4.836984574794769287e-01
3.836461007595062256e-01
5.606898665428161621e-01
6.135091185569763184e-01
4.148507714271545410e-01
5.832668542861938477e-01
3.457086086273193359e-01
5.486918687820434570e-01
5.380493402481079102e-01
3.703941404819488525e-01
5.535177588462829590e-01
4.904653728008270264e-01
5.522195696830749512e-01
3.750601410865783691e-01
4.953369200229644775e-01
5.162998437881469727e-01
5.886080861091613770e-01
4.297157227993011475e-01
6.027421951293945312e-01
5.898850560188293457e-01
5.046144127845764160e-01
3.529578149318695068e-01
3.430767953395843506e-01
4.964140951633453369e-01
3.469945192337036133e-01
6.346448659896850586e-01
5.938224792480468750e-01
5.864281058311462402e-01
6.072081923484802246e-01
6.160423755645751953e-01
5.615331530570983887e-01
6.074156165122985840e-01
5.210718512535095215e-01
5.329115986824035645e-01
5.846849679946899414e-01
3.376117050647735596e-01
5.697683691978454590e-01
3.596827685832977295e-01
5.981011390686035156e-01
3.638646006584167480e-01
4.599795341491699219e-01
5.617905855178833008e-01
3.460029363632202148e-01
6.181128025054931641e-01
3.846841156482696533e-01
3.978570699691772461e-01
3.307945728302001953e-01
4.556522071361541748e-01
6.348356604576110840e-01
5.980659127235412598e-01
4.461468458175659180e-01
6.118173599243164062e-01
4.651661813259124756e-01
3.711931705474853516e-01
3.375364840030670166e-01
3.914783596992492676e-01
3.931671380996704102e-01
3.614253103733062744e-01
5.451347827911376953e-01
3.696004152297973633e-01
4.466668963432312012e-01
5.602132678031921387e-01
3.483588397502899170e-01
3.380522429943084717e-01
3.674994707107543945e-01
4.231739640235900879e-01
3.462260365486145020e-01
6.025243401527404785e-01
6.112402677536010742e-01
3.370756208896636963e-01
3.445646762847900391e-01
6.273747086524963379e-01
5.163149237632751465e-01
5.469090342521667480e-01
5.240494012832641602e-01
6.299687027931213379e-01
3.705859184265136719e-01
4.154954850673675537e-01
3.784477710723876953e-01
6.329032182693481445e-01
3.746817708015441895e-01
4.681905210018157959e-01
6.064423918724060059e-01
3.340602815151214600e-01
3.523122072219848633e-01
3.830364942550659180e-01
3.585751056671142578e-01
3.814237415790557861e-01
6.192555427551269531e-01
3.529109656810760498e-01
6.211864948272705078e-01
4.014948904514312744e-01
3.560219109058380127e-01
6.344053745269775391e-01
5.350862741470336914e-01
3.557732403278350830e-01
3.683753907680511475e-01
4.203913211822509766e-01
3.360796272754669189e-01
5.585678815841674805e-01
3.749825358390808105e-01
6.346336603164672852e-01
3.995976448059082031e-01
3.359991312026977539e-01
3.927476108074188232e-01
6.184212565422058105e-01
6.164576411247253418e-01
3.314019739627838135e-01
3.800905644893646240e-01
5.403532981872558594e-01
3.921904861927032471e-01
3.778006136417388916e-01
3.579249382019042969e-01
5.874302983283996582e-01
3.399387001991271973e-01
6.031222343444824219e-01
5.925157666206359863e-01
6.221563816070556641e-01
4.951049089431762695e-01
5.782194137573242188e-01
3.366424739360809326e-01
5.975406765937805176e-01
3.406789302825927734e-01
4.417204856872558594e-01
3.888193666934967041e-01
3.719860911369323730e-01
3.631575703620910645e-01
3.397524356842041016e-01
3.504325449466705322e-01
4.277564585208892822e-01
4.802250564098358154e-01
4.415025115013122559e-01
4.257574975490570068e-01
3.418817818164825439e-01
5.330387949943542480e-01
6.085679531097412109e-01
3.836065232753753662e-01
6.153646111488342285e-01
3.567602038383483887e-01
4.804576039314270020e-01
3.897326290607452393e-01
3.316800296306610107e-01
3.486902713775634766e-01
3.527371883392333984e-01
3.634569048881530762e-01
4.651510715484619141e-01
3.442255556583404541e-01
3.576799631118774414e-01
5.323657393455505371e-01
5.510281324386596680e-01
5.817270278930664062e-01
6.148057579994201660e-01
4.079476594924926758e-01
3.412722647190093994e-01
3.542555868625640869e-01
6.213320493698120117e-01
3.772543370723724365e-01
3.444421589374542236e-01
6.284000873565673828e-01
5.667896270751953125e-01
4.111801385879516602e-01
3.572826683521270752e-01
3.378421366214752197e-01
5.666214227676391602e-01
6.253638267517089844e-01
3.367450535297393799e-01
4.474997818470001221e-01
3.581427335739135742e-01
5.637440085411071777e-01
4.100476205348968506e-01
6.305792331695556641e-01
5.896619558334350586e-01
6.299825310707092285e-01
3.526684641838073730e-01
6.042082309722900391e-01
3.496754169464111328e-01
3.590523600578308105e-01
3.374755084514617920e-01
3.428246974945068359e-01
3.445250391960144043e-01
6.247510313987731934e-01
6.258671283721923828e-01
3.722317516803741455e-01
3.558555245399475098e-01
3.580060303211212158e-01
5.577068328857421875e-01
6.079214215278625488e-01
5.762233138084411621e-01
4.780436158180236816e-01
4.960087537765502930e-01
6.005347371101379395e-01
3.410496115684509277e-01
3.420169651508331299e-01
3.723490238189697266e-01
5.738910436630249023e-01
3.754887878894805908e-01
4.840301275253295898e-01
3.591520488262176514e-01
5.098099708557128906e-01
3.459481596946716309e-01
6.173918247222900391e-01
5.517002344131469727e-01
5.945590138435363770e-01
3.466255366802215576e-01
5.571134090423583984e-01
4.717862606048583984e-01
4.410135149955749512e-01
5.913008451461791992e-01
5.836006402969360352e-01
4.509595930576324463e-01
3.638666570186614990e-01
6.316232085227966309e-01
4.828991889953613281e-01
3.762488365173339844e-01
3.450138568878173828e-01
3.532418012619018555e-01
3.604536950588226318e-01
3.851028680801391602e-01
4.791657924652099609e-01
6.039882302284240723e-01
5.825012326240539551e-01
3.566754758358001709e-01
6.006043553352355957e-01
4.524026811122894287e-01
4.095336794853210449e-01
3.362483978271484375e-01
3.342669308185577393e-01
3.636825382709503174e-01
5.293828248977661133e-01
5.091536045074462891e-01
3.402936160564422607e-01
5.715849995613098145e-01
5.199165344238281250e-01
5.699207186698913574e-01
5.948178768157958984e-01
4.885422289371490479e-01
3.684231042861938477e-01
3.518527150154113770e-01
5.776150822639465332e-01
3.822918534278869629e-01
3.342025279998779297e-01
3.628988265991210938e-01
3.307211697101593018e-01
4.989265501499176025e-01
5.299727916717529297e-01
5.110063552856445312e-01
3.312868475914001465e-01
4.263045489788055420e-01
6.219328641891479492e-01
3.412566781044006348e-01
5.582507252693176270e-01
3.457358479499816895e-01
3.833866715431213379e-01
5.671933889389038086e-01
3.444193303585052490e-01
3.976288139820098877e-01
5.781715512275695801e-01
3.440969288349151611e-01
6.180290579795837402e-01
3.677149116992950439e-01
4.647822678089141846e-01
6.172318458557128906e-01
3.413822650909423828e-01
3.479323387145996094e-01
5.824713110923767090e-01
3.361586928367614746e-01
5.865024328231811523e-01
5.669685602188110352e-01
6.128500103950500488e-01
4.995485544204711914e-01
3.431200683116912842e-01
5.047203898429870605e-01
4.928750395774841309e-01
3.629022240638732910e-01
3.426137864589691162e-01
3.960036933422088623e-01
4.956059157848358154e-01
3.822312951087951660e-01
6.358876824378967285e-01
3.352081477642059326e-01
3.847830295562744141e-01
3.557500839233398438e-01
3.563245832920074463e-01
4.928235709667205811e-01
3.484785556793212891e-01
5.692609548568725586e-01
5.688064694404602051e-01
6.031669378280639648e-01
3.449875414371490479e-01
3.992500603199005127e-01
3.516600430011749268e-01
3.570047616958618164e-01
4.205203056335449219e-01
5.233026742935180664e-01
4.073335230350494385e-01
3.314176499843597412e-01
3.740303814411163330e-01
3.890111446380615234e-01
3.441977798938751221e-01
5.763378739356994629e-01
3.325673341751098633e-01
5.827804207801818848e-01
3.473740518093109131e-01
4.377554655075073242e-01
3.746950328350067139e-01
3.822744190692901611e-01
4.261159002780914307e-01
3.555820882320404053e-01
3.626337647438049316e-01
3.400200009346008301e-01
3.465476930141448975e-01
6.315281987190246582e-01
6.118016242980957031e-01
3.930080831050872803e-01
5.843920707702636719e-01
3.460783064365386963e-01
4.011389911174774170e-01
3.413814902305603027e-01
5.095258951187133789e-01
6.342692971229553223e-01
6.024615168571472168e-01
3.683348894119262695e-01
3.483489155769348145e-01
3.712526261806488037e-01
6.184347271919250488e-01
3.795050382614135742e-01
3.580201864242553711e-01
3.360154926776885986e-01
4.028017818927764893e-01
5.360438823699951172e-01
5.233215093612670898e-01
4.136988520622253418e-01
6.105862855911254883e-01
6.071140170097351074e-01
4.514157474040985107e-01
3.376195430755615234e-01
4.557698965072631836e-01
3.668045699596405029e-01
5.124506354331970215e-01
4.457775056362152100e-01
5.986334681510925293e-01
3.683747351169586182e-01
3.336340785026550293e-01
3.412348031997680664e-01
3.925055265426635742e-01
6.010495424270629883e-01
4.239179193973541260e-01
3.363038301467895508e-01
3.483506441116333008e-01
3.335351049900054932e-01
3.610111773014068604e-01
3.468841612339019775e-01
5.143796205520629883e-01
3.588190376758575439e-01
4.004676938056945801e-01
4.198245406150817871e-01
6.246746182441711426e-01
3.584245443344116211e-01
3.696187436580657959e-01
5.543493032455444336e-01
3.690885305404663086e-01
3.478356301784515381e-01
6.014387607574462891e-01
4.328387081623077393e-01
4.907531142234802246e-01
5.788757205009460449e-01
6.319412589073181152e-01
3.567222356796264648e-01
5.804062485694885254e-01
3.444350957870483398e-01
5.871412754058837891e-01
3.668250143527984619e-01
3.309507369995117188e-01
5.585163235664367676e-01
4.660469889640808105e-01
5.770910382270812988e-01
6.120248436927795410e-01
5.440757870674133301e-01
5.006299018859863281e-01
5.734564661979675293e-01
6.035724282264709473e-01
5.091263651847839355e-01
3.954020142555236816e-01
4.305026233196258545e-01
4.253098964691162109e-01
3.450637161731719971e-01
5.511821508407592773e-01
5.715488791465759277e-01
3.853669762611389160e-01
3.380065262317657471e-01
5.193731188774108887e-01
5.654196143150329590e-01
6.249721050262451172e-01
3.346141278743743896e-01
5.125786066055297852e-01
3.435462117195129395e-01
3.522237241268157959e-01
6.090274453163146973e-01
3.389714658260345459e-01
5.227875709533691406e-01
6.353948116302490234e-01
3.510522246360778809e-01
6.232672929763793945e-01
6.022405028343200684e-01
4.155354499816894531e-01
6.021142601966857910e-01
4.038130044937133789e-01
4.402751326560974121e-01
3.665601909160614014e-01
3.565333485603332520e-01
5.139802098274230957e-01
4.569043815135955811e-01
6.142501831054687500e-01
3.756484687328338623e-01
6.201970577239990234e-01
5.823664069175720215e-01
4.346465170383453369e-01
3.928470611572265625e-01
6.059892773628234863e-01
5.761215686798095703e-01
3.476935923099517822e-01
3.464614450931549072e-01
5.979119539260864258e-01
5.606694221496582031e-01
6.025151014328002930e-01
3.534751236438751221e-01
5.940607190132141113e-01
3.561899363994598389e-01
6.025387048721313477e-01
4.169158935546875000e-01
4.256039559841156006e-01
6.147128939628601074e-01
5.651167631149291992e-01
6.333623528480529785e-01
5.284156203269958496e-01
5.254608988761901855e-01
3.675773441791534424e-01
3.777237236499786377e-01
6.248004436492919922e-01
4.408814013004302979e-01
3.373555243015289307e-01
5.964305400848388672e-01
3.587121963500976562e-01
4.104405939579010010e-01
5.992143154144287109e-01
6.307828426361083984e-01
3.328873813152313232e-01
6.304630041122436523e-01
3.447102606296539307e-01
6.101945638656616211e-01
5.795928835868835449e-01
3.429353833198547363e-01
6.016683578491210938e-01
3.386743068695068359e-01
5.464903116226196289e-01
6.087809205055236816e-01
5.692316293716430664e-01
4.243741035461425781e-01
3.823117315769195557e-01
3.581753373146057129e-01
5.563758015632629395e-01
3.497282266616821289e-01
6.040745973587036133e-01
3.489452004432678223e-01
4.155330359935760498e-01
3.548643589019775391e-01
3.975008428096771240e-01
5.895574092864990234e-01
4.194618463516235352e-01
5.713435411453247070e-01
3.554351627826690674e-01
6.164095401763916016e-01
3.367276489734649658e-01
6.222277283668518066e-01
6.000785827636718750e-01
6.194878816604614258e-01
3.691195845603942871e-01
3.343017995357513428e-01
5.339732170104980469e-01
3.368987739086151123e-01
3.334974944591522217e-01
5.708328485488891602e-01
3.897515237331390381e-01
5.540477633476257324e-01
3.952987790107727051e-01
4.467018544673919678e-01
5.014405846595764160e-01
3.578847348690032959e-01
4.257739186286926270e-01
3.352363407611846924e-01
5.877190232276916504e-01
4.055999815464019775e-01
5.207517147064208984e-01
3.667508959770202637e-01
3.415378034114837646e-01
4.653137922286987305e-01
6.186912059783935547e-01
4.781545102596282959e-01
5.088849663734436035e-01
5.653470158576965332e-01
6.215525269508361816e-01
3.338855803012847900e-01
3.359163105487823486e-01
3.341380655765533447e-01
3.720573782920837402e-01
6.059914231300354004e-01
6.210195422172546387e-01
4.887787699699401855e-01
5.397127866744995117e-01
5.980184674263000488e-01
6.129786372184753418e-01
3.742845058441162109e-01
3.503173887729644775e-01
3.414110243320465088e-01
6.066530346870422363e-01
4.987607896327972412e-01
4.788782596588134766e-01
3.469220697879791260e-01
3.493446707725524902e-01
3.380454182624816895e-01
4.474388659000396729e-01
3.398079276084899902e-01
5.034356713294982910e-01
3.747259080410003662e-01
3.694252371788024902e-01
3.488032221794128418e-01
6.154596805572509766e-01
6.249283552169799805e-01
5.963546037673950195e-01
3.350453376770019531e-01
3.397713005542755127e-01
3.648270070552825928e-01
5.143750309944152832e-01
3.852280676364898682e-01
4.370633661746978760e-01
4.709676206111907959e-01
5.711939334869384766e-01
4.228428304195404053e-01
3.778551816940307617e-01
3.421414494514465332e-01
6.384495496749877930e-01
6.311076283454895020e-01
3.728329837322235107e-01
3.962011933326721191e-01
3.404872119426727295e-01
4.290444850921630859e-01
5.866525173187255859e-01
6.157491207122802734e-01
4.586419463157653809e-01
3.692807257175445557e-01
3.466506898403167725e-01
6.090581417083740234e-01
5.860293507575988770e-01
3.866603970527648926e-01
3.402235209941864014e-01
3.345247507095336914e-01
3.639208078384399414e-01
3.683982789516448975e-01
5.999133586883544922e-01
3.373039662837982178e-01
3.391656875610351562e-01
3.710573613643646240e-01
6.180242300033569336e-01
5.892738699913024902e-01
5.986046195030212402e-01
3.544186055660247803e-01
4.594952762126922607e-01
3.480646312236785889e-01
6.118558049201965332e-01
4.701895713806152344e-01
4.118023812770843506e-01
3.527907133102416992e-01
3.556312620639801025e-01
6.351239681243896484e-01
3.380753993988037109e-01
3.394534587860107422e-01
5.855616927146911621e-01
6.088140606880187988e-01
3.528248369693756104e-01
5.282382369041442871e-01
4.028673171997070312e-01
4.425396323204040527e-01
5.624344348907470703e-01
5.981828570365905762e-01
3.510812520980834961e-01
3.975340723991394043e-01
5.702654123306274414e-01
5.228503942489624023e-01
5.892528295516967773e-01
5.950122475624084473e-01
6.199946999549865723e-01
3.497062623500823975e-01
3.700630962848663330e-01
5.938192605972290039e-01
3.406094014644622803e-01
3.354670405387878418e-01
6.305512785911560059e-01
4.895724058151245117e-01
4.159074127674102783e-01
5.144261717796325684e-01
6.264674067497253418e-01
3.749398291110992432e-01
5.617143511772155762e-01
3.642991781234741211e-01
3.647624850273132324e-01
3.429173827171325684e-01
3.418687582015991211e-01
4.620664715766906738e-01
4.125364124774932861e-01
3.694771528244018555e-01
5.038428306579589844e-01
3.331563770771026611e-01
3.983855545520782471e-01
4.541601240634918213e-01
3.507767319679260254e-01
6.201046109199523926e-01
3.460693955421447754e-01
6.110489368438720703e-01
3.347491025924682617e-01
4.676774144172668457e-01
4.584389328956604004e-01
3.584523200988769531e-01
5.268546342849731445e-01
3.896649777889251709e-01
6.148680448532104492e-01
6.300948262214660645e-01
3.615425825119018555e-01
6.320955753326416016e-01
5.599951744079589844e-01
3.398088514804840088e-01
6.249784231185913086e-01
5.459190607070922852e-01
4.974386990070343018e-01
3.957941234111785889e-01
5.221011638641357422e-01
5.659312605857849121e-01
3.851483464241027832e-01
3.762664198875427246e-01
4.550373554229736328e-01
4.495900571346282959e-01
3.607912957668304443e-01
4.370316267013549805e-01
6.233423352241516113e-01
3.514360785484313965e-01
6.077509522438049316e-01
4.530501663684844971e-01
4.907493293285369873e-01
4.734126031398773193e-01
3.840470314025878906e-01
5.703000426292419434e-01
4.551016390323638916e-01
3.457702994346618652e-01
3.654834926128387451e-01
4.780617058277130127e-01
4.553359746932983398e-01
5.975354909896850586e-01
6.263734698295593262e-01
3.412259221076965332e-01
3.354867696762084961e-01
5.875559449195861816e-01
6.020730733871459961e-01
3.376977443695068359e-01
3.817044794559478760e-01
4.131901562213897705e-01
5.619680285453796387e-01
4.073552191257476807e-01
6.121998429298400879e-01
3.490862846374511719e-01
6.242631077766418457e-01
3.397562801837921143e-01
3.551372587680816650e-01
3.770740628242492676e-01
5.272085070610046387e-01
6.054466366767883301e-01
4.131235182285308838e-01
3.530910909175872803e-01
3.503204584121704102e-01
5.986554622650146484e-01
6.276018023490905762e-01
5.906324386596679688e-01
5.940838456153869629e-01
