5.001729130744934082e-01
3.700337707996368408e-01
3.596565723419189453e-01
3.498260676860809326e-01
6.003468632698059082e-01
4.066055417060852051e-01
6.031824350357055664e-01
4.451029598712921143e-01
3.745784163475036621e-01
3.506110608577728271e-01
6.109870076179504395e-01
4.581618010997772217e-01
6.247762441635131836e-01
3.366477191448211670e-01
3.261637985706329346e-01
6.024965643882751465e-01
4.966311156749725342e-01
5.169353485107421875e-01
5.073859691619873047e-01
4.584752619266510010e-01
3.359698951244354248e-01
6.332370042800903320e-01
6.179065704345703125e-01
3.497388064861297607e-01
6.013462543487548828e-01
4.943370521068572998e-01
3.912795484066009521e-01
5.257163047790527344e-01
3.434997797012329102e-01
6.286364197731018066e-01
3.769102394580841064e-01
3.563643693923950195e-01
4.841878712177276611e-01
3.612310290336608887e-01
5.335208177566528320e-01
6.391518115997314453e-01
4.936335980892181396e-01
5.798802971839904785e-01
3.418762981891632080e-01
6.265113949775695801e-01
3.349492847919464111e-01
4.005364477634429932e-01
6.157072186470031738e-01
5.265977978706359863e-01
6.259681582450866699e-01
4.800226986408233643e-01
6.382531523704528809e-01
6.106749773025512695e-01
6.203667521476745605e-01
6.128261089324951172e-01
5.121671557426452637e-01
4.528234004974365234e-01
5.872290730476379395e-01
5.415903329849243164e-01
3.529532849788665771e-01
5.689433217048645020e-01
5.559184551239013672e-01
6.070003509521484375e-01
5.589076280593872070e-01
3.544541895389556885e-01
4.207018911838531494e-01
5.413318276405334473e-01
3.270517289638519287e-01
3.828525841236114502e-01
6.392868161201477051e-01
6.141889691352844238e-01
6.354911923408508301e-01
3.443391621112823486e-01
6.316275596618652344e-01
4.233275055885314941e-01
3.900491595268249512e-01
5.771332979202270508e-01
4.003978371620178223e-01
6.273298263549804688e-01
3.805102407932281494e-01
4.207424521446228027e-01
5.887039303779602051e-01
3.339884579181671143e-01
3.761934936046600342e-01
6.124468445777893066e-01
3.740342259407043457e-01
4.380204677581787109e-01
6.249250769615173340e-01
6.201795339584350586e-01
3.332996964454650879e-01
5.709795951843261719e-01
4.430659413337707520e-01
5.833605527877807617e-01
3.851113617420196533e-01
3.516572117805480957e-01
4.107924997806549072e-01
4.189900457859039307e-01
6.414552330970764160e-01
3.518052101135253906e-01
3.290693759918212891e-01
4.249007999897003174e-01
6.149051189422607422e-01
3.489060699939727783e-01
3.634976446628570557e-01
3.414806127548217773e-01
3.499408960342407227e-01
6.207073330879211426e-01
3.472295701503753662e-01
4.113765060901641846e-01
6.323517560958862305e-01
4.772134125232696533e-01
3.826341331005096436e-01
3.761642873287200928e-01
4.630495905876159668e-01
3.261849284172058105e-01
3.360373377799987793e-01
4.389707446098327637e-01
3.854635953903198242e-01
6.390736103057861328e-01
3.481077253818511963e-01
5.943353772163391113e-01
6.008453965187072754e-01
3.611337244510650635e-01
4.259333908557891846e-01
6.309080719947814941e-01
5.600854158401489258e-01
4.936842620372772217e-01
5.708836913108825684e-01
5.894578099250793457e-01
5.773333311080932617e-01
3.816831111907958984e-01
4.425536990165710449e-01
6.161096096038818359e-01
3.358907699584960938e-01
4.537017047405242920e-01
4.791632890701293945e-01
5.497146248817443848e-01
4.583483040332794189e-01
5.620255470275878906e-01
5.761204361915588379e-01
5.416836738586425781e-01
6.421658992767333984e-01
4.588955044746398926e-01
4.095902442932128906e-01
5.040848851203918457e-01
5.574576854705810547e-01
3.716837465763092041e-01
6.043179631233215332e-01
3.682713210582733154e-01
6.144188046455383301e-01
3.570243120193481445e-01
5.185930728912353516e-01
3.419226408004760742e-01
5.271591544151306152e-01
5.987343192100524902e-01
5.891178250312805176e-01
6.394228935241699219e-01
3.654038310050964355e-01
5.274864435195922852e-01
3.377604186534881592e-01
6.330405473709106445e-01
3.580078482627868652e-01
3.470003902912139893e-01
5.772767663002014160e-01
5.890325307846069336e-01
6.310279369354248047e-01
3.694605231285095215e-01
6.325181126594543457e-01
6.409283280372619629e-01
3.447916209697723389e-01
5.343263149261474609e-01
6.208691000938415527e-01
3.390261530876159668e-01
5.282277464866638184e-01
4.560120403766632080e-01
6.320080757141113281e-01
5.510303378105163574e-01
3.444100916385650635e-01
3.810157775878906250e-01
5.851194262504577637e-01
3.972783684730529785e-01
4.703046679496765137e-01
4.192442595958709717e-01
4.091556370258331299e-01
4.148218929767608643e-01
3.551312088966369629e-01
5.410969853401184082e-01
4.982848763465881348e-01
3.514934182167053223e-01
3.934847116470336914e-01
3.576982617378234863e-01
6.416105031967163086e-01
5.782083868980407715e-01
3.441568017005920410e-01
6.404293179512023926e-01
3.302939534187316895e-01
3.514322936534881592e-01
4.409245550632476807e-01
5.279064178466796875e-01
6.235734224319458008e-01
3.350503146648406982e-01
6.390860676765441895e-01
3.498367965221405029e-01
4.537912011146545410e-01
3.980605900287628174e-01
4.351364374160766602e-01
5.459106564521789551e-01
4.869052469730377197e-01
5.308428406715393066e-01
5.099123716354370117e-01
4.772296249866485596e-01
6.226090192794799805e-01
5.786268711090087891e-01
6.374463438987731934e-01
4.286326169967651367e-01
4.590414464473724365e-01
6.204977035522460938e-01
4.987440109252929688e-01
5.302665829658508301e-01
6.315143704414367676e-01
4.810571968555450439e-01
3.358386754989624023e-01
4.059616625308990479e-01
6.337727308273315430e-01
4.988970160484313965e-01
6.352095007896423340e-01
6.218720674514770508e-01
3.880446553230285645e-01
4.113240242004394531e-01
5.878831148147583008e-01
6.327260732650756836e-01
4.028342664241790771e-01
6.455643177032470703e-01
6.347354650497436523e-01
3.542535603046417236e-01
3.787988722324371338e-01
5.871387720108032227e-01
6.365664005279541016e-01
6.426224112510681152e-01
5.556926131248474121e-01
6.304534673690795898e-01
6.011605262756347656e-01
3.702723681926727295e-01
4.154390394687652588e-01
4.329724907875061035e-01
3.544336557388305664e-01
4.105948507785797119e-01
5.974400639533996582e-01
5.005827546119689941e-01
4.299812912940979004e-01
6.233188509941101074e-01
4.650252461433410645e-01
5.328999757766723633e-01
5.354275703430175781e-01
5.913296341896057129e-01
6.100801229476928711e-01
3.544164001941680908e-01
3.778893947601318359e-01
4.290135204792022705e-01
3.589760065078735352e-01
3.723355531692504883e-01
3.762769699096679688e-01
4.579346477985382080e-01
5.369173884391784668e-01
3.454647660255432129e-01
4.742960631847381592e-01
6.240481138229370117e-01
3.840457201004028320e-01
3.693347871303558350e-01
5.792049765586853027e-01
4.517298042774200439e-01
4.296503067016601562e-01
3.405248522758483887e-01
3.363328874111175537e-01
3.942766189575195312e-01
5.836902260780334473e-01
3.462546765804290771e-01
5.985156297683715820e-01
6.329173445701599121e-01
6.033650040626525879e-01
6.258556246757507324e-01
6.242135763168334961e-01
3.360054790973663330e-01
6.321566104888916016e-01
5.750386714935302734e-01
5.890145301818847656e-01
3.751523792743682861e-01
6.373658776283264160e-01
4.683099687099456787e-01
6.299708485603332520e-01
5.800812244415283203e-01
3.519762754440307617e-01
3.886164426803588867e-01
3.395350873470306396e-01
3.490754365921020508e-01
4.188381135463714600e-01
6.075281500816345215e-01
4.124298095703125000e-01
3.300151526927947998e-01
4.240574538707733154e-01
6.146557927131652832e-01
3.477930724620819092e-01
3.786787092685699463e-01
4.591913223266601562e-01
6.068247556686401367e-01
5.603241920471191406e-01
4.134303629398345947e-01
6.037682890892028809e-01
3.791185617446899414e-01
3.375987708568572998e-01
3.972950279712677002e-01
3.823544085025787354e-01
3.673464059829711914e-01
3.767437636852264404e-01
6.340640783309936523e-01
3.377798795700073242e-01
4.536972343921661377e-01
5.117235779762268066e-01
4.521171450614929199e-01
6.159111261367797852e-01
4.846217036247253418e-01
6.148041486740112305e-01
5.265048742294311523e-01
4.274111986160278320e-01
6.245458126068115234e-01
6.250897645950317383e-01
3.509403467178344727e-01
6.065621376037597656e-01
6.343570351600646973e-01
6.451238989830017090e-01
5.094636678695678711e-01
3.344717025756835938e-01
5.857877731323242188e-01
4.408481121063232422e-01
5.514598488807678223e-01
3.927980959415435791e-01
3.553173542022705078e-01
3.337288498878479004e-01
3.499888479709625244e-01
3.374856412410736084e-01
3.651491403579711914e-01
6.338511705398559570e-01
5.815511345863342285e-01
3.325928151607513428e-01
4.573473334312438965e-01
5.251838564872741699e-01
5.624125599861145020e-01
6.346061825752258301e-01
5.873776078224182129e-01
3.485688567161560059e-01
3.269337117671966553e-01
6.011087894439697266e-01
3.497261404991149902e-01
4.028469920158386230e-01
3.440329730510711670e-01
6.172177791595458984e-01
3.623018860816955566e-01
6.375987529754638672e-01
6.032804250717163086e-01
6.164244413375854492e-01
3.548049628734588623e-01
5.612289905548095703e-01
3.595451414585113525e-01
3.755967617034912109e-01
3.356304168701171875e-01
3.771192729473114014e-01
6.468675732612609863e-01
5.337008833885192871e-01
3.344508409500122070e-01
6.164525747299194336e-01
3.576569855213165283e-01
5.992940068244934082e-01
3.404653668403625488e-01
6.424723267555236816e-01
5.677785873413085938e-01
4.228158891201019287e-01
5.737322568893432617e-01
6.160207986831665039e-01
6.360509395599365234e-01
3.275885879993438721e-01
4.051115214824676514e-01
6.399626135826110840e-01
3.540497124195098877e-01
6.217086315155029297e-01
5.451476573944091797e-01
3.690722584724426270e-01
4.131831228733062744e-01
5.357077717781066895e-01
3.338395953178405762e-01
3.673973679542541504e-01
6.246770620346069336e-01
3.822718262672424316e-01
3.594751060009002686e-01
6.098043918609619141e-01
4.737765491008758545e-01
3.892671465873718262e-01
5.977312922477722168e-01
5.025986433029174805e-01
6.347449421882629395e-01
3.431142568588256836e-01
6.195816993713378906e-01
4.775893092155456543e-01
6.407969594001770020e-01
5.126038789749145508e-01
3.267831206321716309e-01
4.233231842517852783e-01
3.424835205078125000e-01
6.072178483009338379e-01
4.745027124881744385e-01
6.179308891296386719e-01
3.692618310451507568e-01
6.086146235466003418e-01
6.386876702308654785e-01
6.200973987579345703e-01
6.387508511543273926e-01
6.226093173027038574e-01
6.186439990997314453e-01
3.441963195800781250e-01
4.256956577301025391e-01
5.956526398658752441e-01
3.993017673492431641e-01
3.413667380809783936e-01
3.569817245006561279e-01
5.779383778572082520e-01
3.578462004661560059e-01
3.961381018161773682e-01
3.627602458000183105e-01
5.949471592903137207e-01
6.223177313804626465e-01
3.803888857364654541e-01
6.249200701713562012e-01
5.503783226013183594e-01
3.457527160644531250e-01
5.414134263992309570e-01
5.902054905891418457e-01
4.301405251026153564e-01
6.445465087890625000e-01
5.231574773788452148e-01
6.035596728324890137e-01
3.807192444801330566e-01
4.638895690441131592e-01
5.600680112838745117e-01
5.888580679893493652e-01
6.436513066291809082e-01
3.731870949268341064e-01
6.295116543769836426e-01
5.225121974945068359e-01
5.138471126556396484e-01
6.165917515754699707e-01
3.384651243686676025e-01
6.218307018280029297e-01
6.355292201042175293e-01
6.375957727432250977e-01
4.720661640167236328e-01
4.806611537933349609e-01
6.075881123542785645e-01
6.234667301177978516e-01
3.461775481700897217e-01
6.376891136169433594e-01
3.460772931575775146e-01
6.405172348022460938e-01
3.646968305110931396e-01
6.166612505912780762e-01
3.656744956970214844e-01
6.289957761764526367e-01
3.727380931377410889e-01
3.553279340267181396e-01
4.673275351524353027e-01
3.989790081977844238e-01
6.378510594367980957e-01
3.303891718387603760e-01
4.747143983840942383e-01
5.112726688385009766e-01
4.501721262931823730e-01
6.106153726577758789e-01
3.701955676078796387e-01
3.526896536350250244e-01
6.431820988655090332e-01
5.883274674415588379e-01
5.838403701782226562e-01
3.415463268756866455e-01
3.508535027503967285e-01
3.792769312858581543e-01
5.139925479888916016e-01
3.747506737709045410e-01
6.331375837326049805e-01
3.535993099212646484e-01
4.040311276912689209e-01
3.484400212764739990e-01
3.443866670131683350e-01
6.453776955604553223e-01
4.729706346988677979e-01
3.623974621295928955e-01
6.342704892158508301e-01
5.392662286758422852e-01
3.695925176143646240e-01
3.690714538097381592e-01
5.967685580253601074e-01
5.490428209304809570e-01
6.275458931922912598e-01
4.619471728801727295e-01
6.254673600196838379e-01
5.989969372749328613e-01
3.951612412929534912e-01
6.111205816268920898e-01
5.730414390563964844e-01
3.329632580280303955e-01
5.997982025146484375e-01
6.285210847854614258e-01
3.355188369750976562e-01
6.198652386665344238e-01
4.673512876033782959e-01
4.105376899242401123e-01
5.864807367324829102e-01
3.551312088966369629e-01
3.499888479709625244e-01
4.025224149227142334e-01
6.331393718719482422e-01
6.135885119438171387e-01
4.580436646938323975e-01
3.614284992218017578e-01
4.185406565666198730e-01
5.300549864768981934e-01
4.023387730121612549e-01
3.369413614273071289e-01
6.385273933410644531e-01
5.494215488433837891e-01
4.269447922706604004e-01
3.418493866920471191e-01
6.326686739921569824e-01
3.522400259971618652e-01
6.041375398635864258e-01
5.098460316658020020e-01
5.633339285850524902e-01
6.397011280059814453e-01
3.784408569335937500e-01
3.712290525436401367e-01
5.670680999755859375e-01
5.429553389549255371e-01
5.597320199012756348e-01
5.526587367057800293e-01
3.887876272201538086e-01
5.934538841247558594e-01
4.429614841938018799e-01
6.328794956207275391e-01
4.680140018463134766e-01
3.420742154121398926e-01
5.756809115409851074e-01
6.301141977310180664e-01
3.594716191291809082e-01
6.411589384078979492e-01
5.819588303565979004e-01
5.109825730323791504e-01
6.302892565727233887e-01
4.922679364681243896e-01
3.537455201148986816e-01
6.296376585960388184e-01
5.934198498725891113e-01
6.005980372428894043e-01
6.301589608192443848e-01
5.771028399467468262e-01
3.491949439048767090e-01
6.390883326530456543e-01
4.457745254039764404e-01
6.386644244194030762e-01
5.078564286231994629e-01
3.285580575466156006e-01
4.367758631706237793e-01
4.411408305168151855e-01
5.873740911483764648e-01
6.330924630165100098e-01
4.552762210369110107e-01
6.350733041763305664e-01
5.996122956275939941e-01
4.154667556285858154e-01
3.362210988998413086e-01
5.944569110870361328e-01
3.339711725711822510e-01
3.477599918842315674e-01
6.153446435928344727e-01
4.851945936679840088e-01
6.321253180503845215e-01
3.685708940029144287e-01
3.786306083202362061e-01
4.325754046440124512e-01
4.306927621364593506e-01
4.745060205459594727e-01
3.944780528545379639e-01
3.390022218227386475e-01
6.455716490745544434e-01
3.474691212177276611e-01
3.653831481933593750e-01
5.605611205101013184e-01
4.824544787406921387e-01
6.306212544441223145e-01
5.805771350860595703e-01
5.535309910774230957e-01
3.445245623588562012e-01
6.025132536888122559e-01
5.925278663635253906e-01
5.411798357963562012e-01
3.422166109085083008e-01
6.003032922744750977e-01
3.454590439796447754e-01
3.934413194656372070e-01
4.168248176574707031e-01
3.878707289695739746e-01
5.611580014228820801e-01
3.288249671459197998e-01
6.415963768959045410e-01
3.827062547206878662e-01
3.484101891517639160e-01
3.554883599281311035e-01
3.593693673610687256e-01
5.665214061737060547e-01
5.373466014862060547e-01
4.671490788459777832e-01
3.326788246631622314e-01
3.545210063457489014e-01
6.419845819473266602e-01
5.514135956764221191e-01
3.674856126308441162e-01
3.427795171737670898e-01
3.669166266918182373e-01
3.391972780227661133e-01
6.213230490684509277e-01
6.184180378913879395e-01
3.929442763328552246e-01
6.238858103752136230e-01
6.054759621620178223e-01
6.258713603019714355e-01
6.209709048271179199e-01
5.670838356018066406e-01
6.266176104545593262e-01
5.741918683052062988e-01
6.102911233901977539e-01
3.334452807903289795e-01
4.377462863922119141e-01
6.018191576004028320e-01
4.032410681247711182e-01
3.765311837196350098e-01
3.419938981533050537e-01
3.908729255199432373e-01
3.626610040664672852e-01
4.980860054492950439e-01
6.103667616844177246e-01
5.544475317001342773e-01
4.708361029624938965e-01
3.419229984283447266e-01
6.326873302459716797e-01
5.846996307373046875e-01
6.193770766258239746e-01
4.314242601394653320e-01
5.159469842910766602e-01
4.458229541778564453e-01
5.898869037628173828e-01
4.234910011291503906e-01
6.250006556510925293e-01
3.344642519950866699e-01
3.726382255554199219e-01
4.497333467006683350e-01
3.653531670570373535e-01
6.083773970603942871e-01
4.870395362377166748e-01
5.450432300567626953e-01
3.960494697093963623e-01
3.549146652221679688e-01
4.482210278511047363e-01
3.933169841766357422e-01
3.536537587642669678e-01
6.245526671409606934e-01
3.527395427227020264e-01
5.746439695358276367e-01
6.459037661552429199e-01
5.900402665138244629e-01
3.848731517791748047e-01
3.529739379882812500e-01
4.192291796207427979e-01
6.166300177574157715e-01
6.163371205329895020e-01
3.431437611579895020e-01
4.667598903179168701e-01
5.839343667030334473e-01
6.422981023788452148e-01
6.402026414871215820e-01
5.764327049255371094e-01
4.685052335262298584e-01
6.033438444137573242e-01
4.065758585929870605e-01
3.387968838214874268e-01
3.541375100612640381e-01
5.932679176330566406e-01
5.518080592155456543e-01
3.390316367149353027e-01
6.385061144828796387e-01
5.063028335571289062e-01
3.799756765365600586e-01
6.401697993278503418e-01
5.362955331802368164e-01
5.460776686668395996e-01
6.187724471092224121e-01
5.698549747467041016e-01
6.032915115356445312e-01
6.132397055625915527e-01
6.273017525672912598e-01
6.273247599601745605e-01
6.352928876876831055e-01
3.812880218029022217e-01
3.901274502277374268e-01
6.067339777946472168e-01
5.169478058815002441e-01
3.327310681343078613e-01
6.365507245063781738e-01
4.181007444858551025e-01
4.802943468093872070e-01
5.283774137496948242e-01
4.326369762420654297e-01
3.993970453739166260e-01
3.932999372482299805e-01
4.216389954090118408e-01
3.668827116489410400e-01
3.373165428638458252e-01
3.665425479412078857e-01
6.328598260879516602e-01
3.898379802703857422e-01
6.400722861289978027e-01
6.070756316184997559e-01
4.956688284873962402e-01
3.460942804813385010e-01
6.308391690254211426e-01
3.980516791343688965e-01
4.679176211357116699e-01
3.623226583003997803e-01
5.735481381416320801e-01
6.165241599082946777e-01
6.305785775184631348e-01
6.420082449913024902e-01
5.245048999786376953e-01
6.382932066917419434e-01
6.418026089668273926e-01
3.556739985942840576e-01
5.814435482025146484e-01
6.270004510879516602e-01
3.876943588256835938e-01
6.333482861518859863e-01
3.733937740325927734e-01
6.215841174125671387e-01
4.906322360038757324e-01
4.043790996074676514e-01
4.821897745132446289e-01
6.351526975631713867e-01
3.353304564952850342e-01
6.382650136947631836e-01
5.800930857658386230e-01
6.173447966575622559e-01
4.179292023181915283e-01
3.431198596954345703e-01
4.350419640541076660e-01
6.264736056327819824e-01
6.385464668273925781e-01
4.024853110313415527e-01
5.390394926071166992e-01
5.674309730529785156e-01
3.484852910041809082e-01
3.414593338966369629e-01
6.034680008888244629e-01
5.986095666885375977e-01
3.460230529308319092e-01
3.384988009929656982e-01
3.700475394725799561e-01
3.529185354709625244e-01
3.334352970123291016e-01
3.766008913516998291e-01
3.640785813331604004e-01
3.487755358219146729e-01
6.376209855079650879e-01
6.436019539833068848e-01
3.893576562404632568e-01
5.798889994621276855e-01
4.457945227622985840e-01
5.191094875335693359e-01
3.804938495159149170e-01
3.241996169090270996e-01
4.647257328033447266e-01
3.720220625400543213e-01
4.996684491634368896e-01
6.357868313789367676e-01
6.455421447753906250e-01
6.138839125633239746e-01
3.661750555038452148e-01
3.259899616241455078e-01
6.406727433204650879e-01
6.382074356079101562e-01
6.404251456260681152e-01
6.211006045341491699e-01
3.413151800632476807e-01
3.546683192253112793e-01
5.655245780944824219e-01
5.158727765083312988e-01
5.360070466995239258e-01
5.903322100639343262e-01
5.480796694755554199e-01
6.396243572235107422e-01
3.830758035182952881e-01
6.196569800376892090e-01
3.915400207042694092e-01
6.313767433166503906e-01
4.831065535545349121e-01
3.882955312728881836e-01
6.241824626922607422e-01
6.111451983451843262e-01
6.362560391426086426e-01
3.841010928153991699e-01
6.069222688674926758e-01
5.063410401344299316e-01
6.367079615592956543e-01
3.377517759799957275e-01
6.303085088729858398e-01
3.583241701126098633e-01
4.071925580501556396e-01
5.212935805320739746e-01
5.457258224487304688e-01
6.299110651016235352e-01
5.658954381942749023e-01
6.325228810310363770e-01
6.207449436187744141e-01
4.176716208457946777e-01
3.394513130187988281e-01
4.507126510143280029e-01
6.049686670303344727e-01
3.715162575244903564e-01
3.355922102928161621e-01
3.502997457981109619e-01
5.888447165489196777e-01
6.377365589141845703e-01
3.592188060283660889e-01
4.670851230621337891e-01
6.460120677947998047e-01
3.501556217670440674e-01
3.847141861915588379e-01
3.806618750095367432e-01
6.396926045417785645e-01
5.755553841590881348e-01
5.541134476661682129e-01
3.441716432571411133e-01
3.383977413177490234e-01
5.933698415756225586e-01
5.405780076980590820e-01
3.321748375892639160e-01
3.503597974777221680e-01
4.084798395633697510e-01
5.813729166984558105e-01
4.534376859664916992e-01
5.689143538475036621e-01
5.658006668090820312e-01
3.484901189804077148e-01
6.041858196258544922e-01
6.395589709281921387e-01
4.084478914737701416e-01
6.214267015457153320e-01
4.559327363967895508e-01
3.462671637535095215e-01
3.488805890083312988e-01
3.472402095794677734e-01
5.564133524894714355e-01
5.901131033897399902e-01
5.023962855339050293e-01
3.611169457435607910e-01
6.314877271652221680e-01
6.226941347122192383e-01
4.748449921607971191e-01
3.963433206081390381e-01
3.779981732368469238e-01
6.295583844184875488e-01
4.406033754348754883e-01
6.091310381889343262e-01
5.949360728263854980e-01
4.856355488300323486e-01
3.753513395786285400e-01
3.793458342552185059e-01
3.735080659389495850e-01
5.831888914108276367e-01
3.533646464347839355e-01
5.080710649490356445e-01
4.141671359539031982e-01
3.630285561084747314e-01
6.278308033943176270e-01
6.314956545829772949e-01
3.385528326034545898e-01
3.305528461933135986e-01
6.088126301765441895e-01
5.442120432853698730e-01
4.074259996414184570e-01
5.326623320579528809e-01
5.855025649070739746e-01
3.310234844684600830e-01
3.626489341259002686e-01
6.116507649421691895e-01
3.678146600723266602e-01
5.454518795013427734e-01
3.565675914287567139e-01
5.463743209838867188e-01
3.491427004337310791e-01
4.336930811405181885e-01
6.323008537292480469e-01
4.814981520175933838e-01
4.825547337532043457e-01
4.026837944984436035e-01
4.979145824909210205e-01
5.045935511589050293e-01
5.732606649398803711e-01
5.953688025474548340e-01
4.338288307189941406e-01
5.235422849655151367e-01
5.044254660606384277e-01
5.419104695320129395e-01
3.997985422611236572e-01
5.993940830230712891e-01
6.159086823463439941e-01
6.269826889038085938e-01
3.434286713600158691e-01
3.320118784904479980e-01
3.402383029460906982e-01
3.678343892097473145e-01
6.091513037681579590e-01
4.227299690246582031e-01
5.485191345214843750e-01
5.136149525642395020e-01
3.713547289371490479e-01
6.046324968338012695e-01
3.475582599639892578e-01
6.283630728721618652e-01
6.362931728363037109e-01
3.656063973903656006e-01
4.559307992458343506e-01
3.904960453510284424e-01
3.888731300830841064e-01
3.539982438087463379e-01
4.245327413082122803e-01
5.679782629013061523e-01
6.387218236923217773e-01
5.639638900756835938e-01
5.927470922470092773e-01
5.515522956848144531e-01
6.118696331977844238e-01
3.590318858623504639e-01
6.279202699661254883e-01
6.432815790176391602e-01
5.656307935714721680e-01
5.877254009246826172e-01
6.362994909286499023e-01
4.771794080734252930e-01
3.779002130031585693e-01
3.435712456703186035e-01
4.431691169738769531e-01
3.996509611606597900e-01
3.563782572746276855e-01
3.695213794708251953e-01
5.381628870964050293e-01
5.760490298271179199e-01
5.893239974975585938e-01
4.805541336536407471e-01
5.387705564498901367e-01
3.907694816589355469e-01
3.281901180744171143e-01
6.051467061042785645e-01
4.233295917510986328e-01
6.356502175331115723e-01
6.366459727287292480e-01
5.310961008071899414e-01
6.062886714935302734e-01
3.556132018566131592e-01
6.344099044799804688e-01
6.095816493034362793e-01
5.798985362052917480e-01
6.217553019523620605e-01
4.032443463802337646e-01
4.201110601425170898e-01
6.196974515914916992e-01
4.885534942150115967e-01
5.947692990303039551e-01
6.052253246307373047e-01
5.257142782211303711e-01
4.434273540973663330e-01
5.349761843681335449e-01
5.862680077552795410e-01
6.293945312500000000e-01
6.378376483917236328e-01
6.116873621940612793e-01
5.313460826873779297e-01
3.499431014060974121e-01
3.676098883152008057e-01
6.088103055953979492e-01
5.618028640747070312e-01
3.409700393676757812e-01
5.951236486434936523e-01
3.421158790588378906e-01
6.403939723968505859e-01
6.304988861083984375e-01
6.383423209190368652e-01
5.827290415763854980e-01
3.755396604537963867e-01
5.942372083663940430e-01
6.315329670906066895e-01
4.999932050704956055e-01
4.438524544239044189e-01
3.615553975105285645e-01
5.727613568305969238e-01
3.591828644275665283e-01
5.902572870254516602e-01
3.367964625358581543e-01
5.480957031250000000e-01
6.286472082138061523e-01
3.450569510459899902e-01
3.582903742790222168e-01
3.246395885944366455e-01
6.424618959426879883e-01
5.728709697723388672e-01
3.888167440891265869e-01
6.349600553512573242e-01
3.567969501018524170e-01
3.861536979675292969e-01
4.469196200370788574e-01
3.697143793106079102e-01
4.391530752182006836e-01
5.950624942779541016e-01
4.169593453407287598e-01
3.447001576423645020e-01
6.374272704124450684e-01
6.371484994888305664e-01
4.382874667644500732e-01
6.424642205238342285e-01
5.186077952384948730e-01
6.217545866966247559e-01
3.345299661159515381e-01
6.141321659088134766e-01
5.977818965911865234e-01
4.479067921638488770e-01
5.192714929580688477e-01
3.411415517330169678e-01
3.886189162731170654e-01
3.889074027538299561e-01
6.180137395858764648e-01
5.883299708366394043e-01
6.089165210723876953e-01
3.713580965995788574e-01
6.257128715515136719e-01
4.206979572772979736e-01
6.144015192985534668e-01
3.311686217784881592e-01
4.108987450599670410e-01
5.863798260688781738e-01
5.281243324279785156e-01
3.511138856410980225e-01
4.658752679824829102e-01
4.000097215175628662e-01
4.661572575569152832e-01
3.738819956779479980e-01
5.443493723869323730e-01
3.822889626026153564e-01
6.437988877296447754e-01
3.479949235916137695e-01
5.610057115554809570e-01
4.078269898891448975e-01
6.061161160469055176e-01
4.521929621696472168e-01
3.679414689540863037e-01
4.422709643840789795e-01
3.934183418750762939e-01
5.599961280822753906e-01
4.018273949623107910e-01
3.376997113227844238e-01
6.222693920135498047e-01
4.684654772281646729e-01
3.710680305957794189e-01
3.472158312797546387e-01
3.401812911033630371e-01
4.134153723716735840e-01
4.458608627319335938e-01
3.730012178421020508e-01
6.262965202331542969e-01
3.519725501537322998e-01
6.217854619026184082e-01
3.566296696662902832e-01
5.881803035736083984e-01
3.384843170642852783e-01
5.955497026443481445e-01
6.321370601654052734e-01
4.224436879158020020e-01
4.396961629390716553e-01
4.872501790523529053e-01
4.940917193889617920e-01
3.396336138248443604e-01
4.014483690261840820e-01
4.415219128131866455e-01
6.155846118927001953e-01
3.778309822082519531e-01
3.517120182514190674e-01
6.385824680328369141e-01
5.330470204353332520e-01
6.251773834228515625e-01
6.082763075828552246e-01
6.321923136711120605e-01
6.358832716941833496e-01
5.823584794998168945e-01
6.191504001617431641e-01
3.441559374332427979e-01
6.321021914482116699e-01
6.195960044860839844e-01
3.446333110332489014e-01
3.324849605560302734e-01
4.421216845512390137e-01
4.755029380321502686e-01
6.045819520950317383e-01
5.930016040802001953e-01
6.005516648292541504e-01
6.303879022598266602e-01
3.652461469173431396e-01
5.565063953399658203e-01
3.602988123893737793e-01
5.819670557975769043e-01
5.533974766731262207e-01
3.540874421596527100e-01
4.661456644535064697e-01
3.765590190887451172e-01
5.781909227371215820e-01
6.047190427780151367e-01
3.370771706104278564e-01
6.188021302223205566e-01
3.899930119514465332e-01
5.944442152976989746e-01
5.926362872123718262e-01
6.048215627670288086e-01
4.288052916526794434e-01
3.483957052230834961e-01
4.259160459041595459e-01
3.537298142910003662e-01
6.336982250213623047e-01
4.257220923900604248e-01
6.283203959465026855e-01
5.641565918922424316e-01
4.326973259449005127e-01
3.689707517623901367e-01
6.422098278999328613e-01
4.394637942314147949e-01
5.926666259765625000e-01
6.384908556938171387e-01
4.790627360343933105e-01
3.401418328285217285e-01
4.553774297237396240e-01
4.087880253791809082e-01
5.898705720901489258e-01
4.997109770774841309e-01
3.282830119132995605e-01
4.925676882266998291e-01
3.827500045299530029e-01
3.424112796783447266e-01
4.193015098571777344e-01
3.279006779193878174e-01
3.696881234645843506e-01
6.415541768074035645e-01
6.323981881141662598e-01
3.532351255416870117e-01
3.520155251026153564e-01
6.314677000045776367e-01
6.386091709136962891e-01
4.114630818367004395e-01
6.187849044799804688e-01
3.361950218677520752e-01
3.516876995563507080e-01
5.270457267761230469e-01
6.371136903762817383e-01
5.149393677711486816e-01
6.309278011322021484e-01
4.922836422920227051e-01
4.029616415500640869e-01
6.231318116188049316e-01
3.326449096202850342e-01
6.047262549400329590e-01
5.976924896240234375e-01
5.468218326568603516e-01
4.696856737136840820e-01
6.464809179306030273e-01
3.265869915485382080e-01
3.494058847427368164e-01
3.779089450836181641e-01
6.267555356025695801e-01
5.557259321212768555e-01
3.497303724288940430e-01
3.380566239356994629e-01
3.595404922962188721e-01
4.042973220348358154e-01
6.321740150451660156e-01
5.513768792152404785e-01
5.835600495338439941e-01
4.193638861179351807e-01
3.630447685718536377e-01
6.222615838050842285e-01
4.588845670223236084e-01
3.736482858657836914e-01
6.340215206146240234e-01
3.850504755973815918e-01
4.952735602855682373e-01
3.765554130077362061e-01
3.877965211868286133e-01
6.212646961212158203e-01
3.615517914295196533e-01
5.687269568443298340e-01
6.438404917716979980e-01
3.394593596458435059e-01
4.531471431255340576e-01
5.677630901336669922e-01
5.919305682182312012e-01
3.707072734832763672e-01
5.796205997467041016e-01
3.435271382331848145e-01
6.337752938270568848e-01
6.353005766868591309e-01
5.500010848045349121e-01
3.849261701107025146e-01
3.351275920867919922e-01
6.223410964012145996e-01
3.818088769912719727e-01
6.388154029846191406e-01
3.809463679790496826e-01
5.747967362403869629e-01
4.971546530723571777e-01
3.350127339363098145e-01
5.822246670722961426e-01
4.721071720123291016e-01
6.260544061660766602e-01
4.369226098060607910e-01
3.634346723556518555e-01
5.659162402153015137e-01
4.722689390182495117e-01
4.204562008380889893e-01
6.275581717491149902e-01
3.611166477203369141e-01
3.333320617675781250e-01
4.593970179557800293e-01
6.317663192749023438e-01
3.671750128269195557e-01
5.296705365180969238e-01
3.468858897686004639e-01
6.356720328330993652e-01
3.778925538063049316e-01
3.443731069564819336e-01
6.277147531509399414e-01
3.596929013729095459e-01
4.712994396686553955e-01
4.974341392517089844e-01
3.526347577571868896e-01
4.378294348716735840e-01
5.608285665512084961e-01
5.117973089218139648e-01
4.154045581817626953e-01
3.568910658359527588e-01
3.570649325847625732e-01
4.640619754791259766e-01
3.414561152458190918e-01
4.624438881874084473e-01
6.101077198982238770e-01
3.968680500984191895e-01
6.350015401840209961e-01
6.387252807617187500e-01
4.150235950946807861e-01
5.280886292457580566e-01
3.298154473304748535e-01
5.284522175788879395e-01
4.886163175106048584e-01
5.979605317115783691e-01
3.470973968505859375e-01
3.826064467430114746e-01
6.155180931091308594e-01
6.398698091506958008e-01
4.670817553997039795e-01
3.579698801040649414e-01
5.060936808586120605e-01
6.037372946739196777e-01
6.391036510467529297e-01
4.993411004543304443e-01
4.260418117046356201e-01
3.942272663116455078e-01
6.364518404006958008e-01
3.808001279830932617e-01
5.937252640724182129e-01
6.047554016113281250e-01
3.312900066375732422e-01
3.303376138210296631e-01
4.977523386478424072e-01
3.505808115005493164e-01
3.928631842136383057e-01
5.962111949920654297e-01
3.674571812152862549e-01
3.528549373149871826e-01
3.327648043632507324e-01
6.327776312828063965e-01
5.034235715866088867e-01
5.271134376525878906e-01
4.469998180866241455e-01
6.132073402404785156e-01
4.028152525424957275e-01
5.270696282386779785e-01
4.906016886234283447e-01
6.390734314918518066e-01
4.227333366870880127e-01
3.337379097938537598e-01
6.109410524368286133e-01
6.367231011390686035e-01
5.888687968254089355e-01
5.252525210380554199e-01
3.958261907100677490e-01
4.046620428562164307e-01
3.559304177761077881e-01
6.254267096519470215e-01
6.321924328804016113e-01
5.848935246467590332e-01
3.939793109893798828e-01
3.729102909564971924e-01
3.511241078376770020e-01
6.213443875312805176e-01
6.363626122474670410e-01
4.160949885845184326e-01
6.176019310951232910e-01
5.119678378105163574e-01
3.578101992607116699e-01
6.295687556266784668e-01
3.599420785903930664e-01
3.322214782238006592e-01
3.312366902828216553e-01
4.418099224567413330e-01
3.774958848953247070e-01
5.583361387252807617e-01
6.411467194557189941e-01
3.557314276695251465e-01
3.804966211318969727e-01
3.901162147521972656e-01
3.303487300872802734e-01
5.668061375617980957e-01
5.836588740348815918e-01
3.349452316761016846e-01
6.315254569053649902e-01
5.093091130256652832e-01
5.940069556236267090e-01
6.407874822616577148e-01
6.360932588577270508e-01
6.262859702110290527e-01
5.920789241790771484e-01
6.379105448722839355e-01
6.158378124237060547e-01
3.694962859153747559e-01
3.320054411888122559e-01
5.269077420234680176e-01
3.419716358184814453e-01
6.332426071166992188e-01
5.979365706443786621e-01
3.585855960845947266e-01
5.067226290702819824e-01
4.089054167270660400e-01
3.729519248008728027e-01
4.040886163711547852e-01
5.459489822387695312e-01
6.353571414947509766e-01
6.132640242576599121e-01
3.877575993537902832e-01
5.976881384849548340e-01
3.602927327156066895e-01
4.537803828716278076e-01
6.101334691047668457e-01
5.331281423568725586e-01
5.768641829490661621e-01
5.992955565452575684e-01
4.607463479042053223e-01
3.599641621112823486e-01
3.926260471343994141e-01
6.144418120384216309e-01
4.494199752807617188e-01
4.299504160881042480e-01
3.291904330253601074e-01
3.887490928173065186e-01
6.125692725181579590e-01
5.836609005928039551e-01
6.252111196517944336e-01
5.007600784301757812e-01
5.871717333793640137e-01
6.189140677452087402e-01
3.877446949481964111e-01
3.548251092433929443e-01
6.263826489448547363e-01
3.349904417991638184e-01
4.062367379665374756e-01
5.243080258369445801e-01
5.890522003173828125e-01
6.415040493011474609e-01
3.449982702732086182e-01
5.300923585891723633e-01
3.833051323890686035e-01
5.205472707748413086e-01
3.626328408718109131e-01
4.304400086402893066e-01
3.291906118392944336e-01
6.220799684524536133e-01
3.840310275554656982e-01
4.788106679916381836e-01
5.353902578353881836e-01
3.387632071971893311e-01
5.917234420776367188e-01
4.139449000358581543e-01
5.986002683639526367e-01
6.261664628982543945e-01
4.192341566085815430e-01
3.263030648231506348e-01
6.338787078857421875e-01
6.285709142684936523e-01
3.368234932422637939e-01
4.522850215435028076e-01
5.683987736701965332e-01
6.281360983848571777e-01
3.370530009269714355e-01
5.035026669502258301e-01
3.699996471405029297e-01
3.636606931686401367e-01
5.389738678932189941e-01
6.328593492507934570e-01
3.727570474147796631e-01
3.630381524562835693e-01
6.303800940513610840e-01
3.829502463340759277e-01
6.361162662506103516e-01
3.952522575855255127e-01
3.749597668647766113e-01
4.335677325725555420e-01
6.260830163955688477e-01
6.414554715156555176e-01
3.251581788063049316e-01
3.291780054569244385e-01
6.421186923980712891e-01
4.936008453369140625e-01
3.837285637855529785e-01
4.735980927944183350e-01
6.118706464767456055e-01
5.001098513603210449e-01
3.320240080356597900e-01
4.183650314807891846e-01
4.847586154937744141e-01
6.215622425079345703e-01
6.067407727241516113e-01
3.482851982116699219e-01
6.043816208839416504e-01
4.789697825908660889e-01
3.302321434020996094e-01
4.484615623950958252e-01
3.581743538379669189e-01
6.164380908012390137e-01
4.761310219764709473e-01
6.021541953086853027e-01
4.995258152484893799e-01
3.509588241577148438e-01
3.624786138534545898e-01
3.684520423412322998e-01
3.461527526378631592e-01
3.962287008762359619e-01
5.731710791587829590e-01
4.541674852371215820e-01
3.483733832836151123e-01
6.181408166885375977e-01
6.254895329475402832e-01
6.004886627197265625e-01
4.390260577201843262e-01
4.023355543613433838e-01
4.920782744884490967e-01
4.542430341243743896e-01
5.319768786430358887e-01
3.849814236164093018e-01
6.146532893180847168e-01
5.610947608947753906e-01
3.373594880104064941e-01
5.374286174774169922e-01
6.134952902793884277e-01
6.307588219642639160e-01
5.272338390350341797e-01
4.222389757633209229e-01
4.723241329193115234e-01
5.873124003410339355e-01
5.796974897384643555e-01
6.068147420883178711e-01
6.141036748886108398e-01
4.697771668434143066e-01
5.821962952613830566e-01
6.072413325309753418e-01
5.016764402389526367e-01
5.512447357177734375e-01
6.178392767906188965e-01
5.331529974937438965e-01
5.389955639839172363e-01
3.333107829093933105e-01
3.400711715221405029e-01
4.352843165397644043e-01
6.022861599922180176e-01
3.644537329673767090e-01
5.081871747970581055e-01
3.265871703624725342e-01
3.374824821949005127e-01
6.237426996231079102e-01
6.192346215248107910e-01
4.900498092174530029e-01
4.946015179157257080e-01
5.971434712409973145e-01
4.587111175060272217e-01
3.758886456489562988e-01
4.707848429679870605e-01
6.317443251609802246e-01
4.369622766971588135e-01
6.306313872337341309e-01
4.199328124523162842e-01
3.558066189289093018e-01
3.347805142402648926e-01
3.728058934211730957e-01
3.399800062179565430e-01
4.636877179145812988e-01
6.417337656021118164e-01
4.524621367454528809e-01
4.450450539588928223e-01
5.736480951309204102e-01
4.225654602050781250e-01
3.349887728691101074e-01
5.178775191307067871e-01
3.599114716053009033e-01
6.114423871040344238e-01
6.418585777282714844e-01
3.335222899913787842e-01
3.719820082187652588e-01
4.563050568103790283e-01
3.419575989246368408e-01
5.514739751815795898e-01
5.772311091423034668e-01
4.140888154506683350e-01
6.130518317222595215e-01
3.392226994037628174e-01
5.699774026870727539e-01
6.383622884750366211e-01
6.288687586784362793e-01
5.540131330490112305e-01
3.411667644977569580e-01
4.010240435600280762e-01
6.134578585624694824e-01
6.387307643890380859e-01
3.573128879070281982e-01
3.246842920780181885e-01
4.025245308876037598e-01
5.191138386726379395e-01
5.639662146568298340e-01
5.873500704765319824e-01
4.614437520503997803e-01
6.288316845893859863e-01
4.498813748359680176e-01
3.317573070526123047e-01
5.710575580596923828e-01
3.460476696491241455e-01
4.210742712020874023e-01
5.403628349304199219e-01
4.546414613723754883e-01
5.386474132537841797e-01
3.498363494873046875e-01
6.288235187530517578e-01
5.256132483482360840e-01
6.271203756332397461e-01
3.793940246105194092e-01
6.238873004913330078e-01
5.734767317771911621e-01
6.370170116424560547e-01
3.959747850894927979e-01
5.664190649986267090e-01
6.264305710792541504e-01
6.229105591773986816e-01
4.108716249465942383e-01
3.663249313831329346e-01
3.873868584632873535e-01
4.919588565826416016e-01
4.083876311779022217e-01
4.644261300563812256e-01
3.336870372295379639e-01
5.850717425346374512e-01
3.335298597812652588e-01
3.717290163040161133e-01
4.257399439811706543e-01
5.996193885803222656e-01
5.917342901229858398e-01
6.442004442214965820e-01
6.176253557205200195e-01
5.543261170387268066e-01
3.448323309421539307e-01
6.363958120346069336e-01
6.180062294006347656e-01
6.450871825218200684e-01
4.635162651538848877e-01
6.354676485061645508e-01
4.821129441261291504e-01
6.293361186981201172e-01
5.277699232101440430e-01
6.375128030776977539e-01
3.481613099575042725e-01
6.433386206626892090e-01
6.390525698661804199e-01
5.524297952651977539e-01
5.715976953506469727e-01
3.688479661941528320e-01
6.269830465316772461e-01
6.192634105682373047e-01
3.905885517597198486e-01
5.659953951835632324e-01
3.262384235858917236e-01
3.422796428203582764e-01
6.077740788459777832e-01
3.838826417922973633e-01
3.927910327911376953e-01
5.923567414283752441e-01
4.669930934906005859e-01
6.284990310668945312e-01
5.986959338188171387e-01
3.962288498878479004e-01
4.901740252971649170e-01
5.051716566085815430e-01
3.564901053905487061e-01
3.520351052284240723e-01
3.719640076160430908e-01
6.358810663223266602e-01
6.183729171752929688e-01
5.967861413955688477e-01
6.437973976135253906e-01
6.365896463394165039e-01
3.414651155471801758e-01
5.513778328895568848e-01
