3.373024463653564453e-01
4.050206542015075684e-01
6.281798481941223145e-01
3.574120402336120605e-01
5.809258818626403809e-01
3.980911970138549805e-01
5.377662181854248047e-01
6.205706000328063965e-01
6.296216249465942383e-01
5.312538146972656250e-01
3.901278972625732422e-01
4.739426076412200928e-01
3.424110114574432373e-01
4.343789517879486084e-01
6.156122088432312012e-01
3.792880773544311523e-01
4.828664362430572510e-01
3.708423078060150146e-01
5.126481652259826660e-01
3.815513849258422852e-01
5.988699197769165039e-01
4.368512034416198730e-01
4.544593989849090576e-01
6.239303946495056152e-01
3.510499894618988037e-01
6.382609605789184570e-01
4.920971691608428955e-01
3.582827150821685791e-01
5.865337252616882324e-01
6.385023593902587891e-01
4.308350384235382080e-01
5.761575698852539062e-01
3.658025860786437988e-01
3.451288640499114990e-01
5.034623742103576660e-01
4.306804537773132324e-01
5.744140744209289551e-01
3.642704486846923828e-01
4.235168695449829102e-01
4.624896049499511719e-01
5.005926489830017090e-01
3.464623689651489258e-01
3.538973033428192139e-01
6.300564408302307129e-01
5.599071979522705078e-01
6.285642981529235840e-01
4.594847857952117920e-01
3.428385555744171143e-01
4.807656109333038330e-01
4.100058078765869141e-01
3.492459952831268311e-01
6.267445087432861328e-01
4.483082592487335205e-01
3.659410178661346436e-01
4.700452089309692383e-01
6.272926926612854004e-01
3.818659484386444092e-01
4.491606056690216064e-01
3.599718213081359863e-01
6.305201649665832520e-01
5.712701082229614258e-01
6.273038387298583984e-01
5.580167174339294434e-01
4.336702227592468262e-01
5.281370878219604492e-01
6.014446020126342773e-01
5.442365407943725586e-01
4.212940037250518799e-01
3.756887614727020264e-01
4.742175042629241943e-01
4.923126697540283203e-01
3.473341464996337891e-01
6.125229001045227051e-01
3.390287756919860840e-01
4.308025836944580078e-01
5.235152840614318848e-01
3.585008084774017334e-01
3.973989188671112061e-01
6.003189086914062500e-01
6.335415244102478027e-01
3.812279999256134033e-01
3.665343523025512695e-01
3.461113572120666504e-01
3.359193801879882812e-01
4.391151964664459229e-01
3.677775263786315918e-01
3.735378384590148926e-01
6.421765089035034180e-01
6.212334036827087402e-01
6.078568100929260254e-01
6.305155158042907715e-01
4.676160812377929688e-01
4.909724593162536621e-01
6.364418864250183105e-01
3.798467218875885010e-01
5.515627264976501465e-01
4.564149975776672363e-01
4.179612696170806885e-01
6.398603916168212891e-01
5.990691184997558594e-01
3.950723111629486084e-01
4.567325711250305176e-01
3.408277034759521484e-01
4.095726907253265381e-01
5.663484334945678711e-01
4.910425841808319092e-01
6.331360340118408203e-01
6.009955406188964844e-01
5.172312855720520020e-01
6.392149925231933594e-01
3.959288597106933594e-01
4.101777076721191406e-01
3.828610479831695557e-01
4.834320247173309326e-01
4.947415888309478760e-01
5.149909853935241699e-01
6.213888525962829590e-01
4.355859458446502686e-01
6.045061945915222168e-01
3.403426706790924072e-01
6.024747490882873535e-01
6.225327849388122559e-01
6.300808787345886230e-01
3.649834096431732178e-01
3.788693249225616455e-01
6.301162838935852051e-01
3.950824141502380371e-01
3.801190555095672607e-01
3.924636840820312500e-01
4.353632926940917969e-01
4.588379859924316406e-01
4.438950419425964355e-01
5.983715653419494629e-01
4.350550472736358643e-01
3.450336754322052002e-01
5.052990913391113281e-01
6.227471232414245605e-01
4.455093145370483398e-01
6.281606554985046387e-01
6.031212806701660156e-01
5.708831548690795898e-01
5.947234630584716797e-01
5.663549304008483887e-01
6.055926680564880371e-01
3.914268612861633301e-01
6.055560708045959473e-01
4.795974195003509521e-01
6.312474608421325684e-01
4.026762545108795166e-01
6.143739819526672363e-01
6.259832978248596191e-01
5.198407173156738281e-01
3.469915986061096191e-01
3.266977667808532715e-01
6.281651854515075684e-01
5.229588747024536133e-01
5.566632151603698730e-01
6.386944651603698730e-01
6.310635805130004883e-01
3.537430167198181152e-01
4.675412476062774658e-01
5.355224609375000000e-01
6.380408406257629395e-01
6.037541627883911133e-01
6.284721493721008301e-01
6.302925348281860352e-01
6.091434359550476074e-01
5.955086946487426758e-01
3.573536276817321777e-01
4.720741212368011475e-01
4.013001024723052979e-01
6.164021492004394531e-01
4.373729825019836426e-01
4.397068619728088379e-01
3.350470662117004395e-01
6.148280501365661621e-01
3.489598035812377930e-01
6.096939444541931152e-01
3.562135696411132812e-01
6.278746724128723145e-01
4.044116735458374023e-01
6.370217204093933105e-01
4.120102524757385254e-01
6.371574997901916504e-01
6.181540489196777344e-01
3.575230836868286133e-01
5.118979811668395996e-01
6.256237030029296875e-01
3.448039293289184570e-01
4.028426706790924072e-01
5.193850994110107422e-01
6.420497894287109375e-01
4.381678700447082520e-01
6.057795286178588867e-01
3.636086285114288330e-01
6.042664051055908203e-01
4.892295598983764648e-01
3.625270724296569824e-01
4.315437376499176025e-01
6.419080495834350586e-01
5.917971730232238770e-01
3.579426705837249756e-01
6.193037629127502441e-01
5.132515430450439453e-01
4.389426410198211670e-01
6.364260315895080566e-01
3.376260399818420410e-01
5.030300617218017578e-01
3.725394606590270996e-01
6.344526410102844238e-01
5.630425214767456055e-01
5.106428861618041992e-01
4.103345274925231934e-01
3.679127395153045654e-01
5.589734315872192383e-01
5.791333913803100586e-01
3.518613874912261963e-01
5.847479104995727539e-01
6.280983090400695801e-01
4.610236287117004395e-01
6.358947157859802246e-01
4.924298822879791260e-01
5.284389257431030273e-01
3.392349481582641602e-01
6.315586566925048828e-01
5.558367967605590820e-01
3.727203309535980225e-01
4.300401806831359863e-01
5.440283417701721191e-01
6.317725777626037598e-01
6.366890668869018555e-01
6.355383396148681641e-01
6.080312132835388184e-01
3.877733647823333740e-01
3.521333038806915283e-01
6.315529942512512207e-01
4.464264214038848877e-01
6.219509840011596680e-01
3.432311415672302246e-01
6.391066312789916992e-01
3.684877157211303711e-01
4.212160110473632812e-01
6.346594691276550293e-01
5.470691323280334473e-01
6.115876436233520508e-01
6.206973791122436523e-01
3.888630568981170654e-01
5.460860729217529297e-01
3.819102346897125244e-01
4.547789990901947021e-01
6.191098690032958984e-01
4.301387071609497070e-01
6.200419664382934570e-01
5.570669174194335938e-01
4.506423473358154297e-01
6.185401678085327148e-01
6.296051740646362305e-01
3.628720045089721680e-01
6.179175972938537598e-01
3.600275814533233643e-01
5.060101747512817383e-01
5.785291790962219238e-01
3.424253761768341064e-01
6.205713748931884766e-01
3.600388169288635254e-01
6.191833615303039551e-01
3.763815164566040039e-01
4.008981585502624512e-01
4.858724474906921387e-01
6.385018825531005859e-01
3.510638773441314697e-01
5.646073222160339355e-01
4.989398121833801270e-01
6.386336684226989746e-01
5.194206237792968750e-01
4.864755868911743164e-01
6.298338174819946289e-01
5.103967189788818359e-01
4.171563684940338135e-01
3.977713584899902344e-01
4.061517417430877686e-01
6.275199055671691895e-01
5.812747478485107422e-01
5.033285021781921387e-01
6.302513480186462402e-01
6.387293934822082520e-01
5.585739016532897949e-01
6.151462793350219727e-01
4.511668384075164795e-01
4.018167555332183838e-01
3.901407420635223389e-01
3.520203828811645508e-01
5.978490114212036133e-01
5.034778118133544922e-01
4.122587740421295166e-01
6.021230816841125488e-01
3.606343865394592285e-01
3.999472558498382568e-01
5.881929993629455566e-01
4.070822894573211670e-01
5.594174861907958984e-01
6.188449859619140625e-01
6.138488054275512695e-01
3.500243425369262695e-01
6.226848959922790527e-01
6.405057311058044434e-01
3.612045347690582275e-01
6.392966508865356445e-01
5.877977013587951660e-01
6.201526522636413574e-01
5.892196893692016602e-01
4.312506318092346191e-01
5.667893886566162109e-01
6.354901790618896484e-01
4.334872663021087646e-01
6.239466667175292969e-01
5.325180888175964355e-01
3.382856547832489014e-01
6.235159635543823242e-01
4.266369938850402832e-01
5.012183189392089844e-01
5.038273334503173828e-01
4.276922047138214111e-01
5.381721258163452148e-01
3.769720494747161865e-01
6.399635076522827148e-01
6.354421973228454590e-01
6.193335652351379395e-01
4.111264646053314209e-01
5.861873030662536621e-01
3.681624233722686768e-01
5.928897857666015625e-01
3.320782482624053955e-01
5.731447339057922363e-01
3.741519749164581299e-01
5.970796942710876465e-01
3.962443470954895020e-01
4.113034605979919434e-01
5.286822915077209473e-01
5.598132610321044922e-01
3.357174396514892578e-01
3.875056803226470947e-01
3.659098744392395020e-01
6.382825374603271484e-01
3.978230655193328857e-01
6.276884675025939941e-01
3.474971055984497070e-01
4.820785820484161377e-01
6.323210000991821289e-01
6.396732330322265625e-01
3.663924634456634521e-01
4.310258924961090088e-01
6.300991773605346680e-01
6.267967820167541504e-01
3.460163772106170654e-01
6.406337618827819824e-01
3.493619859218597412e-01
3.398754000663757324e-01
6.287212967872619629e-01
4.102622568607330322e-01
3.889836370944976807e-01
3.613896369934082031e-01
6.314641833305358887e-01
6.356592178344726562e-01
5.822607278823852539e-01
4.377943873405456543e-01
5.397183299064636230e-01
4.445399343967437744e-01
3.702428936958312988e-01
5.961563587188720703e-01
3.862677216529846191e-01
6.352005004882812500e-01
3.560664653778076172e-01
3.828334510326385498e-01
6.245430111885070801e-01
6.310677528381347656e-01
3.663808405399322510e-01
5.260649919509887695e-01
4.609764516353607178e-01
4.901363551616668701e-01
5.878905653953552246e-01
6.410738825798034668e-01
4.352527856826782227e-01
6.160895228385925293e-01
3.502402901649475098e-01
6.276554465293884277e-01
6.319573521614074707e-01
4.524424672126770020e-01
5.496573448181152344e-01
3.969686329364776611e-01
6.416817903518676758e-01
3.526032567024230957e-01
4.185096919536590576e-01
3.410626053810119629e-01
5.380754470825195312e-01
4.719360172748565674e-01
4.269533157348632812e-01
5.799885988235473633e-01
4.762346744537353516e-01
6.111701726913452148e-01
6.413139104843139648e-01
3.443767428398132324e-01
6.282369494438171387e-01
5.392379164695739746e-01
4.818382859230041504e-01
6.136002540588378906e-01
3.802697658538818359e-01
6.176319122314453125e-01
5.465292930603027344e-01
3.705782592296600342e-01
6.179885268211364746e-01
4.812174737453460693e-01
4.126987755298614502e-01
6.130697131156921387e-01
5.365257263183593750e-01
6.312465071678161621e-01
4.034033417701721191e-01
6.140948534011840820e-01
6.306003928184509277e-01
6.333834528923034668e-01
6.248368024826049805e-01
5.875384211540222168e-01
6.274032592773437500e-01
3.635600805282592773e-01
5.950044989585876465e-01
4.000062048435211182e-01
6.135008335113525391e-01
3.342617154121398926e-01
6.337974071502685547e-01
3.753224909305572510e-01
6.180703639984130859e-01
6.079260110855102539e-01
4.031019508838653564e-01
3.533522486686706543e-01
3.309281766414642334e-01
6.328896284103393555e-01
3.488137423992156982e-01
3.498644828796386719e-01
4.088436365127563477e-01
5.435045957565307617e-01
6.020688414573669434e-01
6.341038346290588379e-01
4.683076739311218262e-01
3.365398943424224854e-01
5.020188689231872559e-01
5.455337762832641602e-01
6.323310136795043945e-01
3.478107452392578125e-01
6.252427697181701660e-01
6.415358781814575195e-01
4.544080495834350586e-01
4.111340343952178955e-01
6.320714354515075684e-01
4.140041172504425049e-01
3.517090380191802979e-01
3.458323180675506592e-01
5.327188968658447266e-01
4.368708133697509766e-01
3.392850458621978760e-01
3.941823244094848633e-01
5.828617215156555176e-01
6.370584964752197266e-01
5.336863398551940918e-01
6.302398443222045898e-01
3.621307909488677979e-01
3.584811985492706299e-01
5.543808937072753906e-01
5.879431366920471191e-01
5.622594952583312988e-01
6.222990751266479492e-01
4.301933944225311279e-01
6.065554022789001465e-01
3.377304971218109131e-01
6.390783786773681641e-01
4.155237376689910889e-01
6.230528354644775391e-01
6.421347856521606445e-01
4.366153180599212646e-01
4.581501483917236328e-01
6.204743385314941406e-01
4.415705800056457520e-01
6.249091029167175293e-01
6.421102285385131836e-01
3.310242295265197754e-01
5.268010497093200684e-01
4.123271107673645020e-01
6.269043087959289551e-01
5.991958379745483398e-01
3.696717619895935059e-01
5.173292756080627441e-01
6.165928840637207031e-01
5.996794700622558594e-01
4.332837462425231934e-01
3.725652694702148438e-01
3.390173614025115967e-01
3.463992476463317871e-01
3.904576003551483154e-01
3.927370011806488037e-01
6.055903434753417969e-01
5.582292079925537109e-01
3.631749749183654785e-01
5.602179169654846191e-01
3.752876520156860352e-01
5.985842943191528320e-01
6.153019070625305176e-01
6.415756344795227051e-01
3.521893620491027832e-01
3.556354343891143799e-01
6.277012228965759277e-01
6.158115267753601074e-01
3.320861458778381348e-01
3.449130654335021973e-01
6.136517524719238281e-01
6.021065711975097656e-01
6.165708303451538086e-01
6.400403976440429688e-01
6.378090977668762207e-01
3.866567611694335938e-01
5.462064146995544434e-01
3.704409301280975342e-01
5.306133031845092773e-01
6.170918941497802734e-01
4.991897344589233398e-01
6.095730662345886230e-01
3.893870711326599121e-01
6.371117234230041504e-01
6.112763881683349609e-01
3.527613282203674316e-01
6.002284288406372070e-01
5.572630167007446289e-01
5.938873291015625000e-01
6.257834434509277344e-01
4.366025030612945557e-01
6.264834403991699219e-01
6.338994503021240234e-01
4.916242957115173340e-01
5.878649950027465820e-01
4.044386744499206543e-01
3.380462527275085449e-01
5.096236467361450195e-01
6.348367333412170410e-01
4.521318376064300537e-01
3.997773528099060059e-01
3.692667782306671143e-01
5.414151549339294434e-01
5.684754848480224609e-01
3.812109529972076416e-01
5.810618996620178223e-01
5.679876208305358887e-01
6.157095432281494141e-01
5.918288826942443848e-01
5.443181395530700684e-01
5.291340947151184082e-01
3.409368395805358887e-01
3.426099121570587158e-01
4.203924536705017090e-01
3.393068313598632812e-01
3.638694584369659424e-01
6.204097867012023926e-01
5.922775864601135254e-01
5.918535590171813965e-01
4.313299357891082764e-01
6.256509423255920410e-01
3.975080251693725586e-01
6.078536510467529297e-01
3.883345127105712891e-01
3.916631340980529785e-01
6.338350772857666016e-01
6.084099411964416504e-01
5.695137977600097656e-01
5.215422511100769043e-01
4.932729005813598633e-01
5.827955603599548340e-01
4.648454189300537109e-01
6.375754475593566895e-01
5.575853586196899414e-01
4.139642417430877686e-01
4.296743571758270264e-01
5.650461316108703613e-01
3.364104330539703369e-01
6.028707027435302734e-01
3.493279516696929932e-01
3.290829360485076904e-01
3.749514818191528320e-01
5.428866147994995117e-01
6.351647973060607910e-01
6.352035403251647949e-01
6.325514912605285645e-01
4.781534671783447266e-01
5.053647756576538086e-01
6.120213270187377930e-01
5.962536334991455078e-01
5.863070487976074219e-01
3.545639812946319580e-01
6.181315183639526367e-01
5.945928096771240234e-01
3.855821192264556885e-01
3.977352082729339600e-01
3.981148004531860352e-01
3.926421403884887695e-01
3.747550249099731445e-01
5.966561436653137207e-01
3.511866331100463867e-01
4.018169939517974854e-01
6.159519553184509277e-01
4.827075600624084473e-01
4.911530911922454834e-01
6.084206104278564453e-01
3.643907904624938965e-01
5.636736750602722168e-01
4.620303809642791748e-01
3.362356424331665039e-01
4.140687882900238037e-01
5.907366275787353516e-01
4.086564183235168457e-01
4.046217203140258789e-01
6.253463029861450195e-01
5.297663807868957520e-01
6.242341399192810059e-01
3.422746062278747559e-01
5.180163383483886719e-01
5.785966515541076660e-01
4.489448368549346924e-01
6.044211387634277344e-01
5.809155106544494629e-01
6.228542327880859375e-01
3.393429219722747803e-01
5.966281890869140625e-01
6.110588312149047852e-01
3.687939345836639404e-01
3.357605338096618652e-01
6.403433680534362793e-01
6.392413377761840820e-01
6.233100891113281250e-01
6.336272358894348145e-01
5.519933700561523438e-01
3.468631207942962646e-01
3.678077459335327148e-01
4.759292900562286377e-01
6.133658885955810547e-01
4.759261608123779297e-01
3.506817221641540527e-01
4.562881588935852051e-01
5.986375212669372559e-01
3.403927683830261230e-01
6.048111319541931152e-01
4.145259261131286621e-01
6.118627786636352539e-01
6.420419812202453613e-01
6.351185441017150879e-01
3.537911176681518555e-01
4.784935414791107178e-01
6.361660957336425781e-01
3.793641626834869385e-01
5.971075892448425293e-01
4.583780467510223389e-01
3.359360992908477783e-01
4.009836316108703613e-01
6.303374767303466797e-01
4.354632496833801270e-01
6.392893791198730469e-01
6.385474205017089844e-01
3.293726742267608643e-01
6.034377217292785645e-01
3.563233315944671631e-01
3.749909698963165283e-01
4.018368721008300781e-01
6.242390275001525879e-01
6.385975480079650879e-01
6.367313265800476074e-01
4.302580058574676514e-01
4.823636114597320557e-01
6.316112279891967773e-01
6.425486207008361816e-01
3.777933418750762939e-01
5.146821141242980957e-01
6.291115283966064453e-01
5.209603309631347656e-01
6.302334666252136230e-01
6.077851653099060059e-01
4.146774411201477051e-01
3.411259651184082031e-01
4.859222471714019775e-01
6.372022032737731934e-01
5.924441218376159668e-01
3.383314013481140137e-01
3.911302387714385986e-01
5.786605477333068848e-01
3.561365902423858643e-01
4.118627607822418213e-01
3.654818534851074219e-01
3.485501408576965332e-01
6.412571072578430176e-01
5.951369404792785645e-01
4.593641757965087891e-01
6.270346641540527344e-01
4.333309531211853027e-01
6.365493535995483398e-01
3.482989668846130371e-01
6.213936805725097656e-01
6.295947432518005371e-01
6.003684997558593750e-01
6.218799352645874023e-01
6.087235808372497559e-01
6.340312361717224121e-01
4.075419902801513672e-01
3.318168818950653076e-01
4.067612588405609131e-01
5.407402515411376953e-01
5.359210968017578125e-01
3.721128404140472412e-01
6.141701936721801758e-01
6.394923925399780273e-01
6.257014274597167969e-01
3.743517398834228516e-01
5.701667666435241699e-01
6.315732002258300781e-01
3.628995716571807861e-01
3.452526032924652100e-01
6.180538535118103027e-01
4.396596550941467285e-01
5.052821636199951172e-01
3.384341895580291748e-01
6.279256939888000488e-01
3.683215081691741943e-01
4.122163653373718262e-01
5.099881887435913086e-01
5.172699689865112305e-01
3.716572225093841553e-01
6.424170732498168945e-01
6.299746036529541016e-01
3.606077730655670166e-01
5.513568520545959473e-01
6.309531331062316895e-01
4.020178020000457764e-01
6.214088201522827148e-01
3.648573160171508789e-01
3.736093640327453613e-01
3.688773810863494873e-01
6.135808229446411133e-01
3.799160122871398926e-01
4.124967753887176514e-01
6.258262395858764648e-01
5.204714536666870117e-01
3.410049676895141602e-01
6.400626897811889648e-01
6.052118539810180664e-01
6.348662972450256348e-01
3.443675041198730469e-01
6.280376911163330078e-01
3.662435710430145264e-01
6.412063837051391602e-01
4.575765430927276611e-01
5.256867408752441406e-01
5.098168849945068359e-01
4.401240646839141846e-01
3.537226617336273193e-01
3.608743548393249512e-01
5.474305748939514160e-01
6.314163804054260254e-01
4.529327452182769775e-01
6.038161516189575195e-01
4.238820075988769531e-01
6.365862488746643066e-01
6.052355170249938965e-01
6.390384435653686523e-01
6.378219127655029297e-01
6.222098469734191895e-01
3.859371244907379150e-01
5.318772792816162109e-01
4.918999671936035156e-01
6.031956672668457031e-01
5.030244588851928711e-01
6.200014352798461914e-01
4.920746982097625732e-01
4.680585563182830811e-01
3.889431655406951904e-01
6.185424923896789551e-01
3.755684494972229004e-01
6.101955771446228027e-01
6.283345818519592285e-01
6.206539869308471680e-01
6.260092854499816895e-01
3.458607792854309082e-01
4.453119337558746338e-01
3.784028291702270508e-01
5.003210306167602539e-01
5.792579650878906250e-01
3.949283659458160400e-01
3.431991934776306152e-01
3.517228066921234131e-01
6.330773830413818359e-01
6.229105591773986816e-01
4.579289555549621582e-01
4.423173666000366211e-01
4.175327420234680176e-01
3.609496951103210449e-01
6.267042160034179688e-01
3.382024466991424561e-01
4.539934694766998291e-01
6.428132057189941406e-01
4.448339343070983887e-01
5.467700362205505371e-01
5.284054875373840332e-01
4.074155092239379883e-01
6.362963318824768066e-01
5.286954045295715332e-01
3.332711458206176758e-01
6.337479948997497559e-01
5.991575717926025391e-01
6.322945356369018555e-01
5.990164875984191895e-01
4.940486550331115723e-01
5.006216168403625488e-01
3.746746480464935303e-01
5.996589064598083496e-01
4.053999781608581543e-01
4.591155052185058594e-01
3.594131469726562500e-01
4.472723007202148438e-01
6.299854516983032227e-01
5.953786969184875488e-01
6.226413846015930176e-01
3.589453101158142090e-01
3.765520155429840088e-01
6.399289965629577637e-01
6.369130611419677734e-01
6.232034564018249512e-01
5.751187801361083984e-01
5.457690358161926270e-01
6.118438243865966797e-01
6.334922313690185547e-01
6.357245445251464844e-01
6.259999275207519531e-01
6.273369789123535156e-01
4.507088661193847656e-01
5.080884695053100586e-01
5.943890810012817383e-01
5.863420367240905762e-01
3.848075568675994873e-01
3.772685229778289795e-01
5.428953766822814941e-01
3.784955143928527832e-01
5.313566923141479492e-01
5.736442208290100098e-01
5.388153791427612305e-01
3.439311981201171875e-01
3.422102034091949463e-01
3.904731571674346924e-01
6.382746100425720215e-01
3.541862964630126953e-01
5.609586238861083984e-01
6.310873627662658691e-01
3.732700943946838379e-01
6.319386959075927734e-01
5.086267590522766113e-01
6.199212074279785156e-01
6.345177888870239258e-01
6.050331592559814453e-01
6.178063154220581055e-01
5.173951983451843262e-01
3.993620276451110840e-01
5.139346718788146973e-01
6.401169896125793457e-01
3.425433933734893799e-01
3.780375421047210693e-01
6.350416541099548340e-01
5.163944363594055176e-01
3.828630745410919189e-01
6.324035525321960449e-01
3.896347880363464355e-01
6.359296441078186035e-01
4.140481948852539062e-01
6.096974015235900879e-01
6.326065063476562500e-01
3.567143380641937256e-01
5.852486491203308105e-01
3.299856185913085938e-01
4.477603733539581299e-01
5.614246129989624023e-01
5.204544663429260254e-01
3.732857406139373779e-01
6.394971609115600586e-01
6.132597923278808594e-01
3.354619443416595459e-01
6.203855872154235840e-01
3.655065000057220459e-01
6.352226734161376953e-01
3.954994380474090576e-01
4.386921525001525879e-01
6.375358700752258301e-01
5.052633285522460938e-01
3.328592777252197266e-01
6.388407945632934570e-01
3.749499320983886719e-01
6.375758051872253418e-01
6.032814383506774902e-01
6.382314562797546387e-01
5.977190732955932617e-01
3.481504023075103760e-01
4.759039282798767090e-01
3.379478454589843750e-01
5.949746966361999512e-01
4.909308552742004395e-01
4.399070143699645996e-01
4.293803572654724121e-01
5.697993636131286621e-01
6.117380857467651367e-01
5.119903683662414551e-01
4.419578909873962402e-01
5.496338009834289551e-01
4.167815744876861572e-01
6.386963129043579102e-01
5.174247622489929199e-01
3.612974882125854492e-01
3.966889083385467529e-01
3.468060493469238281e-01
5.243327617645263672e-01
4.089501798152923584e-01
3.433383107185363770e-01
3.421180844306945801e-01
6.008594036102294922e-01
6.205078959465026855e-01
3.333876430988311768e-01
6.381493210792541504e-01
4.389378428459167480e-01
6.004049181938171387e-01
4.818435907363891602e-01
5.309262275695800781e-01
4.900231957435607910e-01
5.828762054443359375e-01
3.319918215274810791e-01
5.249480605125427246e-01
4.419681131839752197e-01
6.184149980545043945e-01
4.066787064075469971e-01
4.943710267543792725e-01
3.863913118839263916e-01
6.368892192840576172e-01
5.117868185043334961e-01
6.292230486869812012e-01
3.752073049545288086e-01
6.009982824325561523e-01
3.969546258449554443e-01
3.522225916385650635e-01
6.324410438537597656e-01
6.282140612602233887e-01
6.134207844734191895e-01
3.395302593708038330e-01
6.086001992225646973e-01
6.315181851387023926e-01
3.999187648296356201e-01
3.950410485267639160e-01
3.837432861328125000e-01
5.746658444404602051e-01
4.198774993419647217e-01
4.646560251712799072e-01
6.187079548835754395e-01
6.267933249473571777e-01
6.239430308341979980e-01
3.596499264240264893e-01
4.954673349857330322e-01
3.919473588466644287e-01
3.630612194538116455e-01
4.590689241886138916e-01
5.092008113861083984e-01
5.844886302947998047e-01
6.271325945854187012e-01
4.040441811084747314e-01
6.108649373054504395e-01
6.431773304939270020e-01
6.067084670066833496e-01
4.585140049457550049e-01
4.636601507663726807e-01
6.410398483276367188e-01
5.407606959342956543e-01
3.584558367729187012e-01
6.018618941307067871e-01
5.845690965652465820e-01
6.339766383171081543e-01
4.473053514957427979e-01
3.489124476909637451e-01
6.347914934158325195e-01
3.869743347167968750e-01
5.854609608650207520e-01
6.079312562942504883e-01
3.665580451488494873e-01
6.179326772689819336e-01
6.188667416572570801e-01
6.002911925315856934e-01
6.245079040527343750e-01
5.460700392723083496e-01
5.141965746879577637e-01
6.164692640304565430e-01
5.113249421119689941e-01
5.151362419128417969e-01
6.409217119216918945e-01
6.328269839286804199e-01
6.036536097526550293e-01
5.779154300689697266e-01
5.315594673156738281e-01
4.837538003921508789e-01
3.742059171199798584e-01
4.109139740467071533e-01
6.074913740158081055e-01
4.490809738636016846e-01
3.691602349281311035e-01
4.902221560478210449e-01
6.110196709632873535e-01
6.300557851791381836e-01
3.666375875473022461e-01
6.315480470657348633e-01
6.091760993003845215e-01
6.060714125633239746e-01
6.272244453430175781e-01
5.841495990753173828e-01
3.679657578468322754e-01
4.049929678440093994e-01
5.165639519691467285e-01
4.466658532619476318e-01
6.327361464500427246e-01
5.886032581329345703e-01
4.519998729228973389e-01
3.268776834011077881e-01
3.715390264987945557e-01
3.566512167453765869e-01
5.921550989151000977e-01
4.168452918529510498e-01
6.080035567283630371e-01
4.465492367744445801e-01
6.069597005844116211e-01
5.932142734527587891e-01
3.729017376899719238e-01
3.584637045860290527e-01
5.904367566108703613e-01
3.524009883403778076e-01
3.355034589767456055e-01
6.284880042076110840e-01
6.291549205780029297e-01
6.229684352874755859e-01
6.151941418647766113e-01
3.909263908863067627e-01
3.857500851154327393e-01
3.618445992469787598e-01
5.904132723808288574e-01
3.421915471553802490e-01
3.851404190063476562e-01
6.266682147979736328e-01
6.311838626861572266e-01
6.383722424507141113e-01
6.377899050712585449e-01
3.399888873100280762e-01
6.186699271202087402e-01
6.176022887229919434e-01
6.413797736167907715e-01
4.705592095851898193e-01
6.086785197257995605e-01
4.719887077808380127e-01
4.991799890995025635e-01
4.292921721935272217e-01
3.638276457786560059e-01
3.437616527080535889e-01
6.066866517066955566e-01
3.336039185523986816e-01
5.519548058509826660e-01
6.377532482147216797e-01
4.779136478900909424e-01
6.095425486564636230e-01
3.480016291141510010e-01
4.105970561504364014e-01
6.341439485549926758e-01
3.383784294128417969e-01
4.780696630477905273e-01
4.030166566371917725e-01
3.566215038299560547e-01
5.317106842994689941e-01
6.216383576393127441e-01
5.948291420936584473e-01
6.132768392562866211e-01
4.684577882289886475e-01
3.778585493564605713e-01
4.789140224456787109e-01
4.747807085514068604e-01
6.272891759872436523e-01
3.824984431266784668e-01
4.045676290988922119e-01
3.493889570236206055e-01
3.257541954517364502e-01
5.753470063209533691e-01
6.148391962051391602e-01
4.574010074138641357e-01
5.622442364692687988e-01
6.195390224456787109e-01
5.372723340988159180e-01
3.470155596733093262e-01
3.564457893371582031e-01
6.403985619544982910e-01
3.772753775119781494e-01
4.561323225498199463e-01
4.804943501949310303e-01
4.532213211059570312e-01
3.278829753398895264e-01
5.735951662063598633e-01
3.923297524452209473e-01
6.420280933380126953e-01
5.513999462127685547e-01
5.517258048057556152e-01
6.229867935180664062e-01
6.379068493843078613e-01
5.871533155441284180e-01
4.335079789161682129e-01
4.796126782894134521e-01
3.256295025348663330e-01
3.532733619213104248e-01
3.946092426776885986e-01
3.443659842014312744e-01
4.543781578540802002e-01
6.352382302284240723e-01
6.043228507041931152e-01
6.302667260169982910e-01
5.788578391075134277e-01
5.289842486381530762e-01
4.331226050853729248e-01
5.725718140602111816e-01
6.211424469947814941e-01
4.359019994735717773e-01
4.263111352920532227e-01
3.661761581897735596e-01
6.407551169395446777e-01
4.355664849281311035e-01
4.259617626667022705e-01
4.175136089324951172e-01
3.841021358966827393e-01
5.412667393684387207e-01
3.355658352375030518e-01
5.399008393287658691e-01
5.486979484558105469e-01
4.372072517871856689e-01
5.062801241874694824e-01
4.756599664688110352e-01
3.340299725532531738e-01
4.511155784130096436e-01
6.319332718849182129e-01
6.369571089744567871e-01
3.695900738239288330e-01
4.824310243129730225e-01
6.352269053459167480e-01
3.621473014354705811e-01
4.902353882789611816e-01
5.966114401817321777e-01
5.105379819869995117e-01
3.346104025840759277e-01
6.265634298324584961e-01
4.018287062644958496e-01
4.187890589237213135e-01
6.409609317779541016e-01
6.400340199470520020e-01
6.113520860671997070e-01
4.254018366336822510e-01
4.479753077030181885e-01
6.260942220687866211e-01
5.942595601081848145e-01
6.179900169372558594e-01
3.580414056777954102e-01
6.204807162284851074e-01
4.349379241466522217e-01
3.357526957988739014e-01
3.359280824661254883e-01
4.206815063953399658e-01
6.410246491432189941e-01
4.172506332397460938e-01
3.342329263687133789e-01
6.373812556266784668e-01
4.168713092803955078e-01
5.458026528358459473e-01
5.488723516464233398e-01
5.857727527618408203e-01
6.022428274154663086e-01
5.005406141281127930e-01
6.361240744590759277e-01
3.639505207538604736e-01
4.970808923244476318e-01
3.392972350120544434e-01
5.555139780044555664e-01
4.480858445167541504e-01
3.631037175655364990e-01
3.420698046684265137e-01
5.648162364959716797e-01
4.814952313899993896e-01
4.616331756114959717e-01
4.518754184246063232e-01
5.091568231582641602e-01
5.722457766532897949e-01
4.206519722938537598e-01
3.860828876495361328e-01
3.560719490051269531e-01
5.969808101654052734e-01
4.985172152519226074e-01
3.982838690280914307e-01
5.687994956970214844e-01
4.647183716297149658e-01
3.749617338180541992e-01
3.265694975852966309e-01
4.718169867992401123e-01
6.324303746223449707e-01
3.610867857933044434e-01
5.336717367172241211e-01
4.801929593086242676e-01
5.655993819236755371e-01
5.879203677177429199e-01
5.293245911598205566e-01
3.552122414112091064e-01
4.730785489082336426e-01
5.839052796363830566e-01
4.790673851966857910e-01
3.387405276298522949e-01
6.133607625961303711e-01
3.676489591598510742e-01
3.480736911296844482e-01
6.147381067276000977e-01
3.568820655345916748e-01
4.051339626312255859e-01
5.988184213638305664e-01
6.077204346656799316e-01
5.605835318565368652e-01
6.254311203956604004e-01
5.611447095870971680e-01
5.661197900772094727e-01
6.227465867996215820e-01
4.513924121856689453e-01
6.279982328414916992e-01
3.369865715503692627e-01
6.157786846160888672e-01
3.747443854808807373e-01
3.945947885513305664e-01
6.232896447181701660e-01
6.277063488960266113e-01
4.174505472183227539e-01
6.330023407936096191e-01
6.438944935798645020e-01
5.815445780754089355e-01
6.147771477699279785e-01
3.683729469776153564e-01
3.807266354560852051e-01
6.266382932662963867e-01
5.015590190887451172e-01
3.440223038196563721e-01
5.039563775062561035e-01
4.613591730594635010e-01
4.904453158378601074e-01
5.968210697174072266e-01
6.095344424247741699e-01
4.705139100551605225e-01
5.970482826232910156e-01
6.366433501243591309e-01
4.021906852722167969e-01
4.359803795814514160e-01
6.380351185798645020e-01
4.194856882095336914e-01
3.388192653656005859e-01
6.423698663711547852e-01
6.397881507873535156e-01
3.803005814552307129e-01
6.267524957656860352e-01
4.972852766513824463e-01
5.041023492813110352e-01
3.574522435665130615e-01
3.935923874378204346e-01
5.211879014968872070e-01
4.127281010150909424e-01
3.926624357700347900e-01
6.409328579902648926e-01
4.520623385906219482e-01
3.536969423294067383e-01
6.373980045318603516e-01
3.743068873882293701e-01
6.233243942260742188e-01
3.613060712814331055e-01
3.538347780704498291e-01
5.956586003303527832e-01
4.490800499916076660e-01
6.400418281555175781e-01
4.206739962100982666e-01
3.646970987319946289e-01
5.770020484924316406e-01
5.057964324951171875e-01
3.463537991046905518e-01
4.815248548984527588e-01
6.127524971961975098e-01
6.383152008056640625e-01
5.228948593139648438e-01
6.198181509971618652e-01
4.292001128196716309e-01
5.695815682411193848e-01
4.293960034847259521e-01
4.820729792118072510e-01
3.831022083759307861e-01
3.891461789608001709e-01
3.674331605434417725e-01
6.280683279037475586e-01
3.305410444736480713e-01
6.397466063499450684e-01
4.230141341686248779e-01
4.876079857349395752e-01
4.027181267738342285e-01
4.453399181365966797e-01
4.591220915317535400e-01
6.413157582283020020e-01
4.021960198879241943e-01
3.583793342113494873e-01
6.051495671272277832e-01
5.533494353294372559e-01
6.246170997619628906e-01
3.986201286315917969e-01
5.395868420600891113e-01
5.984966754913330078e-01
3.615952730178833008e-01
3.765575885772705078e-01
6.093946695327758789e-01
6.250692605972290039e-01
4.016840755939483643e-01
4.453958272933959961e-01
6.196945309638977051e-01
6.146567463874816895e-01
4.356449842453002930e-01
6.277208328247070312e-01
6.068465113639831543e-01
4.202816486358642578e-01
3.938973546028137207e-01
6.009808182716369629e-01
5.707829594612121582e-01
3.394262790679931641e-01
3.712238073348999023e-01
6.184101700782775879e-01
6.181196570396423340e-01
6.145103573799133301e-01
6.381263732910156250e-01
6.300346851348876953e-01
5.523052215576171875e-01
5.742615461349487305e-01
3.641001284122467041e-01
3.297348022460937500e-01
5.980973243713378906e-01
5.301525592803955078e-01
6.347235441207885742e-01
4.256151318550109863e-01
4.123857915401458740e-01
3.878306150436401367e-01
3.775359094142913818e-01
4.072338342666625977e-01
4.851875901222229004e-01
3.528076708316802979e-01
5.137791037559509277e-01
6.294988989830017090e-01
3.916640877723693848e-01
6.358427405357360840e-01
4.469711482524871826e-01
6.404976844787597656e-01
6.373460888862609863e-01
4.931864440441131592e-01
5.828769207000732422e-01
6.011579036712646484e-01
6.282204389572143555e-01
5.050119757652282715e-01
6.365712285041809082e-01
5.563759207725524902e-01
6.010619401931762695e-01
3.847918212413787842e-01
3.907557725906372070e-01
5.784902572631835938e-01
4.661001563072204590e-01
4.163662791252136230e-01
6.332609057426452637e-01
5.754806995391845703e-01
3.507770299911499023e-01
4.619352817535400391e-01
4.586283564567565918e-01
4.068923294544219971e-01
6.164680123329162598e-01
6.376298069953918457e-01
3.762155175209045410e-01
3.530942499637603760e-01
3.971946537494659424e-01
3.495167791843414307e-01
3.312708139419555664e-01
3.692244291305541992e-01
6.268121600151062012e-01
5.705795884132385254e-01
4.741088449954986572e-01
3.815945982933044434e-01
6.326432824134826660e-01
3.817610442638397217e-01
3.569251596927642822e-01
4.292280375957489014e-01
6.130128502845764160e-01
3.518666326999664307e-01
3.675049245357513428e-01
4.900404214859008789e-01
4.198691546916961670e-01
6.229598522186279297e-01
5.943547487258911133e-01
3.397039175033569336e-01
6.290463805198669434e-01
6.268290281295776367e-01
4.990742206573486328e-01
6.417300701141357422e-01
5.859449505805969238e-01
5.780886411666870117e-01
6.010155081748962402e-01
5.559556484222412109e-01
4.311088919639587402e-01
3.795161247253417969e-01
6.376608014106750488e-01
3.401667773723602295e-01
3.665427267551422119e-01
6.323362588882446289e-01
4.060752391815185547e-01
3.358501791954040527e-01
3.494133949279785156e-01
6.271623969078063965e-01
6.398606896400451660e-01
4.044115245342254639e-01
5.709379911422729492e-01
5.776482820510864258e-01
4.850038886070251465e-01
3.432688713073730469e-01
6.179152727127075195e-01
3.830054700374603271e-01
4.019421339035034180e-01
3.544805049896240234e-01
6.381012797355651855e-01
3.836866915225982666e-01
6.224556565284729004e-01
3.858328461647033691e-01
6.328995823860168457e-01
6.037697792053222656e-01
3.660856485366821289e-01
5.384968519210815430e-01
5.878360867500305176e-01
6.223719120025634766e-01
6.343744993209838867e-01
6.331765651702880859e-01
5.261215567588806152e-01
3.967299461364746094e-01
6.396407485008239746e-01
6.245452165603637695e-01
4.039420783519744873e-01
6.359398961067199707e-01
3.853196799755096436e-01
4.533315300941467285e-01
3.303288817405700684e-01
6.387050747871398926e-01
6.119093298912048340e-01
3.437862098217010498e-01
5.138672590255737305e-01
5.792518854141235352e-01
5.449599027633666992e-01
5.727084875106811523e-01
6.219164729118347168e-01
6.184536814689636230e-01
4.139239788055419922e-01
5.352199077606201172e-01
6.208849549293518066e-01
4.373254179954528809e-01
4.387072026729583740e-01
3.560839593410491943e-01
5.984917879104614258e-01
3.501929640769958496e-01
6.307310461997985840e-01
3.404349386692047119e-01
3.797782063484191895e-01
5.582848191261291504e-01
5.307493805885314941e-01
3.372033238410949707e-01
3.667182326316833496e-01
4.411973953247070312e-01
3.376621901988983154e-01
6.262466907501220703e-01
5.092750787734985352e-01
4.305667579174041748e-01
3.490585386753082275e-01
5.716764926910400391e-01
3.440451025962829590e-01
4.438040256500244141e-01
6.000913381576538086e-01
6.153866052627563477e-01
6.042608618736267090e-01
5.722815394401550293e-01
6.357972025871276855e-01
6.420892477035522461e-01
6.132001876831054688e-01
6.051066517829895020e-01
3.708756864070892334e-01
6.402438879013061523e-01
6.137630343437194824e-01
6.050743460655212402e-01
5.331031680107116699e-01
4.503545463085174561e-01
6.336123347282409668e-01
4.166901707649230957e-01
6.380401849746704102e-01
3.456913232803344727e-01
4.966525137424468994e-01
3.904091119766235352e-01
3.849200010299682617e-01
5.350500345230102539e-01
6.260116100311279297e-01
5.331025719642639160e-01
3.644582331180572510e-01
4.468964934349060059e-01
3.886848688125610352e-01
6.277839541435241699e-01
6.279664635658264160e-01
4.203358888626098633e-01
5.229275822639465332e-01
6.353641748428344727e-01
6.206595301628112793e-01
6.070113778114318848e-01
5.335861444473266602e-01
5.684880018234252930e-01
3.912843763828277588e-01
4.225560128688812256e-01
3.815550208091735840e-01
6.191081404685974121e-01
6.168735623359680176e-01
5.057377815246582031e-01
3.348145484924316406e-01
3.417083621025085449e-01
4.075048565864562988e-01
4.075697064399719238e-01
3.686467409133911133e-01
6.435896158218383789e-01
4.071395397186279297e-01
4.924363493919372559e-01
3.740959465503692627e-01
5.981878042221069336e-01
4.462004601955413818e-01
5.859673023223876953e-01
6.014546155929565430e-01
5.314823985099792480e-01
5.464627742767333984e-01
3.759416341781616211e-01
3.617250919342041016e-01
6.341022849082946777e-01
4.151838123798370361e-01
6.218401193618774414e-01
5.234565734863281250e-01
6.323261260986328125e-01
6.068717837333679199e-01
5.226021409034729004e-01
5.495871305465698242e-01
5.996716618537902832e-01
6.408419013023376465e-01
3.792681992053985596e-01
5.951727032661437988e-01
4.701009988784790039e-01
5.048257112503051758e-01
5.983688235282897949e-01
6.229223608970642090e-01
5.026111602783203125e-01
5.246147513389587402e-01
6.346778273582458496e-01
6.323086619377136230e-01
6.321284174919128418e-01
6.219553351402282715e-01
6.124258041381835938e-01
6.344094276428222656e-01
3.802358210086822510e-01
4.091729223728179932e-01
6.344152688980102539e-01
5.199403762817382812e-01
5.315622687339782715e-01
6.204939484596252441e-01
6.277357339859008789e-01
6.116965413093566895e-01
3.996639549732208252e-01
6.389217376708984375e-01
4.483269155025482178e-01
6.268175840377807617e-01
6.061037182807922363e-01
3.985990881919860840e-01
5.025468468666076660e-01
4.355625808238983154e-01
6.382421851158142090e-01
5.875481963157653809e-01
5.193087458610534668e-01
6.243669986724853516e-01
3.964577615261077881e-01
5.787772536277770996e-01
6.265341639518737793e-01
6.359608173370361328e-01
3.758121430873870850e-01
3.813394010066986084e-01
6.337585449218750000e-01
3.443592190742492676e-01
3.442260921001434326e-01
6.266403198242187500e-01
4.848149716854095459e-01
6.019547581672668457e-01
3.515662252902984619e-01
4.571950435638427734e-01
5.873242020606994629e-01
3.316366970539093018e-01
6.300968527793884277e-01
6.343662142753601074e-01
3.442173302173614502e-01
4.955767691135406494e-01
3.743643164634704590e-01
4.628408551216125488e-01
3.666751980781555176e-01
6.395857930183410645e-01
3.578829765319824219e-01
3.581730723381042480e-01
3.754262924194335938e-01
5.452799201011657715e-01
6.075197458267211914e-01
4.963140189647674561e-01
5.815013051033020020e-01
3.687207698822021484e-01
3.823175430297851562e-01
4.456025958061218262e-01
3.761941194534301758e-01
3.759478330612182617e-01
3.952767848968505859e-01
3.510805070400238037e-01
5.113798975944519043e-01
4.923363626003265381e-01
5.580255985260009766e-01
4.864635765552520752e-01
