3.666178584098815918e-01
5.108374953269958496e-01
4.893411993980407715e-01
6.233021020889282227e-01
3.737520277500152588e-01
4.793799221515655518e-01
4.011006653308868408e-01
5.003697872161865234e-01
3.566620349884033203e-01
4.043786525726318359e-01
4.645777940750122070e-01
3.815709948539733887e-01
3.439781963825225830e-01
6.207159161567687988e-01
5.265153050422668457e-01
3.500210642814636230e-01
6.207854747772216797e-01
3.453452289104461670e-01
3.812210559844970703e-01
6.241930723190307617e-01
5.255544185638427734e-01
3.485677838325500488e-01
5.622904896736145020e-01
5.388241410255432129e-01
5.359467267990112305e-01
3.808746635913848877e-01
4.886414706707000732e-01
4.886496663093566895e-01
6.036854982376098633e-01
5.488960146903991699e-01
3.821535706520080566e-01
3.586741089820861816e-01
5.678226947784423828e-01
6.052926182746887207e-01
4.085809886455535889e-01
6.295040845870971680e-01
6.063934564590454102e-01
4.794137775897979736e-01
3.422077894210815430e-01
3.614411354064941406e-01
3.496939539909362793e-01
3.446700870990753174e-01
3.423927128314971924e-01
6.308280825614929199e-01
3.592633605003356934e-01
4.671245515346527100e-01
3.501842021942138672e-01
5.903722047805786133e-01
6.299030780792236328e-01
6.250309348106384277e-01
5.773577690124511719e-01
3.380590975284576416e-01
5.980322360992431641e-01
4.218272566795349121e-01
4.022937417030334473e-01
3.472840785980224609e-01
6.080470085144042969e-01
5.686017870903015137e-01
6.210172176361083984e-01
5.684851408004760742e-01
5.959373116493225098e-01
5.630521774291992188e-01
4.361454248428344727e-01
3.410666882991790771e-01
5.029172897338867188e-01
3.911529481410980225e-01
6.171854138374328613e-01
5.782945752143859863e-01
6.252940297126770020e-01
4.243865609169006348e-01
3.778313100337982178e-01
5.781222581863403320e-01
3.542442619800567627e-01
5.062308907508850098e-01
5.094610452651977539e-01
5.861707925796508789e-01
3.572632968425750732e-01
3.548820316791534424e-01
6.031077504158020020e-01
3.748750388622283936e-01
6.263111829757690430e-01
3.432042598724365234e-01
5.688809156417846680e-01
6.184177398681640625e-01
3.430917561054229736e-01
5.174912810325622559e-01
5.066952109336853027e-01
5.483857393264770508e-01
4.550902843475341797e-01
3.604098856449127197e-01
3.450846076011657715e-01
3.757543563842773438e-01
5.670337080955505371e-01
3.564807176589965820e-01
4.165776073932647705e-01
3.609801828861236572e-01
3.444707095623016357e-01
4.414182007312774658e-01
4.966012537479400635e-01
6.260464787483215332e-01
3.761745095252990723e-01
4.570962190628051758e-01
3.951935768127441406e-01
6.119915843009948730e-01
6.163837313652038574e-01
4.920119047164916992e-01
3.899695873260498047e-01
5.375252366065979004e-01
3.492474555969238281e-01
3.940865993499755859e-01
3.406909406185150146e-01
3.825315535068511963e-01
6.315189003944396973e-01
6.080746054649353027e-01
3.406167924404144287e-01
5.069099664688110352e-01
5.894304513931274414e-01
5.948825478553771973e-01
5.770596265792846680e-01
3.755586743354797363e-01
3.515394926071166992e-01
6.227492690086364746e-01
6.279484033584594727e-01
5.235947966575622559e-01
4.034927189350128174e-01
5.661680698394775391e-01
6.144802570343017578e-01
5.432032942771911621e-01
5.848290920257568359e-01
4.376230835914611816e-01
4.955295026302337646e-01
6.342115998268127441e-01
3.495736122131347656e-01
5.130916237831115723e-01
6.262332201004028320e-01
5.674746036529541016e-01
3.398438096046447754e-01
6.158900260925292969e-01
3.647953569889068604e-01
3.470559120178222656e-01
4.061687886714935303e-01
6.333981752395629883e-01
6.117434501647949219e-01
4.222856462001800537e-01
5.444237589836120605e-01
5.483793616294860840e-01
3.569145202636718750e-01
5.575522780418395996e-01
5.861700177192687988e-01
4.084188938140869141e-01
6.270629763603210449e-01
3.655360341072082520e-01
6.232225298881530762e-01
5.165172219276428223e-01
4.494981765747070312e-01
3.436476588249206543e-01
4.160287380218505859e-01
5.127979516983032227e-01
3.364704549312591553e-01
3.694521784782409668e-01
3.944409787654876709e-01
4.967036843299865723e-01
3.551770150661468506e-01
5.324223041534423828e-01
3.363700211048126221e-01
4.442073106765747070e-01
5.527472496032714844e-01
3.989917337894439697e-01
5.713507533073425293e-01
5.689720511436462402e-01
3.843269944190979004e-01
4.993108510971069336e-01
5.994327068328857422e-01
6.330739259719848633e-01
4.021479189395904541e-01
3.803413510322570801e-01
3.843984901905059814e-01
6.162862777709960938e-01
4.040179550647735596e-01
6.238377690315246582e-01
5.929442644119262695e-01
5.780481100082397461e-01
4.786125719547271729e-01
4.471951425075531006e-01
3.875117599964141846e-01
3.759961426258087158e-01
3.596220314502716064e-01
3.939649760723114014e-01
4.083350300788879395e-01
3.792200386524200439e-01
3.604869842529296875e-01
4.261543452739715576e-01
5.866690278053283691e-01
3.799659311771392822e-01
3.426876366138458252e-01
3.906687796115875244e-01
3.446300327777862549e-01
6.033427119255065918e-01
5.567514300346374512e-01
3.482194840908050537e-01
4.548020958900451660e-01
5.976468920707702637e-01
5.129309296607971191e-01
4.753337204456329346e-01
5.793549418449401855e-01
4.090773761272430420e-01
4.870875477790832520e-01
6.164953112602233887e-01
3.567096292972564697e-01
5.657361745834350586e-01
3.756154477596282959e-01
3.602441549301147461e-01
3.804541528224945068e-01
3.552498221397399902e-01
3.491751551628112793e-01
4.216773808002471924e-01
4.586215317249298096e-01
4.024159014225006104e-01
5.472396612167358398e-01
3.636476695537567139e-01
3.838626444339752197e-01
3.608280718326568604e-01
4.825938940048217773e-01
3.428689539432525635e-01
3.573329448699951172e-01
3.954142034053802490e-01
3.887643218040466309e-01
6.329966783523559570e-01
3.428260385990142822e-01
6.340577602386474609e-01
4.626435339450836182e-01
4.245978295803070068e-01
4.745384454727172852e-01
5.835163593292236328e-01
3.603834509849548340e-01
5.072349309921264648e-01
5.865751504898071289e-01
3.483359515666961670e-01
4.218585193157196045e-01
3.454064726829528809e-01
4.381595253944396973e-01
4.490682780742645264e-01
3.550720810890197754e-01
3.870309889316558838e-01
5.546615719795227051e-01
4.211356937885284424e-01
5.390765070915222168e-01
4.395689070224761963e-01
5.758839845657348633e-01
4.420706629753112793e-01
5.845959186553955078e-01
5.641592741012573242e-01
4.160277843475341797e-01
3.836989104747772217e-01
5.502457618713378906e-01
6.247134208679199219e-01
4.522145092487335205e-01
3.829367160797119141e-01
6.215267181396484375e-01
4.711513221263885498e-01
6.260666251182556152e-01
5.464575290679931641e-01
6.252318620681762695e-01
3.418445289134979248e-01
5.394216179847717285e-01
6.215668916702270508e-01
3.481613397598266602e-01
5.764872431755065918e-01
5.286581516265869141e-01
5.666236877441406250e-01
5.931794047355651855e-01
4.879493117332458496e-01
3.874570131301879883e-01
3.767219483852386475e-01
3.626298010349273682e-01
3.618115484714508057e-01
3.621818125247955322e-01
6.124744415283203125e-01
3.645199835300445557e-01
4.438805878162384033e-01
6.275574564933776855e-01
5.002484917640686035e-01
5.868775248527526855e-01
6.022266745567321777e-01
5.133615732192993164e-01
4.278935492038726807e-01
3.513166904449462891e-01
5.041007995605468750e-01
4.216899871826171875e-01
3.441583514213562012e-01
3.422606885433197021e-01
4.600816071033477783e-01
5.919619202613830566e-01
4.364829063415527344e-01
4.956755042076110840e-01
5.038117170333862305e-01
5.972531437873840332e-01
6.124526262283325195e-01
3.566993772983551025e-01
3.499158918857574463e-01
6.303432583808898926e-01
4.669575095176696777e-01
4.256440401077270508e-01
3.503394126892089844e-01
5.022176504135131836e-01
3.366523981094360352e-01
5.260582566261291504e-01
6.304885149002075195e-01
6.163330078125000000e-01
5.209203362464904785e-01
6.129679679870605469e-01
6.018041968345642090e-01
5.801371335983276367e-01
3.911928832530975342e-01
3.470018506050109863e-01
6.078466176986694336e-01
5.539911389350891113e-01
3.462925553321838379e-01
3.381149470806121826e-01
6.302090883255004883e-01
4.266163110733032227e-01
5.822645425796508789e-01
5.056880712509155273e-01
3.445649743080139160e-01
5.887877345085144043e-01
3.976644277572631836e-01
5.305614471435546875e-01
4.974662363529205322e-01
6.183140277862548828e-01
5.780303478240966797e-01
5.940394997596740723e-01
5.938923358917236328e-01
5.661529302597045898e-01
5.528036952018737793e-01
5.650834441184997559e-01
3.706688284873962402e-01
5.655112862586975098e-01
3.507533371448516846e-01
6.168132424354553223e-01
4.335506260395050049e-01
3.449299037456512451e-01
3.688659071922302246e-01
3.553454279899597168e-01
6.071670055389404297e-01
6.063197851181030273e-01
5.463523864746093750e-01
5.087856054306030273e-01
3.975272476673126221e-01
6.184037327766418457e-01
3.541837036609649658e-01
6.101339459419250488e-01
3.849534392356872559e-01
3.702590465545654297e-01
5.685896873474121094e-01
3.887559175491333008e-01
5.568863153457641602e-01
3.958021104335784912e-01
6.064379215240478516e-01
3.546828925609588623e-01
6.155176758766174316e-01
5.471466779708862305e-01
3.377573192119598389e-01
5.886315703392028809e-01
5.627422332763671875e-01
4.083656370639801025e-01
3.422152400016784668e-01
6.312133073806762695e-01
3.799960315227508545e-01
3.552062511444091797e-01
5.982661247253417969e-01
5.937816500663757324e-01
3.642724156379699707e-01
6.258798837661743164e-01
3.849565386772155762e-01
5.319108366966247559e-01
6.267749667167663574e-01
3.504241108894348145e-01
5.963227748870849609e-01
6.260699033737182617e-01
5.816233158111572266e-01
3.706495761871337891e-01
6.043318510055541992e-01
3.771953880786895752e-01
6.072416305541992188e-01
3.421099483966827393e-01
4.815881550312042236e-01
6.045899391174316406e-01
3.572503924369812012e-01
4.718574285507202148e-01
4.437638819217681885e-01
3.774960041046142578e-01
3.587383329868316650e-01
3.674935102462768555e-01
5.351065993309020996e-01
3.659944832324981689e-01
6.069481372833251953e-01
6.140697598457336426e-01
3.612547814846038818e-01
5.557491779327392578e-01
4.024751186370849609e-01
5.821126699447631836e-01
6.280235052108764648e-01
3.587240278720855713e-01
3.719013035297393799e-01
3.654437363147735596e-01
5.957482457160949707e-01
6.059541702270507812e-01
5.460265874862670898e-01
6.273279190063476562e-01
5.043197870254516602e-01
5.338473320007324219e-01
3.813174068927764893e-01
6.147258877754211426e-01
3.470991849899291992e-01
3.781453371047973633e-01
5.926408171653747559e-01
6.225869059562683105e-01
6.155382394790649414e-01
5.384647250175476074e-01
4.429299533367156982e-01
6.285350322723388672e-01
5.666821002960205078e-01
3.421205282211303711e-01
5.714657306671142578e-01
3.413740694522857666e-01
5.492762327194213867e-01
6.246255040168762207e-01
6.309886574745178223e-01
5.409418344497680664e-01
3.553839027881622314e-01
6.282473206520080566e-01
4.561786949634552002e-01
4.540733695030212402e-01
6.152383089065551758e-01
5.837497115135192871e-01
4.932400286197662354e-01
6.248708963394165039e-01
3.615621030330657959e-01
4.055621922016143799e-01
6.094724535942077637e-01
5.714673399925231934e-01
5.585803389549255371e-01
3.526091873645782471e-01
6.207572221755981445e-01
6.260737180709838867e-01
3.795510530471801758e-01
3.507320880889892578e-01
5.061945319175720215e-01
3.771707415580749512e-01
4.105653464794158936e-01
4.087736606597900391e-01
3.880803287029266357e-01
3.573688268661499023e-01
3.558061420917510986e-01
3.486559689044952393e-01
5.882860422134399414e-01
4.726788997650146484e-01
3.503770530223846436e-01
4.212735593318939209e-01
4.179067611694335938e-01
3.872156739234924316e-01
6.281800866127014160e-01
3.812761604785919189e-01
4.423621296882629395e-01
3.377473056316375732e-01
5.384294986724853516e-01
5.647314786911010742e-01
5.537337064743041992e-01
3.522427678108215332e-01
4.051563441753387451e-01
3.752680122852325439e-01
3.731711208820343018e-01
3.586049079895019531e-01
3.726148605346679688e-01
6.149619221687316895e-01
6.137108206748962402e-01
3.486688137054443359e-01
5.394871234893798828e-01
3.388441205024719238e-01
5.745411515235900879e-01
4.085561037063598633e-01
5.647208094596862793e-01
5.825820565223693848e-01
6.126183867454528809e-01
5.925546288490295410e-01
4.357059299945831299e-01
3.873916268348693848e-01
3.731805682182312012e-01
3.561133742332458496e-01
3.480828106403350830e-01
4.153962433338165283e-01
3.738244175910949707e-01
6.308583617210388184e-01
6.303546428680419922e-01
5.563176870346069336e-01
6.284165382385253906e-01
3.546773791313171387e-01
6.339341402053833008e-01
5.077111124992370605e-01
4.278854131698608398e-01
3.644649386405944824e-01
3.684357702732086182e-01
5.405148863792419434e-01
4.350908398628234863e-01
5.531290769577026367e-01
3.506786823272705078e-01
3.677614331245422363e-01
3.438259363174438477e-01
3.906044960021972656e-01
5.951376557350158691e-01
3.965405821800231934e-01
4.180883467197418213e-01
3.835541307926177979e-01
3.742794394493103027e-01
5.499705076217651367e-01
4.032658934593200684e-01
6.367868185043334961e-01
6.130595803260803223e-01
4.292566478252410889e-01
3.515286445617675781e-01
3.445971310138702393e-01
6.198624968528747559e-01
6.250194311141967773e-01
6.133663654327392578e-01
5.155292153358459473e-01
4.156037569046020508e-01
3.675464093685150146e-01
3.925640881061553955e-01
3.900085389614105225e-01
5.830339789390563965e-01
3.807253241539001465e-01
6.148504614830017090e-01
5.710982084274291992e-01
6.086630225181579590e-01
3.508059382438659668e-01
3.533668518066406250e-01
4.888187050819396973e-01
6.302608251571655273e-01
3.395605981349945068e-01
3.801919519901275635e-01
4.016603827476501465e-01
5.651473999023437500e-01
3.524621725082397461e-01
4.162553846836090088e-01
3.953561782836914062e-01
5.236719846725463867e-01
6.184009313583374023e-01
3.354907631874084473e-01
5.972449183464050293e-01
5.670269727706909180e-01
3.538702726364135742e-01
5.448072552680969238e-01
3.579255044460296631e-01
6.030877232551574707e-01
5.569409132003784180e-01
5.573399066925048828e-01
3.429729640483856201e-01
6.322335600852966309e-01
6.310174465179443359e-01
5.588834285736083984e-01
3.687314987182617188e-01
4.070017933845520020e-01
5.664042830467224121e-01
6.210825443267822266e-01
5.394009947776794434e-01
4.711283445358276367e-01
5.477480292320251465e-01
6.340587139129638672e-01
3.419855833053588867e-01
3.446441888809204102e-01
5.986952781677246094e-01
4.521039128303527832e-01
5.201453566551208496e-01
4.937724769115447998e-01
3.647543787956237793e-01
3.928305208683013916e-01
3.583115637302398682e-01
5.011421442031860352e-01
5.102258920669555664e-01
3.448975086212158203e-01
4.925336241722106934e-01
4.696551263332366943e-01
3.417446315288543701e-01
3.758942186832427979e-01
6.184579133987426758e-01
5.938572883605957031e-01
4.383489191532135010e-01
4.339969754219055176e-01
3.485772609710693359e-01
6.063259243965148926e-01
3.991914093494415283e-01
4.071266949176788330e-01
3.521522879600524902e-01
4.752404987812042236e-01
3.630033433437347412e-01
6.265820860862731934e-01
3.416466116905212402e-01
6.236844658851623535e-01
3.658288717269897461e-01
6.200328469276428223e-01
4.955477118492126465e-01
6.218051314353942871e-01
3.416080176830291748e-01
5.617548227310180664e-01
3.548851907253265381e-01
6.037263274192810059e-01
6.332816481590270996e-01
4.661388099193572998e-01
5.935401916503906250e-01
4.863891601562500000e-01
5.081703662872314453e-01
3.704496920108795166e-01
4.449990689754486084e-01
5.977253317832946777e-01
6.208869218826293945e-01
5.693289637565612793e-01
4.363657236099243164e-01
5.636371970176696777e-01
3.951798677444458008e-01
3.553041219711303711e-01
3.383294641971588135e-01
4.415383040904998779e-01
5.963007807731628418e-01
3.546365201473236084e-01
6.244148015975952148e-01
3.572498559951782227e-01
5.518328547477722168e-01
6.118152737617492676e-01
4.669441580772399902e-01
4.100342094898223877e-01
4.065544903278350830e-01
5.034692287445068359e-01
4.335733950138092041e-01
6.127783656120300293e-01
5.033442378044128418e-01
3.608590960502624512e-01
5.171612501144409180e-01
4.330329298973083496e-01
6.258063316345214844e-01
4.632275402545928955e-01
5.076956748962402344e-01
3.438566923141479492e-01
3.354942202568054199e-01
5.354129672050476074e-01
3.747198879718780518e-01
5.952396988868713379e-01
5.014255642890930176e-01
4.469799101352691650e-01
6.258038878440856934e-01
5.439566969871520996e-01
3.737276196479797363e-01
4.564726948738098145e-01
5.508800745010375977e-01
6.087970137596130371e-01
4.672144949436187744e-01
3.561986684799194336e-01
6.007117629051208496e-01
5.608516931533813477e-01
3.390138745307922363e-01
5.451189279556274414e-01
5.823262929916381836e-01
5.831278562545776367e-01
3.795208334922790527e-01
6.104078292846679688e-01
3.730214834213256836e-01
4.116730093955993652e-01
4.651038944721221924e-01
4.802232682704925537e-01
4.747542142868041992e-01
3.699949979782104492e-01
5.932751297950744629e-01
4.876391291618347168e-01
5.679146051406860352e-01
3.364905118942260742e-01
3.654881417751312256e-01
6.083531379699707031e-01
6.031822562217712402e-01
3.493814170360565186e-01
4.098500609397888184e-01
3.591233491897583008e-01
5.669874548912048340e-01
4.664221405982971191e-01
5.827714204788208008e-01
3.397102952003479004e-01
5.779782533645629883e-01
5.988324880599975586e-01
3.409956991672515869e-01
6.177506446838378906e-01
5.213903784751892090e-01
3.543002903461456299e-01
4.821925461292266846e-01
4.229649603366851807e-01
3.454668819904327393e-01
6.134075522422790527e-01
4.814707040786743164e-01
5.562103986740112305e-01
6.135544180870056152e-01
3.570750057697296143e-01
4.511594474315643311e-01
5.228761434555053711e-01
5.607576966285705566e-01
5.768007636070251465e-01
6.232685446739196777e-01
6.038061976432800293e-01
5.922693610191345215e-01
3.648206889629364014e-01
6.270813941955566406e-01
4.880433380603790283e-01
5.030281543731689453e-01
6.231625080108642578e-01
5.491355061531066895e-01
3.568231165409088135e-01
5.560876131057739258e-01
5.352066755294799805e-01
6.207302212715148926e-01
3.639414608478546143e-01
3.536580502986907959e-01
3.713708519935607910e-01
6.182911396026611328e-01
3.801882863044738770e-01
3.997240066528320312e-01
3.640751242637634277e-01
5.644645690917968750e-01
5.150097608566284180e-01
3.467579185962677002e-01
4.147144854068756104e-01
4.338424205780029297e-01
3.369284868240356445e-01
3.729707002639770508e-01
3.488666117191314697e-01
6.063906550407409668e-01
5.357694029808044434e-01
3.408806622028350830e-01
3.479223251342773438e-01
3.497935533523559570e-01
5.626798868179321289e-01
3.756772279739379883e-01
6.100010871887207031e-01
5.016369819641113281e-01
3.781079649925231934e-01
3.784294724464416504e-01
5.951709151268005371e-01
5.844958424568176270e-01
5.804142355918884277e-01
4.318375289440155029e-01
6.333111524581909180e-01
6.060760021209716797e-01
5.613839030265808105e-01
3.642318546772003174e-01
5.879313349723815918e-01
3.661207854747772217e-01
4.132728874683380127e-01
4.556094408035278320e-01
3.382935225963592529e-01
5.821725130081176758e-01
4.519172906875610352e-01
4.078854024410247803e-01
5.842311382293701172e-01
5.152267813682556152e-01
6.063463687896728516e-01
5.604759454727172852e-01
4.385463595390319824e-01
4.423824250698089600e-01
6.134844422340393066e-01
3.686645627021789551e-01
4.751919806003570557e-01
6.099258661270141602e-01
3.543325066566467285e-01
4.560657441616058350e-01
3.511905670166015625e-01
5.940699577331542969e-01
3.476110100746154785e-01
4.308847784996032715e-01
3.771457970142364502e-01
3.802772462368011475e-01
3.421510159969329834e-01
4.640032052993774414e-01
5.034966468811035156e-01
3.766815662384033203e-01
6.192120313644409180e-01
3.498566448688507080e-01
3.539775609970092773e-01
4.653991758823394775e-01
3.504041433334350586e-01
3.777063488960266113e-01
4.456394910812377930e-01
6.190060973167419434e-01
6.182900071144104004e-01
5.729867815971374512e-01
3.938124179840087891e-01
6.131435632705688477e-01
4.744105041027069092e-01
4.505300521850585938e-01
3.806040585041046143e-01
6.049111485481262207e-01
6.050587892532348633e-01
3.650186061859130859e-01
3.607300221920013428e-01
3.905188143253326416e-01
3.528571426868438721e-01
3.357863426208496094e-01
4.866020679473876953e-01
4.077429473400115967e-01
3.415177166461944580e-01
3.595504164695739746e-01
5.434944629669189453e-01
3.936327993869781494e-01
3.681393861770629883e-01
5.544881224632263184e-01
4.478513002395629883e-01
4.840310215950012207e-01
4.915224909782409668e-01
3.630148768424987793e-01
4.552152454853057861e-01
5.077905654907226562e-01
5.124314427375793457e-01
6.091034412384033203e-01
4.709454774856567383e-01
3.608735501766204834e-01
6.017618179321289062e-01
3.455963432788848877e-01
3.543068766593933105e-01
5.990581512451171875e-01
3.525288701057434082e-01
5.128115415573120117e-01
6.271585226058959961e-01
4.594247937202453613e-01
5.339177250862121582e-01
5.209990143775939941e-01
3.497865498065948486e-01
5.937603712081909180e-01
4.854736626148223877e-01
5.700544118881225586e-01
5.496116876602172852e-01
3.899964392185211182e-01
4.960412383079528809e-01
3.589013814926147461e-01
3.821812570095062256e-01
6.011795997619628906e-01
5.674976110458374023e-01
5.140239000320434570e-01
3.579680323600769043e-01
5.886818170547485352e-01
3.841219842433929443e-01
6.211690306663513184e-01
5.115305185317993164e-01
6.266016960144042969e-01
6.262336969375610352e-01
4.898226261138916016e-01
3.391105830669403076e-01
3.711695075035095215e-01
6.215973496437072754e-01
3.996762335300445557e-01
4.598304629325866699e-01
5.968410372734069824e-01
5.264730453491210938e-01
5.240655541419982910e-01
3.641712069511413574e-01
6.197885274887084961e-01
5.302476882934570312e-01
4.162714779376983643e-01
5.956890583038330078e-01
3.561814725399017334e-01
3.918269872665405273e-01
4.802687764167785645e-01
6.069576144218444824e-01
5.461702346801757812e-01
5.627969503402709961e-01
6.252143383026123047e-01
3.561229705810546875e-01
4.569199383258819580e-01
5.851724743843078613e-01
6.103768348693847656e-01
4.446373879909515381e-01
6.255859732627868652e-01
6.149246096611022949e-01
3.890986740589141846e-01
3.595259189605712891e-01
3.650050759315490723e-01
4.849887490272521973e-01
3.418376445770263672e-01
5.853199958801269531e-01
3.541401624679565430e-01
6.085080504417419434e-01
5.762954950332641602e-01
4.778889417648315430e-01
5.375999212265014648e-01
3.539073467254638672e-01
5.877629518508911133e-01
4.175048172473907471e-01
6.075816750526428223e-01
3.486094176769256592e-01
5.046182274818420410e-01
5.173270702362060547e-01
4.579823911190032959e-01
4.422651231288909912e-01
5.456582903861999512e-01
6.095439791679382324e-01
3.775609731674194336e-01
6.118455529212951660e-01
6.072025895118713379e-01
5.451664328575134277e-01
4.682333171367645264e-01
6.117573976516723633e-01
6.024074554443359375e-01
3.777908682823181152e-01
3.442519009113311768e-01
6.263688206672668457e-01
4.985584020614624023e-01
3.571057319641113281e-01
6.071088314056396484e-01
5.970865488052368164e-01
3.678633272647857666e-01
4.299449622631072998e-01
3.479001224040985107e-01
3.410609960556030273e-01
4.320096671581268311e-01
3.710272312164306641e-01
6.286554336547851562e-01
5.768691301345825195e-01
3.470300137996673584e-01
3.425369858741760254e-01
6.092435717582702637e-01
5.594561100006103516e-01
3.464232981204986572e-01
6.018002033233642578e-01
5.290921330451965332e-01
3.510834276676177979e-01
5.899839401245117188e-01
3.662567436695098877e-01
3.845981061458587646e-01
6.281901001930236816e-01
6.182149648666381836e-01
3.943183422088623047e-01
5.995666384696960449e-01
3.957940638065338135e-01
3.469090461730957031e-01
5.300269722938537598e-01
3.492803275585174561e-01
3.864200115203857422e-01
5.168017745018005371e-01
3.547934293746948242e-01
3.608814477920532227e-01
6.274657845497131348e-01
6.188936233520507812e-01
4.800341427326202393e-01
3.489372432231903076e-01
3.442567884922027588e-01
6.247497797012329102e-01
3.662489950656890869e-01
5.733580589294433594e-01
3.771724402904510498e-01
6.040495038032531738e-01
3.970019817352294922e-01
6.018735766410827637e-01
3.936418592929840088e-01
4.460527896881103516e-01
3.901238441467285156e-01
3.457081913948059082e-01
3.782683610916137695e-01
5.625339150428771973e-01
5.239856839179992676e-01
5.909429788589477539e-01
4.356262385845184326e-01
3.486146032810211182e-01
4.702309966087341309e-01
3.458968102931976318e-01
5.166925191879272461e-01
3.448901772499084473e-01
3.624483346939086914e-01
4.002646803855895996e-01
3.612525761127471924e-01
6.158368587493896484e-01
3.781345486640930176e-01
3.836185932159423828e-01
5.929366350173950195e-01
5.637525916099548340e-01
5.108653306961059570e-01
3.594838380813598633e-01
3.998785912990570068e-01
5.364012718200683594e-01
5.647408962249755859e-01
3.453859984874725342e-01
5.874850749969482422e-01
5.649797320365905762e-01
5.856044292449951172e-01
3.492295742034912109e-01
3.723196089267730713e-01
3.820805251598358154e-01
3.476264178752899170e-01
6.180282235145568848e-01
4.586390852928161621e-01
3.470751047134399414e-01
6.200212836265563965e-01
3.923854529857635498e-01
5.200519561767578125e-01
3.818032443523406982e-01
4.525765776634216309e-01
3.737196326255798340e-01
4.318426847457885742e-01
6.102889180183410645e-01
6.048789620399475098e-01
3.508521616458892822e-01
4.869810938835144043e-01
6.227397918701171875e-01
3.704749643802642822e-01
4.614072442054748535e-01
5.830499529838562012e-01
5.574228763580322266e-01
3.489798605442047119e-01
3.508289158344268799e-01
3.498564660549163818e-01
6.111751794815063477e-01
5.572733879089355469e-01
3.603670299053192139e-01
4.815807044506072998e-01
5.999084115028381348e-01
6.060479879379272461e-01
3.372975885868072510e-01
4.905330836772918701e-01
5.639730095863342285e-01
3.427774310111999512e-01
5.548312067985534668e-01
3.417831063270568848e-01
5.810099840164184570e-01
4.064158201217651367e-01
3.622722923755645752e-01
5.676126480102539062e-01
5.113595128059387207e-01
5.162255167961120605e-01
3.512925207614898682e-01
5.849393606185913086e-01
6.008585691452026367e-01
5.221011042594909668e-01
5.051934719085693359e-01
5.025531649589538574e-01
6.001751422882080078e-01
6.046360135078430176e-01
3.563509285449981689e-01
3.846421837806701660e-01
4.051353931427001953e-01
5.866613984107971191e-01
5.679816007614135742e-01
5.594276785850524902e-01
5.202080607414245605e-01
5.691461563110351562e-01
3.598828315734863281e-01
4.918533563613891602e-01
3.610236942768096924e-01
4.655841290950775146e-01
5.890999436378479004e-01
6.246864199638366699e-01
3.391197025775909424e-01
5.927173495292663574e-01
5.923177599906921387e-01
3.404089510440826416e-01
6.221669316291809082e-01
5.493985414505004883e-01
5.887420773506164551e-01
3.551532626152038574e-01
3.744509518146514893e-01
3.472185730934143066e-01
5.309088230133056641e-01
4.997262656688690186e-01
3.586969077587127686e-01
6.156423091888427734e-01
6.033396720886230469e-01
5.962758064270019531e-01
4.572543799877166748e-01
6.234665513038635254e-01
3.492623567581176758e-01
6.084131598472595215e-01
6.196870207786560059e-01
3.510532975196838379e-01
6.154981851577758789e-01
3.552772104740142822e-01
5.567915439605712891e-01
5.830287337303161621e-01
6.195631623268127441e-01
5.938395261764526367e-01
3.891382217407226562e-01
3.546417355537414551e-01
5.443096756935119629e-01
6.256639361381530762e-01
3.423381745815277100e-01
3.915334343910217285e-01
6.323954463005065918e-01
6.231617331504821777e-01
4.765959382057189941e-01
6.098716259002685547e-01
4.941377043724060059e-01
6.175022721290588379e-01
5.744487047195434570e-01
3.364793658256530762e-01
3.761331439018249512e-01
6.372973918914794922e-01
6.061433553695678711e-01
6.226968765258789062e-01
4.780480861663818359e-01
6.173531413078308105e-01
6.053332090377807617e-01
3.525249660015106201e-01
4.848867058753967285e-01
6.028785109519958496e-01
3.682809472084045410e-01
4.779188632965087891e-01
5.899555683135986328e-01
5.049532651901245117e-01
5.521775484085083008e-01
6.150819063186645508e-01
5.505688786506652832e-01
5.858793854713439941e-01
3.399818837642669678e-01
3.407579064369201660e-01
3.375557363033294678e-01
5.821774601936340332e-01
6.156086325645446777e-01
5.876069068908691406e-01
5.542234778404235840e-01
4.371795356273651123e-01
6.184803843498229980e-01
3.566409647464752197e-01
4.569367766380310059e-01
6.008333563804626465e-01
3.584781587123870850e-01
6.199503540992736816e-01
5.734074711799621582e-01
3.497986495494842529e-01
6.036038994789123535e-01
4.329731166362762451e-01
5.913796424865722656e-01
5.789099931716918945e-01
3.441386520862579346e-01
3.686084747314453125e-01
3.397838473320007324e-01
3.407131433486938477e-01
5.956684947013854980e-01
3.705355525016784668e-01
5.019781589508056641e-01
6.171065568923950195e-01
6.092097163200378418e-01
3.624505698680877686e-01
5.403594970703125000e-01
4.076841175556182861e-01
3.488944768905639648e-01
5.401334762573242188e-01
4.664805233478546143e-01
5.984081625938415527e-01
6.037238240242004395e-01
4.871214926242828369e-01
4.173901975154876709e-01
3.695271313190460205e-01
4.220653474330902100e-01
5.825384855270385742e-01
5.926150083541870117e-01
3.942927420139312744e-01
3.527736663818359375e-01
3.672103583812713623e-01
5.963420867919921875e-01
3.456703126430511475e-01
3.989808261394500732e-01
6.157460212707519531e-01
5.178301334381103516e-01
3.421243429183959961e-01
4.694359898567199707e-01
6.201113462448120117e-01
5.798087716102600098e-01
3.468028008937835693e-01
5.934047102928161621e-01
3.354817926883697510e-01
5.253604650497436523e-01
6.141846776008605957e-01
3.392204046249389648e-01
3.677237927913665771e-01
4.160068333148956299e-01
3.923454582691192627e-01
5.652716755867004395e-01
4.371766149997711182e-01
4.373506307601928711e-01
6.281726360321044922e-01
3.524501919746398926e-01
3.625904917716979980e-01
6.211742758750915527e-01
4.845960736274719238e-01
5.758719444274902344e-01
6.275764107704162598e-01
6.310040354728698730e-01
4.695451259613037109e-01
6.003507375717163086e-01
3.759050965309143066e-01
6.059617400169372559e-01
3.609286844730377197e-01
6.079189777374267578e-01
6.234274506568908691e-01
3.800500631332397461e-01
5.716521739959716797e-01
5.590425729751586914e-01
4.760051369667053223e-01
3.452232778072357178e-01
3.797760903835296631e-01
5.423362255096435547e-01
6.017334461212158203e-01
4.456806182861328125e-01
4.283096492290496826e-01
3.572373092174530029e-01
4.861586987972259521e-01
3.542816638946533203e-01
3.448218405246734619e-01
3.670556545257568359e-01
3.787883222103118896e-01
5.712979435920715332e-01
5.736928582191467285e-01
6.326037645339965820e-01
5.643852353096008301e-01
4.703455865383148193e-01
4.771364331245422363e-01
3.591443002223968506e-01
6.244443655014038086e-01
5.389590263366699219e-01
3.695047497749328613e-01
5.738902688026428223e-01
5.824542641639709473e-01
3.385144174098968506e-01
5.192190408706665039e-01
4.851604104042053223e-01
3.552545309066772461e-01
5.574940443038940430e-01
3.413747549057006836e-01
4.025598466396331787e-01
3.406350314617156982e-01
3.743881285190582275e-01
3.662576973438262939e-01
3.656997382640838623e-01
6.271697282791137695e-01
5.690836906433105469e-01
6.202882528305053711e-01
3.579491376876831055e-01
3.586068749427795410e-01
3.746793568134307861e-01
4.519476592540740967e-01
5.982365012168884277e-01
5.964359641075134277e-01
3.888937532901763916e-01
4.347176849842071533e-01
3.706377446651458740e-01
4.164673984050750732e-01
3.464192748069763184e-01
5.902622938156127930e-01
6.289261579513549805e-01
4.697929620742797852e-01
6.239958405494689941e-01
3.425236940383911133e-01
5.769585967063903809e-01
6.249030828475952148e-01
5.434873104095458984e-01
5.939167737960815430e-01
3.468514680862426758e-01
4.721759557723999023e-01
5.498731732368469238e-01
6.139531135559082031e-01
5.995125174522399902e-01
4.032151103019714355e-01
3.401913940906524658e-01
5.324705839157104492e-01
3.721326589584350586e-01
3.376691639423370361e-01
6.298407912254333496e-01
5.424416065216064453e-01
6.297743320465087891e-01
3.421956300735473633e-01
5.160464048385620117e-01
3.650288879871368408e-01
3.460737764835357666e-01
6.215016841888427734e-01
3.926976621150970459e-01
3.545843064785003662e-01
6.065585613250732422e-01
3.537945151329040527e-01
3.430525660514831543e-01
3.838710188865661621e-01
3.382878601551055908e-01
3.876932561397552490e-01
6.131529211997985840e-01
5.914728641510009766e-01
6.112638115882873535e-01
5.599821805953979492e-01
6.379579305648803711e-01
3.589299917221069336e-01
3.403086364269256592e-01
6.192373037338256836e-01
5.421684384346008301e-01
5.175797939300537109e-01
3.459742069244384766e-01
5.809921026229858398e-01
3.724586069583892822e-01
3.587218821048736572e-01
3.440477550029754639e-01
3.759587407112121582e-01
3.654546439647674561e-01
5.204196572303771973e-01
5.538949370384216309e-01
3.586364388465881348e-01
3.914493024349212646e-01
6.025001406669616699e-01
4.047789871692657471e-01
3.755774497985839844e-01
6.079289317131042480e-01
3.590894341468811035e-01
5.812345147132873535e-01
5.470656156539916992e-01
3.523978590965270996e-01
5.353556871414184570e-01
6.071051955223083496e-01
3.786277472972869873e-01
3.605791926383972168e-01
5.279309153556823730e-01
3.428121507167816162e-01
3.500786423683166504e-01
4.104223251342773438e-01
3.640769422054290771e-01
5.567049384117126465e-01
5.650365352630615234e-01
3.438730239868164062e-01
6.060987710952758789e-01
5.646233558654785156e-01
5.932844877243041992e-01
4.670889973640441895e-01
6.185635924339294434e-01
4.436970949172973633e-01
3.548669219017028809e-01
3.679864704608917236e-01
5.949685573577880859e-01
4.039391577243804932e-01
6.268643140792846680e-01
3.750462234020233154e-01
4.731146097183227539e-01
3.447688221931457520e-01
5.191351175308227539e-01
3.665994703769683838e-01
4.946492910385131836e-01
5.712083578109741211e-01
3.651737570762634277e-01
4.072818756103515625e-01
3.470621109008789062e-01
5.188850164413452148e-01
6.147196292877197266e-01
3.430247008800506592e-01
3.542525470256805420e-01
4.006507098674774170e-01
5.556959509849548340e-01
3.490868210792541504e-01
3.937465250492095947e-01
3.867062330245971680e-01
4.055847823619842529e-01
6.005557179450988770e-01
5.289737582206726074e-01
5.896924734115600586e-01
3.414546549320220947e-01
4.547420144081115723e-01
6.002694964408874512e-01
3.466233015060424805e-01
6.065732240676879883e-01
4.080357551574707031e-01
6.131893396377563477e-01
4.396674931049346924e-01
3.575732111930847168e-01
3.831448853015899658e-01
4.339776933193206787e-01
3.583680689334869385e-01
4.156695902347564697e-01
3.850746452808380127e-01
4.001898467540740967e-01
6.187655329704284668e-01
6.078252196311950684e-01
5.633833408355712891e-01
4.202709794044494629e-01
5.826134085655212402e-01
4.351458549499511719e-01
3.490026891231536865e-01
4.515776634216308594e-01
6.302044987678527832e-01
4.032588303089141846e-01
3.646976649761199951e-01
5.715492367744445801e-01
3.562525808811187744e-01
3.903653621673583984e-01
5.349206328392028809e-01
3.404131531715393066e-01
6.194900870323181152e-01
6.333861351013183594e-01
3.902702629566192627e-01
3.941399157047271729e-01
5.686892867088317871e-01
5.472960472106933594e-01
3.485329449176788330e-01
4.277977049350738525e-01
3.467966914176940918e-01
4.827894568443298340e-01
3.422879874706268311e-01
5.962736010551452637e-01
4.646434485912322998e-01
3.385510444641113281e-01
3.610686957836151123e-01
5.414204001426696777e-01
5.145837664604187012e-01
3.615073859691619873e-01
5.674519538879394531e-01
4.855847060680389404e-01
3.420508801937103271e-01
5.371631383895874023e-01
6.032170653343200684e-01
6.253814697265625000e-01
3.576174676418304443e-01
6.322509050369262695e-01
6.292850971221923828e-01
5.644546747207641602e-01
6.172300577163696289e-01
5.956549644470214844e-01
4.924953281879425049e-01
4.053183495998382568e-01
3.600142300128936768e-01
6.100825667381286621e-01
3.710047900676727295e-01
5.078859925270080566e-01
3.434836268424987793e-01
3.636784553527832031e-01
5.267717838287353516e-01
3.930754661560058594e-01
5.107676386833190918e-01
4.504415988922119141e-01
5.092710256576538086e-01
6.206194758415222168e-01
5.889833569526672363e-01
3.831642270088195801e-01
6.198548078536987305e-01
3.560088276863098145e-01
6.172614097595214844e-01
6.338093280792236328e-01
4.714294373989105225e-01
5.600044727325439453e-01
5.646312832832336426e-01
4.974890053272247314e-01
5.005723834037780762e-01
5.914654731750488281e-01
4.824897944927215576e-01
5.266699194908142090e-01
3.441942930221557617e-01
3.684161007404327393e-01
5.951199531555175781e-01
3.501996994018554688e-01
3.580489456653594971e-01
5.266368985176086426e-01
6.059793829917907715e-01
6.185023784637451172e-01
6.193809509277343750e-01
3.370151519775390625e-01
3.659727871417999268e-01
5.780989527702331543e-01
5.957303047180175781e-01
5.173023343086242676e-01
6.298373341560363770e-01
4.715168774127960205e-01
5.755003094673156738e-01
6.174901127815246582e-01
3.918998539447784424e-01
5.583377480506896973e-01
5.055894851684570312e-01
4.925901293754577637e-01
5.322435498237609863e-01
4.480134844779968262e-01
4.904137849807739258e-01
5.671003460884094238e-01
5.284217596054077148e-01
5.081848502159118652e-01
3.522399961948394775e-01
3.869146108627319336e-01
6.018741130828857422e-01
5.717324018478393555e-01
6.182189583778381348e-01
3.378982543945312500e-01
6.211928129196166992e-01
4.097846150398254395e-01
6.247774958610534668e-01
6.207789778709411621e-01
3.768758773803710938e-01
4.577044844627380371e-01
4.512127041816711426e-01
6.345426440238952637e-01
4.133757650852203369e-01
5.077678561210632324e-01
3.381951153278350830e-01
3.427073955535888672e-01
6.062015295028686523e-01
3.957396149635314941e-01
6.056318283081054688e-01
3.477014005184173584e-01
3.766597807407379150e-01
3.766844272613525391e-01
5.759850144386291504e-01
5.108168125152587891e-01
5.984912514686584473e-01
4.866800904273986816e-01
3.985652029514312744e-01
6.087824106216430664e-01
5.995318889617919922e-01
5.847061276435852051e-01
5.484583973884582520e-01
4.956615567207336426e-01
3.431712985038757324e-01
3.722416162490844727e-01
5.500311851501464844e-01
5.253507494926452637e-01
3.934455215930938721e-01
6.254522204399108887e-01
4.237252771854400635e-01
4.646364748477935791e-01
3.658944666385650635e-01
6.178990006446838379e-01
4.258035719394683838e-01
3.379438817501068115e-01
6.067799925804138184e-01
3.779398798942565918e-01
6.160864830017089844e-01
5.110079050064086914e-01
4.703955948352813721e-01
4.984858036041259766e-01
3.531799912452697754e-01
5.746048688888549805e-01
3.785029649734497070e-01
3.658390045166015625e-01
4.153640568256378174e-01
5.377503037452697754e-01
4.167304039001464844e-01
3.638220727443695068e-01
3.404462933540344238e-01
4.497275948524475098e-01
4.701403975486755371e-01
5.792234539985656738e-01
6.270760297775268555e-01
6.034521460533142090e-01
5.478882789611816406e-01
3.397223651409149170e-01
3.977963328361511230e-01
4.066191017627716064e-01
5.683560371398925781e-01
3.498285710811614990e-01
3.743803203105926514e-01
4.517259597778320312e-01
3.878140449523925781e-01
3.620956540107727051e-01
6.213991641998291016e-01
6.214179396629333496e-01
3.526937067508697510e-01
5.292147397994995117e-01
6.321671009063720703e-01
6.059268116950988770e-01
5.867730975151062012e-01
4.612756073474884033e-01
4.075877666473388672e-01
5.586195588111877441e-01
4.321729838848114014e-01
6.232430934906005859e-01
4.282114207744598389e-01
4.607314765453338623e-01
5.883155465126037598e-01
4.830776751041412354e-01
3.543000221252441406e-01
3.530655205249786377e-01
5.627424716949462891e-01
5.614461302757263184e-01
3.802317678928375244e-01
5.970050096511840820e-01
5.711458921432495117e-01
3.656474649906158447e-01
3.872562944889068604e-01
3.498016893863677979e-01
3.346551656723022461e-01
6.054443120956420898e-01
3.637197315692901611e-01
5.249693393707275391e-01
3.594764769077301025e-01
4.890795350074768066e-01
3.633993566036224365e-01
3.710148334503173828e-01
3.994495272636413574e-01
3.531140685081481934e-01
3.761871457099914551e-01
4.099283814430236816e-01
5.606799125671386719e-01
4.893617033958435059e-01
5.139190554618835449e-01
6.189410686492919922e-01
3.684063553810119629e-01
4.631409943103790283e-01
6.271286606788635254e-01
4.158893525600433350e-01
3.528199195861816406e-01
5.683878064155578613e-01
5.982024073600769043e-01
5.040785670280456543e-01
4.923733472824096680e-01
5.308783054351806641e-01
3.713149726390838623e-01
3.642401099205017090e-01
5.664917826652526855e-01
3.545135259628295898e-01
3.409738540649414062e-01
6.278996467590332031e-01
5.180186033248901367e-01
3.732966184616088867e-01
3.472338914871215820e-01
5.432407259941101074e-01
4.265264272689819336e-01
5.184400081634521484e-01
6.091935038566589355e-01
6.049705743789672852e-01
3.410267233848571777e-01
4.150094687938690186e-01
6.177175045013427734e-01
4.740772247314453125e-01
6.323312520980834961e-01
4.210909605026245117e-01
5.804921984672546387e-01
5.856903791427612305e-01
6.349819302558898926e-01
3.382495343685150146e-01
6.054434180259704590e-01
6.288809776306152344e-01
