5.992401242256164551e-01
3.668074309825897217e-01
6.119663119316101074e-01
6.010950803756713867e-01
4.078992605209350586e-01
5.917513370513916016e-01
6.066931486129760742e-01
6.223588585853576660e-01
4.498179554939270020e-01
5.617999434471130371e-01
3.442089259624481201e-01
5.860030651092529297e-01
4.887515604496002197e-01
3.868445158004760742e-01
5.971434712409973145e-01
5.694044232368469238e-01
5.134034156799316406e-01
3.418927788734436035e-01
3.711676299571990967e-01
5.928457379341125488e-01
4.642809629440307617e-01
5.824540257453918457e-01
3.506338298320770264e-01
3.729164898395538330e-01
6.290235519409179688e-01
5.772629380226135254e-01
4.733316004276275635e-01
4.290775954723358154e-01
5.216630697250366211e-01
4.173512458801269531e-01
5.801080465316772461e-01
4.083412885665893555e-01
3.894405961036682129e-01
3.704632222652435303e-01
3.610438704490661621e-01
3.801597356796264648e-01
6.236508488655090332e-01
3.770651817321777344e-01
5.596523880958557129e-01
5.208688378334045410e-01
3.883339464664459229e-01
4.964902102947235107e-01
3.549265861511230469e-01
3.405019938945770264e-01
3.606663644313812256e-01
5.851417779922485352e-01
5.505424141883850098e-01
5.582543611526489258e-01
5.874857306480407715e-01
3.434124588966369629e-01
5.833848714828491211e-01
6.171122789382934570e-01
3.485277295112609863e-01
5.916701555252075195e-01
3.594402670860290527e-01
3.668588101863861084e-01
6.261165142059326172e-01
3.666506111621856689e-01
5.841624736785888672e-01
3.720447123050689697e-01
3.453819155693054199e-01
5.038534998893737793e-01
3.822582960128784180e-01
3.829060494899749756e-01
5.841355323791503906e-01
6.119257211685180664e-01
6.268386244773864746e-01
3.975330889225006104e-01
5.328760147094726562e-01
3.998854458332061768e-01
3.410021662712097168e-01
5.026825070381164551e-01
3.387674391269683838e-01
5.948217511177062988e-01
5.494015812873840332e-01
3.463490307331085205e-01
5.910671949386596680e-01
5.596396327018737793e-01
3.517625629901885986e-01
3.544060885906219482e-01
4.057146608829498291e-01
3.845334649085998535e-01
3.793929219245910645e-01
5.603656172752380371e-01
6.096991896629333496e-01
5.271819233894348145e-01
6.236131191253662109e-01
6.147143244743347168e-01
5.852329134941101074e-01
4.756150543689727783e-01
3.882311284542083740e-01
3.499456644058227539e-01
5.093667507171630859e-01
5.258625149726867676e-01
5.810062885284423828e-01
6.052855849266052246e-01
3.701843023300170898e-01
4.063015878200531006e-01
5.438795685768127441e-01
6.261667609214782715e-01
3.434927165508270264e-01
4.559927284717559814e-01
3.536424934864044189e-01
5.922140479087829590e-01
4.243604540824890137e-01
5.323706865310668945e-01
4.887875318527221680e-01
6.310881376266479492e-01
4.899265170097351074e-01
3.657400608062744141e-01
5.714147090911865234e-01
3.384384810924530029e-01
3.534401655197143555e-01
6.034333109855651855e-01
3.806070983409881592e-01
5.880303978919982910e-01
5.183654427528381348e-01
6.078534126281738281e-01
5.966708660125732422e-01
3.556532859802246094e-01
5.608826279640197754e-01
6.178529262542724609e-01
6.044363379478454590e-01
3.457670807838439941e-01
3.924879133701324463e-01
4.687362015247344971e-01
3.677308261394500732e-01
3.702926933765411377e-01
6.024254560470581055e-01
3.893873095512390137e-01
6.077824234962463379e-01
5.402206778526306152e-01
5.888648033142089844e-01
4.364538490772247314e-01
3.568573892116546631e-01
3.509396910667419434e-01
6.054641604423522949e-01
4.027937352657318115e-01
4.346956610679626465e-01
4.473032951354980469e-01
5.320979952812194824e-01
4.980544745922088623e-01
6.132887601852416992e-01
5.689721703529357910e-01
4.378328621387481689e-01
3.503460288047790527e-01
3.556469082832336426e-01
3.752590417861938477e-01
3.666575253009796143e-01
3.637286424636840820e-01
3.645428717136383057e-01
5.117389559745788574e-01
3.508157432079315186e-01
3.617467284202575684e-01
4.878126680850982666e-01
4.169346392154693604e-01
5.949839949607849121e-01
3.942959904670715332e-01
3.511853516101837158e-01
3.717397451400756836e-01
5.077615380287170410e-01
6.107704043388366699e-01
5.568397641181945801e-01
3.678775727748870850e-01
3.972956240177154541e-01
5.126370191574096680e-01
3.721850812435150146e-01
3.416132032871246338e-01
3.482521772384643555e-01
5.820361971855163574e-01
4.832788407802581787e-01
5.699764490127563477e-01
5.953267812728881836e-01
5.633665919303894043e-01
6.070243716239929199e-01
4.656254649162292480e-01
5.428885221481323242e-01
6.295251846313476562e-01
3.422633707523345947e-01
5.976247787475585938e-01
5.940203666687011719e-01
3.492824733257293701e-01
3.636330366134643555e-01
4.561513960361480713e-01
3.450118005275726318e-01
3.487883508205413818e-01
4.314692616462707520e-01
6.128532886505126953e-01
3.674977123737335205e-01
6.093140244483947754e-01
3.707619011402130127e-01
5.155985951423645020e-01
4.647899568080902100e-01
6.199294924736022949e-01
5.470752120018005371e-01
4.131535291671752930e-01
5.876463651657104492e-01
3.417717218399047852e-01
4.906997382640838623e-01
3.711628913879394531e-01
6.247045993804931641e-01
3.677045106887817383e-01
3.402314186096191406e-01
3.405945003032684326e-01
3.674860298633575439e-01
6.248294711112976074e-01
6.075460314750671387e-01
4.406932890415191650e-01
5.832728743553161621e-01
3.725555241107940674e-01
3.497477769851684570e-01
5.478079319000244141e-01
4.891767203807830811e-01
5.278939008712768555e-01
3.433631062507629395e-01
3.897234797477722168e-01
5.613145828247070312e-01
3.708908855915069580e-01
3.593827188014984131e-01
3.658314347267150879e-01
3.749791979789733887e-01
4.801433682441711426e-01
5.988890528678894043e-01
3.490529060363769531e-01
3.515894711017608643e-01
3.463040590286254883e-01
4.659779667854309082e-01
4.624378681182861328e-01
5.809317231178283691e-01
5.934144854545593262e-01
6.100867390632629395e-01
4.729582965373992920e-01
3.406795263290405273e-01
3.407154679298400879e-01
3.678495585918426514e-01
3.450416028499603271e-01
3.665890395641326904e-01
3.832648992538452148e-01
4.046617746353149414e-01
6.272809505462646484e-01
3.576796650886535645e-01
5.836722850799560547e-01
5.170023441314697266e-01
3.436244130134582520e-01
6.300038099288940430e-01
5.445476174354553223e-01
5.536150932312011719e-01
3.658339679241180420e-01
3.576850593090057373e-01
5.180483460426330566e-01
5.971550941467285156e-01
4.012443125247955322e-01
3.914031982421875000e-01
5.634079575538635254e-01
5.451429486274719238e-01
5.823432803153991699e-01
5.004336833953857422e-01
3.400852382183074951e-01
3.527837991714477539e-01
3.492012023925781250e-01
5.040509700775146484e-01
3.685208559036254883e-01
5.738858580589294434e-01
3.978809416294097900e-01
4.168146848678588867e-01
5.625855326652526855e-01
3.454025089740753174e-01
3.586850762367248535e-01
3.614554703235626221e-01
4.195235669612884521e-01
4.309270679950714111e-01
6.291782259941101074e-01
5.838825106620788574e-01
4.271729886531829834e-01
3.944723606109619141e-01
3.654806315898895264e-01
3.739598095417022705e-01
3.754784762859344482e-01
4.232512712478637695e-01
5.458063483238220215e-01
4.826752543449401855e-01
3.559164404869079590e-01
3.693529665470123291e-01
6.142321228981018066e-01
4.052636325359344482e-01
4.095725715160369873e-01
5.724638104438781738e-01
3.386670053005218506e-01
3.583053052425384521e-01
5.701201558113098145e-01
3.643116950988769531e-01
6.292524337768554688e-01
5.432483553886413574e-01
3.536162078380584717e-01
3.763262331485748291e-01
4.426828622817993164e-01
3.900348842144012451e-01
4.772862792015075684e-01
3.437595963478088379e-01
6.024895906448364258e-01
3.592340648174285889e-01
3.850913643836975098e-01
4.312998056411743164e-01
4.962683320045471191e-01
6.270371079444885254e-01
5.076794624328613281e-01
3.415477871894836426e-01
3.512686789035797119e-01
3.503303825855255127e-01
3.719490766525268555e-01
4.981079399585723877e-01
3.517519831657409668e-01
3.721271455287933350e-01
5.949940681457519531e-01
5.740002393722534180e-01
5.799933075904846191e-01
5.574843883514404297e-01
4.461486339569091797e-01
5.211104154586791992e-01
3.968629539012908936e-01
4.592986106872558594e-01
3.643682003021240234e-01
3.675825297832489014e-01
5.690543055534362793e-01
3.768885433673858643e-01
3.613004088401794434e-01
3.418186306953430176e-01
3.674100041389465332e-01
4.830930829048156738e-01
3.596815466880798340e-01
3.672250807285308838e-01
4.677528142929077148e-01
4.099132120609283447e-01
6.108762621879577637e-01
3.648217618465423584e-01
3.694408833980560303e-01
3.437405526638031006e-01
6.224126815795898438e-01
3.575977385044097900e-01
4.873110651969909668e-01
5.314031839370727539e-01
6.267001032829284668e-01
3.877426683902740479e-01
3.469622135162353516e-01
3.527026176452636719e-01
4.769155085086822510e-01
5.847257375717163086e-01
4.880185723304748535e-01
5.461915731430053711e-01
5.525798201560974121e-01
4.889169335365295410e-01
3.447187244892120361e-01
3.863327801227569580e-01
6.004810333251953125e-01
5.985681414604187012e-01
5.832971334457397461e-01
3.385715186595916748e-01
4.056035280227661133e-01
6.029322743415832520e-01
4.559562802314758301e-01
3.442216813564300537e-01
4.514350593090057373e-01
4.205173552036285400e-01
4.064749181270599365e-01
6.095341444015502930e-01
3.772932291030883789e-01
3.445805013179779053e-01
4.250039160251617432e-01
6.186026930809020996e-01
3.879808783531188965e-01
3.561134934425354004e-01
6.290642023086547852e-01
6.238397955894470215e-01
5.343125462532043457e-01
5.864025950431823730e-01
6.112787127494812012e-01
5.147646665573120117e-01
3.492424488067626953e-01
5.563812255859375000e-01
3.619386851787567139e-01
4.043561518192291260e-01
3.988577425479888916e-01
3.908409476280212402e-01
6.127433776855468750e-01
3.722865581512451172e-01
5.964714288711547852e-01
3.436189293861389160e-01
6.266561150550842285e-01
3.585254549980163574e-01
6.231055259704589844e-01
4.898693561553955078e-01
3.648790419101715088e-01
5.734748840332031250e-01
4.054774641990661621e-01
3.783841133117675781e-01
3.520394861698150635e-01
3.663664758205413818e-01
3.711339831352233887e-01
5.896542072296142578e-01
4.556181430816650391e-01
3.744768202304840088e-01
6.161245703697204590e-01
4.547994136810302734e-01
5.868833661079406738e-01
3.541738986968994141e-01
3.724994957447052002e-01
4.160396754741668701e-01
6.051836609840393066e-01
3.889930248260498047e-01
5.427876710891723633e-01
5.339170098304748535e-01
3.555260300636291504e-01
4.625493288040161133e-01
5.848392844200134277e-01
5.855211615562438965e-01
5.982180237770080566e-01
3.487793207168579102e-01
3.420926332473754883e-01
5.834198594093322754e-01
5.687635540962219238e-01
6.146638989448547363e-01
3.651435673236846924e-01
3.420786857604980469e-01
5.267572402954101562e-01
5.150336027145385742e-01
5.713248252868652344e-01
5.468035936355590820e-01
3.696672618389129639e-01
3.892548978328704834e-01
5.861248373985290527e-01
6.293399333953857422e-01
4.286904931068420410e-01
5.385200381278991699e-01
3.691285848617553711e-01
3.931715786457061768e-01
3.452640473842620850e-01
3.460743725299835205e-01
6.273648142814636230e-01
3.672022223472595215e-01
4.263743460178375244e-01
5.877366065979003906e-01
6.026928424835205078e-01
5.663799047470092773e-01
3.658311069011688232e-01
3.803492784500122070e-01
3.534784018993377686e-01
5.336630344390869141e-01
4.038640260696411133e-01
6.083589196205139160e-01
4.736646115779876709e-01
4.105662703514099121e-01
3.665885627269744873e-01
6.078251600265502930e-01
4.036563932895660400e-01
4.376660287380218506e-01
5.995477437973022461e-01
5.726366639137268066e-01
3.645481169223785400e-01
3.525051474571228027e-01
5.943849086761474609e-01
5.316470861434936523e-01
6.059995889663696289e-01
3.435690402984619141e-01
4.655901193618774414e-01
3.459806144237518311e-01
3.412892818450927734e-01
3.439161181449890137e-01
4.829259812831878662e-01
6.107472777366638184e-01
5.274356603622436523e-01
6.119039654731750488e-01
3.653775453567504883e-01
5.788884162902832031e-01
4.077388048171997070e-01
3.423604071140289307e-01
3.418183624744415283e-01
4.810655713081359863e-01
3.665202856063842773e-01
5.072271823883056641e-01
3.883006572723388672e-01
5.744616389274597168e-01
4.518291652202606201e-01
3.691392838954925537e-01
5.193111896514892578e-01
5.809883475303649902e-01
3.550478816032409668e-01
3.570028543472290039e-01
4.345765113830566406e-01
6.197586059570312500e-01
5.799478888511657715e-01
3.593683540821075439e-01
4.861125051975250244e-01
3.832184672355651855e-01
4.669618010520935059e-01
3.410392999649047852e-01
3.877065479755401611e-01
4.041832685470581055e-01
3.710773587226867676e-01
6.192803382873535156e-01
5.904906988143920898e-01
3.593168258666992188e-01
3.416374623775482178e-01
6.229176521301269531e-01
3.793840706348419189e-01
3.787625730037689209e-01
3.708142042160034180e-01
3.766195178031921387e-01
3.827176392078399658e-01
5.902757644653320312e-01
3.617087900638580322e-01
5.890803933143615723e-01
5.670493245124816895e-01
3.487411439418792725e-01
5.846073627471923828e-01
3.424001038074493408e-01
3.441701531410217285e-01
5.628824830055236816e-01
4.014559984207153320e-01
4.532800018787384033e-01
3.564243912696838379e-01
3.480339944362640381e-01
3.899072408676147461e-01
3.573420047760009766e-01
3.565347492694854736e-01
5.449268221855163574e-01
3.822075128555297852e-01
5.207938551902770996e-01
3.848752975463867188e-01
3.546500802040100098e-01
5.871136784553527832e-01
6.124038696289062500e-01
3.594467341899871826e-01
4.482342600822448730e-01
3.485010266304016113e-01
6.177029013633728027e-01
5.409232974052429199e-01
5.968762636184692383e-01
3.529577255249023438e-01
3.535140454769134521e-01
4.348244071006774902e-01
4.313805401325225830e-01
3.495362997055053711e-01
3.623246252536773682e-01
5.653854608535766602e-01
4.081107079982757568e-01
5.004421472549438477e-01
3.443976640701293945e-01
5.689637064933776855e-01
4.427233636379241943e-01
5.921487808227539062e-01
6.195347905158996582e-01
3.847754597663879395e-01
6.168603897094726562e-01
5.704925656318664551e-01
5.686202049255371094e-01
3.442830443382263184e-01
3.696140646934509277e-01
4.600651860237121582e-01
3.425342738628387451e-01
3.753311634063720703e-01
5.201191902160644531e-01
3.571386337280273438e-01
5.940792560577392578e-01
5.673931241035461426e-01
6.004461050033569336e-01
4.477760195732116699e-01
4.472214579582214355e-01
5.970768928527832031e-01
3.619405031204223633e-01
5.503218173980712891e-01
3.765497505664825439e-01
3.795647919178009033e-01
3.521574735641479492e-01
3.681922554969787598e-01
6.083348393440246582e-01
3.438402712345123291e-01
4.974903166294097900e-01
4.716516733169555664e-01
6.203343868255615234e-01
3.429153263568878174e-01
4.285741150379180908e-01
6.087068319320678711e-01
6.175953745841979980e-01
4.778704047203063965e-01
3.516892194747924805e-01
5.462903976440429688e-01
5.699735879898071289e-01
3.457340300083160400e-01
5.897765755653381348e-01
3.866069912910461426e-01
4.021481573581695557e-01
4.940353631973266602e-01
4.275099933147430420e-01
5.989549160003662109e-01
5.246058702468872070e-01
5.164801478385925293e-01
4.590530693531036377e-01
6.282210350036621094e-01
4.344222247600555420e-01
3.993418216705322266e-01
3.764743804931640625e-01
3.735729455947875977e-01
3.627393841743469238e-01
5.145847201347351074e-01
3.537862002849578857e-01
5.495048165321350098e-01
5.755928158760070801e-01
3.938173353672027588e-01
3.634379804134368896e-01
3.911665678024291992e-01
3.514757752418518066e-01
4.089306294918060303e-01
4.286589622497558594e-01
5.262706875801086426e-01
5.982965230941772461e-01
4.158390462398529053e-01
4.085549116134643555e-01
3.568473756313323975e-01
3.620167374610900879e-01
3.587452769279479980e-01
5.537341237068176270e-01
3.705187439918518066e-01
6.117451786994934082e-01
3.632720410823822021e-01
4.142972230911254883e-01
3.540701568126678467e-01
5.915542840957641602e-01
3.940015435218811035e-01
6.237349510192871094e-01
4.963037371635437012e-01
4.045419096946716309e-01
5.460153818130493164e-01
6.047871112823486328e-01
4.122331440448760986e-01
3.555848896503448486e-01
5.999092459678649902e-01
4.917384088039398193e-01
5.627380013465881348e-01
3.721553683280944824e-01
5.430212020874023438e-01
5.326453447341918945e-01
5.271720886230468750e-01
6.042630672454833984e-01
3.953103125095367432e-01
3.639934659004211426e-01
4.948228895664215088e-01
6.038515567779541016e-01
3.491308689117431641e-01
4.707275032997131348e-01
3.617305457592010498e-01
3.635843098163604736e-01
4.230590760707855225e-01
5.612370967864990234e-01
4.811837375164031982e-01
3.506911993026733398e-01
3.926268517971038818e-01
5.984784364700317383e-01
5.740658044815063477e-01
6.111295819282531738e-01
4.101380109786987305e-01
3.644617795944213867e-01
5.940692424774169922e-01
5.629580616950988770e-01
3.887658119201660156e-01
3.454346954822540283e-01
5.535926818847656250e-01
4.070428311824798584e-01
4.903805851936340332e-01
5.020328760147094727e-01
3.768980205059051514e-01
5.907161831855773926e-01
5.708215236663818359e-01
3.418083190917968750e-01
3.479405939579010010e-01
5.972256660461425781e-01
3.668207824230194092e-01
5.379717350006103516e-01
4.651446938514709473e-01
5.379564762115478516e-01
6.025357842445373535e-01
3.681680560111999512e-01
6.015403270721435547e-01
6.227897405624389648e-01
5.655218958854675293e-01
5.393508076667785645e-01
3.592297434806823730e-01
6.293627023696899414e-01
3.675803244113922119e-01
4.017128646373748779e-01
3.668964207172393799e-01
3.502869606018066406e-01
3.414468765258789062e-01
6.284917593002319336e-01
3.908300101757049561e-01
4.788778126239776611e-01
3.552814126014709473e-01
5.655489563941955566e-01
3.440727293491363525e-01
4.405502974987030029e-01
5.889245271682739258e-01
5.435530543327331543e-01
3.588097095489501953e-01
4.234775900840759277e-01
3.480310738086700439e-01
5.704373717308044434e-01
3.560944497585296631e-01
6.172252893447875977e-01
3.578677177429199219e-01
5.892351269721984863e-01
3.528942465782165527e-01
3.951525390148162842e-01
5.633865594863891602e-01
3.702841997146606445e-01
6.085270047187805176e-01
3.833685815334320068e-01
3.396864831447601318e-01
4.197391569614410400e-01
4.596897065639495850e-01
3.673663139343261719e-01
4.066722691059112549e-01
3.521009981632232666e-01
6.048482060432434082e-01
5.163913965225219727e-01
3.610513508319854736e-01
4.270597398281097412e-01
3.635374605655670166e-01
4.289444386959075928e-01
3.754215240478515625e-01
4.317832887172698975e-01
3.654046058654785156e-01
3.432755470275878906e-01
6.100775599479675293e-01
4.546009600162506104e-01
5.679854154586791992e-01
5.279282927513122559e-01
5.967348217964172363e-01
4.228665828704833984e-01
4.529685974121093750e-01
5.555724501609802246e-01
5.920989513397216797e-01
3.593746423721313477e-01
5.978909134864807129e-01
3.891729712486267090e-01
4.475265741348266602e-01
5.952879786491394043e-01
3.785196244716644287e-01
5.971434712409973145e-01
3.488521575927734375e-01
3.925816714763641357e-01
3.438736498355865479e-01
5.826676487922668457e-01
3.463828265666961670e-01
3.435458242893218994e-01
5.831890106201171875e-01
3.658053874969482422e-01
3.742478191852569580e-01
4.897125661373138428e-01
5.473042130470275879e-01
3.383882343769073486e-01
3.516294360160827637e-01
6.161262392997741699e-01
3.702837228775024414e-01
6.016275882720947266e-01
3.432805836200714111e-01
5.483533143997192383e-01
3.592558801174163818e-01
3.726188838481903076e-01
5.901939868927001953e-01
3.653874993324279785e-01
5.591680407524108887e-01
5.116875171661376953e-01
3.889833092689514160e-01
4.382455945014953613e-01
5.413170456886291504e-01
6.023568511009216309e-01
6.006918549537658691e-01
3.438325822353363037e-01
6.238167285919189453e-01
4.295222461223602295e-01
3.447944223880767822e-01
3.961710035800933838e-01
6.172375082969665527e-01
4.409785568714141846e-01
4.001792073249816895e-01
3.587985336780548096e-01
3.732046186923980713e-01
3.756494224071502686e-01
4.713277220726013184e-01
3.417612016201019287e-01
4.139001667499542236e-01
5.411797165870666504e-01
4.360803067684173584e-01
6.052385568618774414e-01
5.002905130386352539e-01
4.077311158180236816e-01
3.536931872367858887e-01
5.331127047538757324e-01
4.042504727840423584e-01
3.469488024711608887e-01
4.948183596134185791e-01
3.491954803466796875e-01
4.201566278934478760e-01
5.823379755020141602e-01
5.135905146598815918e-01
3.478380441665649414e-01
3.580039441585540771e-01
5.940390229225158691e-01
3.762995898723602295e-01
5.179947614669799805e-01
3.983045518398284912e-01
4.135327935218811035e-01
6.063461899757385254e-01
4.597908258438110352e-01
6.185195446014404297e-01
4.208546280860900879e-01
5.199410319328308105e-01
3.601055443286895752e-01
3.533548116683959961e-01
6.043392419815063477e-01
3.430869579315185547e-01
3.555177748203277588e-01
5.662788748741149902e-01
5.454736351966857910e-01
4.629631936550140381e-01
4.103696942329406738e-01
3.528156280517578125e-01
3.483799099922180176e-01
3.405225872993469238e-01
3.529584705829620361e-01
5.798101425170898438e-01
3.464500308036804199e-01
3.428320288658142090e-01
5.316154360771179199e-01
3.732880353927612305e-01
4.813502430915832520e-01
6.138542890548706055e-01
3.695165514945983887e-01
6.225404739379882812e-01
3.453871011734008789e-01
3.424677550792694092e-01
5.757490992546081543e-01
3.739403486251831055e-01
4.298404157161712646e-01
5.893700718879699707e-01
4.501656293869018555e-01
3.520120084285736084e-01
3.433981239795684814e-01
4.852704405784606934e-01
6.055107712745666504e-01
3.486233651638031006e-01
3.460352122783660889e-01
4.912429451942443848e-01
5.938669443130493164e-01
4.308068156242370605e-01
5.464280247688293457e-01
3.426681458950042725e-01
3.652915060520172119e-01
5.965585112571716309e-01
3.709047436714172363e-01
3.682356178760528564e-01
4.728404879570007324e-01
4.937272667884826660e-01
5.711773633956909180e-01
3.697601854801177979e-01
4.086740314960479736e-01
5.654261112213134766e-01
3.704077601432800293e-01
6.111131310462951660e-01
3.781495988368988037e-01
5.400619506835937500e-01
4.643380641937255859e-01
3.618640899658203125e-01
4.520637989044189453e-01
3.956386446952819824e-01
4.263983964920043945e-01
3.439298272132873535e-01
4.813707768917083740e-01
3.742426633834838867e-01
4.667646884918212891e-01
3.805547654628753662e-01
4.666142463684082031e-01
3.651973307132720947e-01
5.441070199012756348e-01
5.844032168388366699e-01
4.685012102127075195e-01
4.988958239555358887e-01
5.307081341743469238e-01
3.644133210182189941e-01
3.818529844284057617e-01
3.615406453609466553e-01
3.486543297767639160e-01
5.494393706321716309e-01
3.502280116081237793e-01
3.750689625740051270e-01
3.682971298694610596e-01
6.098424196243286133e-01
3.499401807785034180e-01
5.339667797088623047e-01
3.418891131877899170e-01
3.838409781455993652e-01
3.906994462013244629e-01
5.020436644554138184e-01
4.809072315692901611e-01
3.757880330085754395e-01
3.910534083843231201e-01
3.600125014781951904e-01
5.736218690872192383e-01
4.445276260375976562e-01
5.525068640708923340e-01
5.610464215278625488e-01
3.583414852619171143e-01
4.091959893703460693e-01
5.489196181297302246e-01
3.438719511032104492e-01
3.447483181953430176e-01
3.696160018444061279e-01
6.108918190002441406e-01
6.162707805633544922e-01
5.891776084899902344e-01
3.796061575412750244e-01
4.836497008800506592e-01
6.049104928970336914e-01
3.696604371070861816e-01
3.518373072147369385e-01
3.502227663993835449e-01
3.655351698398590088e-01
6.240168809890747070e-01
5.053604841232299805e-01
4.076212942600250244e-01
3.569779098033905029e-01
6.066397428512573242e-01
5.668341517448425293e-01
5.660824179649353027e-01
5.955058932304382324e-01
4.245240092277526855e-01
3.468546569347381592e-01
4.109812080860137939e-01
3.567939996719360352e-01
4.640950560569763184e-01
4.930533766746520996e-01
3.978123664855957031e-01
6.162676811218261719e-01
6.131998300552368164e-01
6.031064987182617188e-01
3.631719946861267090e-01
3.967818617820739746e-01
4.062730073928833008e-01
5.844733119010925293e-01
4.627038538455963135e-01
3.631744682788848877e-01
5.751482248306274414e-01
5.662860274314880371e-01
4.218944311141967773e-01
5.841807723045349121e-01
3.538743853569030762e-01
5.614923238754272461e-01
4.654791951179504395e-01
3.968057930469512939e-01
5.917279720306396484e-01
4.404872357845306396e-01
4.946123659610748291e-01
4.427119195461273193e-01
5.013461709022521973e-01
5.427652597427368164e-01
4.319374859333038330e-01
4.243729412555694580e-01
6.067150831222534180e-01
5.924054384231567383e-01
5.516715049743652344e-01
3.506216108798980713e-01
3.448501229286193848e-01
3.671802878379821777e-01
3.702323734760284424e-01
6.174488067626953125e-01
5.928541421890258789e-01
5.707024335861206055e-01
6.036473512649536133e-01
6.059688925743103027e-01
5.240395665168762207e-01
5.731450915336608887e-01
5.014445185661315918e-01
4.487244188785552979e-01
4.575049579143524170e-01
3.602592647075653076e-01
5.051023960113525391e-01
4.970505535602569580e-01
4.786411821842193604e-01
5.155485868453979492e-01
4.298107922077178955e-01
4.308720231056213379e-01
3.612974584102630615e-01
4.936602711677551270e-01
3.405911326408386230e-01
3.569956421852111816e-01
3.437980115413665771e-01
4.458348751068115234e-01
5.760621428489685059e-01
5.929338932037353516e-01
3.904990553855895996e-01
5.507234334945678711e-01
6.068089008331298828e-01
3.752852678298950195e-01
3.467261791229248047e-01
3.646790981292724609e-01
3.815926015377044678e-01
3.500501215457916260e-01
5.924057960510253906e-01
3.996416330337524414e-01
4.276765286922454834e-01
4.789521694183349609e-01
3.419208824634552002e-01
3.489831984043121338e-01
4.369595646858215332e-01
3.884696662425994873e-01
3.852333128452301025e-01
6.233251094818115234e-01
6.127813458442687988e-01
3.443862795829772949e-01
3.863624036312103271e-01
6.300042867660522461e-01
5.135388970375061035e-01
5.504758358001708984e-01
5.688249468803405762e-01
5.991826057434082031e-01
3.486486673355102539e-01
4.005154967308044434e-01
3.683801293373107910e-01
4.734306633472442627e-01
3.704403936862945557e-01
4.737866520881652832e-01
5.770481824874877930e-01
3.464738726615905762e-01
3.407066762447357178e-01
3.502613008022308350e-01
3.569223284721374512e-01
4.199154973030090332e-01
5.877280831336975098e-01
3.498760759830474854e-01
5.287144780158996582e-01
3.846624493598937988e-01
4.237622320652008057e-01
6.097993254661560059e-01
5.875515341758728027e-01
3.682422041893005371e-01
3.535043299198150635e-01
4.426370561122894287e-01
3.465299904346466064e-01
5.910126566886901855e-01
4.338897466659545898e-01
6.209003329277038574e-01
3.905593156814575195e-01
3.428060412406921387e-01
3.708810806274414062e-01
6.256767511367797852e-01
5.491110682487487793e-01
3.407475054264068604e-01
3.524867296218872070e-01
4.130867421627044678e-01
3.698356747627258301e-01
3.596232533454895020e-01
3.423723280429840088e-01
6.088528037071228027e-01
3.459591865539550781e-01
6.002772450447082520e-01
5.590526461601257324e-01
5.569007992744445801e-01
4.836768507957458496e-01
5.991782546043395996e-01
3.580009937286376953e-01
5.605132579803466797e-01
3.466842472553253174e-01
4.427120387554168701e-01
3.531190752983093262e-01
3.504943251609802246e-01
3.614694774150848389e-01
3.511168956756591797e-01
3.462294638156890869e-01
6.076943278312683105e-01
5.512196421623229980e-01
3.856842517852783203e-01
4.181604385375976562e-01
3.438009917736053467e-01
5.421025753021240234e-01
4.408271312713623047e-01
3.760320842266082764e-01
5.967125892639160156e-01
3.537696003913879395e-01
4.630801379680633545e-01
3.958318531513214111e-01
3.384804427623748779e-01
3.930763006210327148e-01
3.582194447517395020e-01
4.804716408252716064e-01
4.118824899196624756e-01
3.455085754394531250e-01
3.561072051525115967e-01
4.797694683074951172e-01
5.230180025100708008e-01
4.996051788330078125e-01
6.253031492233276367e-01
4.341618716716766357e-01
3.502616286277770996e-01
3.675227761268615723e-01
5.704435110092163086e-01
3.630145192146301270e-01
3.765050470829010010e-01
6.163167357444763184e-01
5.349225401878356934e-01
3.667244017124176025e-01
3.995640277862548828e-01
3.506949543952941895e-01
5.947729945182800293e-01
6.242280602455139160e-01
3.559606969356536865e-01
3.665963709354400635e-01
3.989086151123046875e-01
3.925398588180541992e-01
5.590246319770812988e-01
6.308705210685729980e-01
6.202639341354370117e-01
4.013710021972656250e-01
3.425717055797576904e-01
5.980825424194335938e-01
3.584602475166320801e-01
3.650916814804077148e-01
4.113250076770782471e-01
4.008993208408355713e-01
3.551194071769714355e-01
5.385927557945251465e-01
6.270027756690979004e-01
3.564293086528778076e-01
3.452143073081970215e-01
3.497989475727081299e-01
5.823678970336914062e-01
5.992059707641601562e-01
5.625227093696594238e-01
5.130537152290344238e-01
5.123902559280395508e-01
4.858255684375762939e-01
3.903484046459197998e-01
3.401772975921630859e-01
3.881914615631103516e-01
4.584713578224182129e-01
3.914952874183654785e-01
3.772315382957458496e-01
5.184575319290161133e-01
4.599616825580596924e-01
3.389998972415924072e-01
5.939670205116271973e-01
5.994744896888732910e-01
4.043657779693603516e-01
3.684848546981811523e-01
4.144728183746337891e-01
5.105269551277160645e-01
4.633385837078094482e-01
5.934692621231079102e-01
5.539408922195434570e-01
5.583555102348327637e-01
5.027666091918945312e-01
4.943335056304931641e-01
3.721349239349365234e-01
3.563508093357086182e-01
3.607327640056610107e-01
3.523131906986236572e-01
3.524113595485687256e-01
4.249185323715209961e-01
4.914220571517944336e-01
6.177170276641845703e-01
5.689397454261779785e-01
3.537046611309051514e-01
6.117265820503234863e-01
4.493800401687622070e-01
3.848346173763275146e-01
3.382390439510345459e-01
4.607128500938415527e-01
4.115056395530700684e-01
5.643535256385803223e-01
4.668070077896118164e-01
3.540849685668945312e-01
5.362921357154846191e-01
5.563282370567321777e-01
5.571200847625732422e-01
5.635271668434143066e-01
3.923463523387908936e-01
3.473689556121826172e-01
3.616315722465515137e-01
3.821065127849578857e-01
3.753760457038879395e-01
3.604359626770019531e-01
3.782067894935607910e-01
3.689994513988494873e-01
5.579076409339904785e-01
4.740229547023773193e-01
5.978794097900390625e-01
3.465018868446350098e-01
4.326619803905487061e-01
5.131476521492004395e-01
3.573725223541259766e-01
6.215090155601501465e-01
3.626847267150878906e-01
6.032553911209106445e-01
6.001158356666564941e-01
3.651041388511657715e-01
3.850827217102050781e-01
5.467951297760009766e-01
3.470405638217926025e-01
5.856564640998840332e-01
4.162633121013641357e-01
4.110550284385681152e-01
5.215567946434020996e-01
4.526992738246917725e-01
3.810686767101287842e-01
4.096743464469909668e-01
3.768320977687835693e-01
5.623765587806701660e-01
6.128681302070617676e-01
5.801323652267456055e-01
5.493427515029907227e-01
3.580735623836517334e-01
5.342448949813842773e-01
6.141746044158935547e-01
4.174012839794158936e-01
3.598602116107940674e-01
3.770292401313781738e-01
4.469346702098846436e-01
4.420298933982849121e-01
6.099448204040527344e-01
3.455956280231475830e-01
3.922662138938903809e-01
3.601642251014709473e-01
3.538512885570526123e-01
5.242453217506408691e-01
3.658280670642852783e-01
4.690909981727600098e-01
5.495299100875854492e-01
5.502382516860961914e-01
3.494748473167419434e-01
3.704196214675903320e-01
3.423709571361541748e-01
4.018968939781188965e-01
4.768251776695251465e-01
5.983334779739379883e-01
3.530992269515991211e-01
3.461945950984954834e-01
3.760420978069305420e-01
3.719045519828796387e-01
3.443495929241180420e-01
6.117088198661804199e-01
3.424406349658966064e-01
5.341421961784362793e-01
3.538572490215301514e-01
5.135146975517272949e-01
3.549094796180725098e-01
3.927306532859802246e-01
3.755926489830017090e-01
3.675962686538696289e-01
4.614073038101196289e-01
3.464551568031311035e-01
3.526492714881896973e-01
5.684556365013122559e-01
5.233550667762756348e-01
3.594720363616943359e-01
6.016983985900878906e-01
3.395496606826782227e-01
3.650150001049041748e-01
3.654199540615081787e-01
5.243369936943054199e-01
6.294528841972351074e-01
6.174682974815368652e-01
3.517263233661651611e-01
3.813951611518859863e-01
3.586212098598480225e-01
5.650745034217834473e-01
3.497633934020996094e-01
3.519857823848724365e-01
3.474374711513519287e-01
3.515179455280303955e-01
5.882886052131652832e-01
6.101368665695190430e-01
3.902270793914794922e-01
5.157554149627685547e-01
4.941739737987518311e-01
5.676717162132263184e-01
3.451565802097320557e-01
3.506241440773010254e-01
3.876037299633026123e-01
4.937730729579925537e-01
5.107870697975158691e-01
6.121693849563598633e-01
3.862818479537963867e-01
3.653244674205780029e-01
3.414346873760223389e-01
3.449712097644805908e-01
5.131559371948242188e-01
3.611283898353576660e-01
3.608590662479400635e-01
3.505173027515411377e-01
3.457174599170684814e-01
3.751232326030731201e-01
4.706098735332489014e-01
5.831156373023986816e-01
3.730779290199279785e-01
3.628076016902923584e-01
3.470059037208557129e-01
5.118023753166198730e-01
4.253866672515869141e-01
3.506144583225250244e-01
5.923204421997070312e-01
3.500060141086578369e-01
3.397949635982513428e-01
6.206437349319458008e-01
5.172606706619262695e-01
5.979552865028381348e-01
5.372138619422912598e-01
5.294413566589355469e-01
3.832221925258636475e-01
5.246546864509582520e-01
3.484490215778350830e-01
5.489817261695861816e-01
3.578900098800659180e-01
3.400658369064331055e-01
5.595765709877014160e-01
3.745423853397369385e-01
3.643854856491088867e-01
6.052018404006958008e-01
5.395787358283996582e-01
4.008572399616241455e-01
4.945148229598999023e-01
5.242714285850524902e-01
5.443539023399353027e-01
3.593842685222625732e-01
4.143762588500976562e-01
5.056896805763244629e-01
4.069835543632507324e-01
4.675241410732269287e-01
5.291719436645507812e-01
5.362890958786010742e-01
3.543573617935180664e-01
4.755367040634155273e-01
5.998699665069580078e-01
5.853428244590759277e-01
3.552152812480926514e-01
5.781146883964538574e-01
3.631281256675720215e-01
3.512515127658843994e-01
4.903093278408050537e-01
3.572619557380676270e-01
3.709806799888610840e-01
6.133604049682617188e-01
3.700222969055175781e-01
6.248131990432739258e-01
5.929593443870544434e-01
5.377355217933654785e-01
4.997477531433105469e-01
4.860698580741882324e-01
3.850742876529693604e-01
3.484277427196502686e-01
3.794434666633605957e-01
4.448108077049255371e-01
4.819818139076232910e-01
4.604158401489257812e-01
4.268458187580108643e-01
5.644691586494445801e-01
6.171578168869018555e-01
5.205177664756774902e-01
4.743532538414001465e-01
5.860853791236877441e-01
5.270298123359680176e-01
3.587917387485504150e-01
3.473616838455200195e-01
4.190264642238616943e-01
5.956822037696838379e-01
5.594376325607299805e-01
3.610724508762359619e-01
5.565776228904724121e-01
3.505510091781616211e-01
5.621079802513122559e-01
4.295017421245574951e-01
4.251740872859954834e-01
5.837643146514892578e-01
5.551978945732116699e-01
6.182346940040588379e-01
4.258156716823577881e-01
4.781567454338073730e-01
3.512572348117828369e-01
3.700748085975646973e-01
5.303344726562500000e-01
3.577890694141387939e-01
3.705155551433563232e-01
6.155712604522705078e-01
3.536952137947082520e-01
4.099871516227722168e-01
5.903472900390625000e-01
5.592727661132812500e-01
3.448635339736938477e-01
4.936740398406982422e-01
3.558519780635833740e-01
6.121817827224731445e-01
4.372998178005218506e-01
3.584623932838439941e-01
5.012674331665039062e-01
3.397406935691833496e-01
5.376918911933898926e-01
5.888815522193908691e-01
5.760004520416259766e-01
3.964309692382812500e-01
3.907877206802368164e-01
3.855901658535003662e-01
5.068516731262207031e-01
3.655456006526947021e-01
5.591099858283996582e-01
3.509277999401092529e-01
4.794036448001861572e-01
5.042442083358764648e-01
3.681812584400177002e-01
5.653721690177917480e-01
4.017456471920013428e-01
6.037901043891906738e-01
4.032711386680603027e-01
5.742726922035217285e-01
3.540165424346923828e-01
6.186579465866088867e-01
6.130713820457458496e-01
5.973520874977111816e-01
3.894588053226470947e-01
3.445382714271545410e-01
5.964270234107971191e-01
3.496094644069671631e-01
3.457978963851928711e-01
5.935789346694946289e-01
3.690098524093627930e-01
5.902487039566040039e-01
4.271442294120788574e-01
3.827977180480957031e-01
3.485800325870513916e-01
3.719674348831176758e-01
3.721465170383453369e-01
3.467502295970916748e-01
5.025818943977355957e-01
5.511371493339538574e-01
4.130780398845672607e-01
3.504293262958526611e-01
3.749905824661254883e-01
3.800617754459381104e-01
6.185228228569030762e-01
5.514044761657714844e-01
5.387803316116333008e-01
5.257619023323059082e-01
5.978459715843200684e-01
3.371339738368988037e-01
3.688017129898071289e-01
3.472665846347808838e-01
4.689901769161224365e-01
4.671894907951354980e-01
5.555666089057922363e-01
5.465483069419860840e-01
5.903912186622619629e-01
6.129829883575439453e-01
4.941025376319885254e-01
3.671980798244476318e-01
3.513208627700805664e-01
3.937391638755798340e-01
5.689767003059387207e-01
5.593822598457336426e-01
4.333935081958770752e-01
3.842736184597015381e-01
3.553497493267059326e-01
3.774419128894805908e-01
4.134491086006164551e-01
3.702813386917114258e-01
5.426078438758850098e-01
4.958538711071014404e-01
5.615423321723937988e-01
4.614245593547821045e-01
4.033011794090270996e-01
6.095623373985290527e-01
5.155126452445983887e-01
3.656408190727233887e-01
3.769178390502929688e-01
3.490852117538452148e-01
5.908306837081909180e-01
3.532513082027435303e-01
4.338482320308685303e-01
5.753405094146728516e-01
5.976625680923461914e-01
4.590611457824707031e-01
3.938971459865570068e-01
4.286355972290039062e-01
6.211648583412170410e-01
6.114157438278198242e-01
3.937958776950836182e-01
3.604072034358978271e-01
3.437906801700592041e-01
3.540180027484893799e-01
5.544986724853515625e-01
6.077042818069458008e-01
4.699335992336273193e-01
3.538884222507476807e-01
3.668230473995208740e-01
6.127774119377136230e-01
6.227041482925415039e-01
3.493903875350952148e-01
3.799391388893127441e-01
3.407043516635894775e-01
3.864969909191131592e-01
5.058305859565734863e-01
4.683281183242797852e-01
3.592710494995117188e-01
3.594686686992645264e-01
3.506304919719696045e-01
6.085313558578491211e-01
5.885208845138549805e-01
6.219298839569091797e-01
3.623737692832946777e-01
3.596224486827850342e-01
3.490591347217559814e-01
5.648744106292724609e-01
4.367322921752929688e-01
4.708147048950195312e-01
3.823628127574920654e-01
3.538037538528442383e-01
6.081058979034423828e-01
3.576796650886535645e-01
3.613776564598083496e-01
6.183600425720214844e-01
5.295494198799133301e-01
3.521202206611633301e-01
4.367859661579132080e-01
3.578914403915405273e-01
4.652588665485382080e-01
4.883179366588592529e-01
6.161597967147827148e-01
4.048135280609130859e-01
4.272786974906921387e-01
5.975039005279541016e-01
4.650441706180572510e-01
5.479274988174438477e-01
5.316715240478515625e-01
5.896251797676086426e-01
3.738590180873870850e-01
3.458072841167449951e-01
5.009085536003112793e-01
3.822375833988189697e-01
3.517301082611083984e-01
5.833111405372619629e-01
5.831871032714843750e-01
3.945013880729675293e-01
6.075567603111267090e-01
6.240513920783996582e-01
3.409182727336883545e-01
4.776842892169952393e-01
3.926926553249359131e-01
3.503468334674835205e-01
3.436166048049926758e-01
3.546586334705352783e-01
5.088819861412048340e-01
4.259612262248992920e-01
3.525724709033966064e-01
4.641714096069335938e-01
3.415274918079376221e-01
3.754294216632843018e-01
4.284888803958892822e-01
3.408770561218261719e-01
5.807353854179382324e-01
3.535485267639160156e-01
6.127238869667053223e-01
3.390695452690124512e-01
4.621421396732330322e-01
5.728181600570678711e-01
3.973523378372192383e-01
5.230625271797180176e-01
3.695585727691650391e-01
4.242095053195953369e-01
6.300253868103027344e-01
3.570032417774200439e-01
5.974896550178527832e-01
4.076032936573028564e-01
3.449820876121520996e-01
6.178627014160156250e-01
3.809597194194793701e-01
5.260102152824401855e-01
3.664679229259490967e-01
4.013668894767761230e-01
5.703952312469482422e-01
3.809732198715209961e-01
3.650559782981872559e-01
4.238795340061187744e-01
3.541342914104461670e-01
4.405878782272338867e-01
5.054765343666076660e-01
6.007152795791625977e-01
3.477149009704589844e-01
4.987693428993225098e-01
3.672350645065307617e-01
5.544590353965759277e-01
4.305571019649505615e-01
3.767644166946411133e-01
6.040800809860229492e-01
4.192992448806762695e-01
3.643615841865539551e-01
5.580576658248901367e-01
3.980855345726013184e-01
4.495699405670166016e-01
6.290417909622192383e-01
5.562497377395629883e-01
3.480751216411590576e-01
3.688268959522247314e-01
6.185980439186096191e-01
3.596569895744323730e-01
3.543011844158172607e-01
3.509660661220550537e-01
3.965960741043090820e-01
5.608810782432556152e-01
3.428249359130859375e-01
6.007014513015747070e-01
3.550751209259033203e-01
5.982241630554199219e-01
3.530557751655578613e-01
3.496955037117004395e-01
3.505821824073791504e-01
5.430631637573242188e-01
6.266892552375793457e-01
4.338016510009765625e-01
3.575011789798736572e-01
3.522260487079620361e-01
4.551140367984771729e-01
5.688877105712890625e-01
5.732545256614685059e-01
6.220993995666503906e-01
