4.536485075950622559e-01
4.245489835739135742e-01
3.614952266216278076e-01
3.273973762989044189e-01
6.377753615379333496e-01
5.176180005073547363e-01
4.341678023338317871e-01
3.292306363582611084e-01
3.553961813449859619e-01
3.397609591484069824e-01
5.196487903594970703e-01
4.210544824600219727e-01
6.036092638969421387e-01
3.984468579292297363e-01
3.225367069244384766e-01
6.049554944038391113e-01
4.718824028968811035e-01
4.545449614524841309e-01
5.005308985710144043e-01
5.236173868179321289e-01
3.769539594650268555e-01
6.445164084434509277e-01
5.877959728240966797e-01
5.703357458114624023e-01
6.502923965454101562e-01
3.849636912345886230e-01
3.449661731719970703e-01
3.369969725608825684e-01
3.534620702266693115e-01
5.302404165267944336e-01
3.580985665321350098e-01
3.984769582748413086e-01
4.488996863365173340e-01
4.354436993598937988e-01
6.428700089454650879e-01
6.061830520629882812e-01
5.245344042778015137e-01
6.150468587875366211e-01
4.463407695293426514e-01
6.216494441032409668e-01
3.831070363521575928e-01
3.681437075138092041e-01
6.517581343650817871e-01
5.835201144218444824e-01
5.965549349784851074e-01
4.061008691787719727e-01
6.389252543449401855e-01
6.388561725616455078e-01
5.435521602630615234e-01
6.246416568756103516e-01
4.341063201427459717e-01
5.993738770484924316e-01
6.440494060516357422e-01
5.907921195030212402e-01
3.469408452510833740e-01
5.817903280258178711e-01
4.511727392673492432e-01
6.013934612274169922e-01
6.346257925033569336e-01
3.774435222148895264e-01
4.504861533641815186e-01
3.687986135482788086e-01
3.278025686740875244e-01
4.207154214382171631e-01
6.337798833847045898e-01
6.499527692794799805e-01
6.296196579933166504e-01
3.656679689884185791e-01
6.169271469116210938e-01
4.219450354576110840e-01
3.665620982646942139e-01
6.350862979888916016e-01
3.228727281093597412e-01
6.354565024375915527e-01
4.480034410953521729e-01
3.515627086162567139e-01
4.973211884498596191e-01
3.243075609207153320e-01
4.621983170509338379e-01
6.307672858238220215e-01
3.412056565284729004e-01
4.661596417427062988e-01
6.342118978500366211e-01
5.980759859085083008e-01
3.949414193630218506e-01
3.455588817596435547e-01
3.377983272075653076e-01
3.743027746677398682e-01
3.855876028537750244e-01
3.314720094203948975e-01
5.841653347015380859e-01
4.326894879341125488e-01
6.453053951263427734e-01
3.355395793914794922e-01
3.886865079402923584e-01
4.618681967258453369e-01
5.228274464607238770e-01
3.644000589847564697e-01
3.709280788898468018e-01
3.469927012920379639e-01
3.786868751049041748e-01
5.717537999153137207e-01
3.264766931533813477e-01
4.585367143154144287e-01
6.242721080780029297e-01
5.467199683189392090e-01
3.516102731227874756e-01
3.388101756572723389e-01
6.375256180763244629e-01
3.224781155586242676e-01
3.236420154571533203e-01
5.032052397727966309e-01
3.379548192024230957e-01
6.259026527404785156e-01
3.669655621051788330e-01
6.277108192443847656e-01
6.428089141845703125e-01
4.062523841857910156e-01
3.656502068042755127e-01
6.050841808319091797e-01
6.468962430953979492e-01
6.375147700309753418e-01
5.319313406944274902e-01
6.129438877105712891e-01
4.925549030303955078e-01
4.676083326339721680e-01
4.176832437515258789e-01
5.840951204299926758e-01
3.422648012638092041e-01
4.745094776153564453e-01
4.612117707729339600e-01
6.509982347488403320e-01
4.160225093364715576e-01
5.995330810546875000e-01
6.270963549613952637e-01
6.120263338088989258e-01
6.193218827247619629e-01
4.893797934055328369e-01
3.267543017864227295e-01
5.967813730239868164e-01
4.537941515445709229e-01
4.406509995460510254e-01
6.432527899742126465e-01
3.495917618274688721e-01
6.323808431625366211e-01
3.920593261718750000e-01
5.968868732452392578e-01
3.203184008598327637e-01
6.234167814254760742e-01
6.377713680267333984e-01
3.735181391239166260e-01
6.457984447479248047e-01
4.214664101600646973e-01
6.430468559265136719e-01
3.986120223999023438e-01
6.347180008888244629e-01
3.468112051486968994e-01
4.423153400421142578e-01
4.249492883682250977e-01
5.974115729331970215e-01
6.426299214363098145e-01
4.472354650497436523e-01
6.435801982879638672e-01
6.383884549140930176e-01
3.377580940723419189e-01
4.628928303718566895e-01
6.192499995231628418e-01
3.959634900093078613e-01
4.846750199794769287e-01
4.812825322151184082e-01
6.244712471961975098e-01
4.378015995025634766e-01
3.879482746124267578e-01
3.560318648815155029e-01
6.073780655860900879e-01
3.476668298244476318e-01
4.431924223899841309e-01
3.750860095024108887e-01
4.894279539585113525e-01
6.008681654930114746e-01
3.534682393074035645e-01
6.108188033103942871e-01
6.341791749000549316e-01
3.992336988449096680e-01
3.261258006095886230e-01
3.497320711612701416e-01
6.442357897758483887e-01
5.221366286277770996e-01
3.521580696105957031e-01
6.394350528717041016e-01
3.341464698314666748e-01
3.723784387111663818e-01
3.566266000270843506e-01
5.648891329765319824e-01
6.213303208351135254e-01
3.391524553298950195e-01
6.437998414039611816e-01
3.665684461593627930e-01
6.056970953941345215e-01
3.249101340770721436e-01
4.377523362636566162e-01
5.550097227096557617e-01
5.937092304229736328e-01
3.771232068538665771e-01
4.867338240146636963e-01
4.117202758789062500e-01
6.271215677261352539e-01
5.523733496665954590e-01
6.190661787986755371e-01
3.493724763393402100e-01
4.027559757232666016e-01
6.083329916000366211e-01
5.421270132064819336e-01
5.611776113510131836e-01
6.503173112869262695e-01
4.909634292125701904e-01
3.343382179737091064e-01
3.451699912548065186e-01
4.404823780059814453e-01
5.093497633934020996e-01
6.140509843826293945e-01
6.464765071868896484e-01
3.487744331359863281e-01
3.872207701206207275e-01
4.787133932113647461e-01
6.140615940093994141e-01
3.588363528251647949e-01
6.453986167907714844e-01
6.507583260536193848e-01
3.309490382671356201e-01
3.699963688850402832e-01
6.243960261344909668e-01
6.195528507232666016e-01
6.497020125389099121e-01
4.942411184310913086e-01
6.509642004966735840e-01
6.481679677963256836e-01
4.765981137752532959e-01
4.312198162078857422e-01
5.437740683555603027e-01
3.539894223213195801e-01
3.822816312313079834e-01
5.989552736282348633e-01
4.924567043781280518e-01
3.776835501194000244e-01
5.650413036346435547e-01
5.677614808082580566e-01
5.326771736145019531e-01
6.197587847709655762e-01
6.448705792427062988e-01
6.050496101379394531e-01
3.479727208614349365e-01
4.034458696842193604e-01
4.633350968360900879e-01
4.616214036941528320e-01
3.581818640232086182e-01
3.465732932090759277e-01
4.994647204875946045e-01
6.399268507957458496e-01
3.309230804443359375e-01
5.722722411155700684e-01
6.454190611839294434e-01
3.640512824058532715e-01
4.923534691333770752e-01
6.484271287918090820e-01
3.681109845638275146e-01
3.656727969646453857e-01
3.223370611667633057e-01
4.010479748249053955e-01
5.634003877639770508e-01
6.245012283325195312e-01
3.336333036422729492e-01
6.438492536544799805e-01
6.481361985206604004e-01
6.460546851158142090e-01
5.792868137359619141e-01
5.891240239143371582e-01
3.293992877006530762e-01
6.450016498565673828e-01
6.267741918563842773e-01
5.424157977104187012e-01
3.931913375854492188e-01
6.439865231513977051e-01
3.847363889217376709e-01
6.455657482147216797e-01
6.401063799858093262e-01
4.100956320762634277e-01
3.846460282802581787e-01
3.422179818153381348e-01
5.009927153587341309e-01
4.208554029464721680e-01
6.206851601600646973e-01
4.995296299457550049e-01
3.372576534748077393e-01
3.700242042541503906e-01
6.225904226303100586e-01
4.244655072689056396e-01
3.812466561794281006e-01
3.792762756347656250e-01
6.384376287460327148e-01
6.182287931442260742e-01
4.428038001060485840e-01
6.088916063308715820e-01
5.490333437919616699e-01
3.372600376605987549e-01
3.690426349639892578e-01
3.895244896411895752e-01
4.257252514362335205e-01
3.804249167442321777e-01
6.370673775672912598e-01
5.146800875663757324e-01
5.034415125846862793e-01
6.498793959617614746e-01
6.074467897415161133e-01
5.583775639533996582e-01
3.840732276439666748e-01
6.265879869461059570e-01
4.712512493133544922e-01
3.351367413997650146e-01
6.472128033638000488e-01
6.359691619873046875e-01
3.858307898044586182e-01
6.344454288482666016e-01
6.474049091339111328e-01
6.456439495086669922e-01
3.401980698108673096e-01
4.491085708141326904e-01
6.426070928573608398e-01
4.385701715946197510e-01
6.158103346824645996e-01
5.201670527458190918e-01
3.466264903545379639e-01
3.461073935031890869e-01
5.979678630828857422e-01
4.941369891166687012e-01
3.320935070514678955e-01
5.913986563682556152e-01
4.525986313819885254e-01
3.493502438068389893e-01
5.195819735527038574e-01
5.536844730377197266e-01
4.777635037899017334e-01
5.778903365135192871e-01
6.301336884498596191e-01
3.488023579120635986e-01
3.261871635913848877e-01
5.195799469947814941e-01
3.320249021053314209e-01
3.626345694065093994e-01
3.313962221145629883e-01
4.832873642444610596e-01
3.304204344749450684e-01
6.485175490379333496e-01
6.321565508842468262e-01
5.667675733566284180e-01
4.720790684223175049e-01
5.448948144912719727e-01
4.402605295181274414e-01
3.329477310180664062e-01
3.513838350772857666e-01
5.811642408370971680e-01
6.541069746017456055e-01
6.119908690452575684e-01
3.198008537292480469e-01
6.162791252136230469e-01
4.351532757282257080e-01
6.399254202842712402e-01
3.200994133949279785e-01
6.484081745147705078e-01
5.536119341850280762e-01
5.190216898918151855e-01
5.632938742637634277e-01
5.072934031486511230e-01
6.089763641357421875e-01
3.202086687088012695e-01
3.723516464233398438e-01
6.448683738708496094e-01
3.838959932327270508e-01
6.455976366996765137e-01
4.600005149841308594e-01
3.632268607616424561e-01
4.758411943912506104e-01
4.078706204891204834e-01
4.853933155536651611e-01
4.335616528987884521e-01
6.334549784660339355e-01
3.518511354923248291e-01
3.202733695507049561e-01
6.188913583755493164e-01
5.582863688468933105e-01
5.836878418922424316e-01
6.507952809333801270e-01
5.647559165954589844e-01
6.228063702583312988e-01
4.258742928504943848e-01
6.469374895095825195e-01
5.949199795722961426e-01
6.464287042617797852e-01
5.119031667709350586e-01
4.109686315059661865e-01
3.850827217102050781e-01
4.171848595142364502e-01
6.282894611358642578e-01
4.071194231510162354e-01
6.293281316757202148e-01
3.300288915634155273e-01
6.391255259513854980e-01
6.518210768699645996e-01
6.019529104232788086e-01
6.219292283058166504e-01
6.329416036605834961e-01
5.959936380386352539e-01
3.582874834537506104e-01
3.346908390522003174e-01
5.886567234992980957e-01
5.169970393180847168e-01
3.380044400691986084e-01
3.530354499816894531e-01
4.074966311454772949e-01
3.328041732311248779e-01
3.469379842281341553e-01
4.431064128875732422e-01
5.576695799827575684e-01
6.430145502090454102e-01
3.769019842147827148e-01
5.549369454383850098e-01
5.387457013130187988e-01
3.277706801891326904e-01
3.834541141986846924e-01
6.349369287490844727e-01
3.341144621372222900e-01
6.395674347877502441e-01
5.714316368103027344e-01
6.189423203468322754e-01
5.041480660438537598e-01
5.275797247886657715e-01
6.223480105400085449e-01
6.008758544921875000e-01
6.001003384590148926e-01
4.254533648490905762e-01
4.881011545658111572e-01
6.073328852653503418e-01
4.119128286838531494e-01
6.347777247428894043e-01
3.396672606468200684e-01
6.420964002609252930e-01
6.351988315582275391e-01
6.459684371948242188e-01
5.236437916755676270e-01
3.463094234466552734e-01
5.968557596206665039e-01
6.280916929244995117e-01
3.867036700248718262e-01
6.095572113990783691e-01
4.736181795597076416e-01
6.208776831626892090e-01
4.239490330219268799e-01
6.447953581809997559e-01
3.802939057350158691e-01
5.568705797195434570e-01
3.367212414741516113e-01
3.383431434631347656e-01
4.565741717815399170e-01
3.538506329059600830e-01
5.108364224433898926e-01
3.297414183616638184e-01
4.750239849090576172e-01
6.031267642974853516e-01
3.564586341381072998e-01
6.378006339073181152e-01
4.733230471611022949e-01
3.251142203807830811e-01
5.789961814880371094e-01
6.419938802719116211e-01
6.228601336479187012e-01
4.866495430469512939e-01
3.567377924919128418e-01
5.742771625518798828e-01
5.500724315643310547e-01
4.113503992557525635e-01
5.870276689529418945e-01
3.379257023334503174e-01
5.158580541610717773e-01
4.213388264179229736e-01
3.478267192840576172e-01
6.526829600334167480e-01
3.413405716419219971e-01
3.381840586662292480e-01
6.381286978721618652e-01
4.431415796279907227e-01
3.676454126834869385e-01
4.208133518695831299e-01
4.664647877216339111e-01
5.728856921195983887e-01
6.134945750236511230e-01
4.263069033622741699e-01
6.302643418312072754e-01
6.029307246208190918e-01
4.573050439357757568e-01
5.471156239509582520e-01
6.369162797927856445e-01
3.313776254653930664e-01
4.097992181777954102e-01
6.320517063140869141e-01
3.338366448879241943e-01
6.301813721656799316e-01
3.621353805065155029e-01
4.615048766136169434e-01
5.925524830818176270e-01
5.297651886940002441e-01
4.269196689128875732e-01
4.014075994491577148e-01
5.793026089668273926e-01
3.785811662673950195e-01
5.471553802490234375e-01
3.829489350318908691e-01
3.621453046798706055e-01
3.852642476558685303e-01
5.419293045997619629e-01
3.310876488685607910e-01
6.038018465042114258e-01
6.436973214149475098e-01
5.013637542724609375e-01
3.527930080890655518e-01
5.608119368553161621e-01
3.366677761077880859e-01
6.509371995925903320e-01
6.261677742004394531e-01
6.322050690650939941e-01
5.872689485549926758e-01
3.630993068218231201e-01
3.384542167186737061e-01
4.917192161083221436e-01
4.244917035102844238e-01
5.639354586601257324e-01
6.246545314788818359e-01
3.575267791748046875e-01
4.516023099422454834e-01
3.405700325965881348e-01
6.492080688476562500e-01
3.744920194149017334e-01
3.817237317562103271e-01
5.946657061576843262e-01
6.105720996856689453e-01
4.275728464126586914e-01
6.103370785713195801e-01
6.284646391868591309e-01
3.405195474624633789e-01
6.351977586746215820e-01
5.675047636032104492e-01
3.654456138610839844e-01
5.202799439430236816e-01
5.961085557937622070e-01
5.242651104927062988e-01
6.307749152183532715e-01
5.447782874107360840e-01
3.452767133712768555e-01
5.166820287704467773e-01
6.321415305137634277e-01
6.106519103050231934e-01
5.499628186225891113e-01
4.044116139411926270e-01
4.474856555461883545e-01
5.359165668487548828e-01
6.346390247344970703e-01
6.197435259819030762e-01
5.380860567092895508e-01
6.230368614196777344e-01
5.953856110572814941e-01
3.672196865081787109e-01
3.300648629665374756e-01
5.867149233818054199e-01
4.113128185272216797e-01
3.324450254440307617e-01
6.322103142738342285e-01
3.777125179767608643e-01
6.160113811492919922e-01
5.903847217559814453e-01
3.227354288101196289e-01
4.592348635196685791e-01
4.127820432186126709e-01
6.067394018173217773e-01
3.779008984565734863e-01
5.066043138504028320e-01
6.242679357528686523e-01
3.249391317367553711e-01
5.056073665618896484e-01
3.897175490856170654e-01
5.948818922042846680e-01
6.462512612342834473e-01
6.237176060676574707e-01
5.509519577026367188e-01
3.931139409542083740e-01
5.993494987487792969e-01
5.722227692604064941e-01
6.093540787696838379e-01
3.845487534999847412e-01
4.484888017177581787e-01
4.747235476970672607e-01
4.342898130416870117e-01
3.835386931896209717e-01
3.833082616329193115e-01
5.711972713470458984e-01
4.368295967578887939e-01
6.329038739204406738e-01
3.448070585727691650e-01
3.305703997611999512e-01
4.879142343997955322e-01
3.663823306560516357e-01
5.816740989685058594e-01
3.590419292449951172e-01
6.095505952835083008e-01
3.764794468879699707e-01
4.657692313194274902e-01
6.522262096405029297e-01
4.951611459255218506e-01
4.027830064296722412e-01
3.796427845954895020e-01
4.666762351989746094e-01
4.318739473819732666e-01
6.499592661857604980e-01
5.402681231498718262e-01
3.452130556106567383e-01
6.045661568641662598e-01
6.334555745124816895e-01
5.949496626853942871e-01
6.278520226478576660e-01
4.888060688972473145e-01
6.460633873939514160e-01
4.931880533695220947e-01
5.007554888725280762e-01
3.223306238651275635e-01
4.297727644443511963e-01
4.422220885753631592e-01
4.286392331123352051e-01
3.405225276947021484e-01
3.346632122993469238e-01
3.353128135204315186e-01
3.787313401699066162e-01
5.576275587081909180e-01
6.116362214088439941e-01
5.239192843437194824e-01
4.500695168972015381e-01
3.363308012485504150e-01
6.489751935005187988e-01
6.288404464721679688e-01
5.972131490707397461e-01
3.397728204727172852e-01
6.113116741180419922e-01
5.615924596786499023e-01
6.235707402229309082e-01
3.719910085201263428e-01
6.221867799758911133e-01
3.669458031654357910e-01
4.606592059135437012e-01
5.936450362205505371e-01
4.081405103206634521e-01
6.508340835571289062e-01
6.443549394607543945e-01
4.416091740131378174e-01
4.975018203258514404e-01
3.610391020774841309e-01
4.684608280658721924e-01
4.181770384311676025e-01
4.126115739345550537e-01
6.088649034500122070e-01
4.621971845626831055e-01
5.566142201423645020e-01
6.400509476661682129e-01
5.918717980384826660e-01
5.038477182388305664e-01
3.621967136859893799e-01
4.021332561969757080e-01
6.106155514717102051e-01
6.472226977348327637e-01
3.192140460014343262e-01
3.310984969139099121e-01
6.498063206672668457e-01
6.497064232826232910e-01
6.423270702362060547e-01
6.112533211708068848e-01
5.516827106475830078e-01
5.228284001350402832e-01
3.414301574230194092e-01
3.623695671558380127e-01
3.972341120243072510e-01
6.468889117240905762e-01
6.363962888717651367e-01
3.778205811977386475e-01
6.464105248451232910e-01
5.997664928436279297e-01
3.306739926338195801e-01
6.426641345024108887e-01
6.005792617797851562e-01
5.661747455596923828e-01
6.425213813781738281e-01
5.475279688835144043e-01
6.416654586791992188e-01
6.101332902908325195e-01
6.231976747512817383e-01
6.493306756019592285e-01
5.785673260688781738e-01
5.247448086738586426e-01
5.860885977745056152e-01
6.318719387054443359e-01
4.689844250679016113e-01
3.484258055686950684e-01
5.169177651405334473e-01
3.574284315109252930e-01
3.855937719345092773e-01
5.802148580551147461e-01
3.752335906028747559e-01
4.099977314472198486e-01
4.529067277908325195e-01
4.321098029613494873e-01
6.401534676551818848e-01
3.364945352077484131e-01
4.153505861759185791e-01
6.111354827880859375e-01
4.175826907157897949e-01
6.320440769195556641e-01
4.361742436885833740e-01
6.340523362159729004e-01
3.867723345756530762e-01
6.161689758300781250e-01
5.526993274688720703e-01
5.534756183624267578e-01
4.967956840991973877e-01
6.076741814613342285e-01
5.480167269706726074e-01
5.796769857406616211e-01
5.881742835044860840e-01
5.486091375350952148e-01
6.480808258056640625e-01
6.520635485649108887e-01
4.005056023597717285e-01
5.274918079376220703e-01
6.277493238449096680e-01
3.785996139049530029e-01
6.388977169990539551e-01
4.578824639320373535e-01
5.591925978660583496e-01
5.909727215766906738e-01
5.713887810707092285e-01
3.810060918331146240e-01
6.310323476791381836e-01
3.371837437152862549e-01
6.367616057395935059e-01
5.582839250564575195e-01
6.294023990631103516e-01
6.248155236244201660e-01
4.233789443969726562e-01
4.478440582752227783e-01
4.460473358631134033e-01
6.460577249526977539e-01
3.378562927246093750e-01
5.351561903953552246e-01
5.503338575363159180e-01
3.277417719364166260e-01
4.661183059215545654e-01
6.229259371757507324e-01
6.230847239494323730e-01
4.160846769809722900e-01
3.583337664604187012e-01
5.178063511848449707e-01
3.475119471549987793e-01
4.072242677211761475e-01
3.438309133052825928e-01
3.515436649322509766e-01
4.299355447292327881e-01
6.254746913909912109e-01
6.405492424964904785e-01
3.309448361396789551e-01
4.057826399803161621e-01
4.691941738128662109e-01
4.419160485267639160e-01
3.274400532245635986e-01
3.316366374492645264e-01
4.758251905441284180e-01
3.244438171386718750e-01
5.914602279663085938e-01
6.407589912414550781e-01
6.514598131179809570e-01
6.259585618972778320e-01
3.800459504127502441e-01
3.183739185333251953e-01
6.202518343925476074e-01
6.491637229919433594e-01
6.431954503059387207e-01
6.457510590553283691e-01
4.037731289863586426e-01
3.282711803913116455e-01
4.784285426139831543e-01
3.768869340419769287e-01
4.012151062488555908e-01
5.990152359008789062e-01
5.841284394264221191e-01
6.205398440361022949e-01
4.445973634719848633e-01
4.849684536457061768e-01
3.422636985778808594e-01
6.446418166160583496e-01
6.022364497184753418e-01
4.342020452022552490e-01
6.235444545745849609e-01
6.290625333786010742e-01
6.324765086174011230e-01
3.957706093788146973e-01
5.124324560165405273e-01
5.569252967834472656e-01
6.501489281654357910e-01
3.542486131191253662e-01
4.897237718105316162e-01
3.381016552448272705e-01
3.800297379493713379e-01
6.241732835769653320e-01
6.466192007064819336e-01
5.764293670654296875e-01
5.913182497024536133e-01
6.363531351089477539e-01
6.432017087936401367e-01
5.106903314590454102e-01
3.412822782993316650e-01
4.089075624942779541e-01
6.409109234809875488e-01
3.792540729045867920e-01
3.227519392967224121e-01
4.812310636043548584e-01
4.995138645172119141e-01
6.501226425170898438e-01
3.360390365123748779e-01
3.974360525608062744e-01
6.535542011260986328e-01
3.321782648563385010e-01
4.993805289268493652e-01
3.590864837169647217e-01
6.493456363677978516e-01
5.742857456207275391e-01
5.347176194190979004e-01
4.622271955013275146e-01
3.210519850254058838e-01
5.445706844329833984e-01
4.094499647617340088e-01
3.800253868103027344e-01
3.536568582057952881e-01
3.254214823246002197e-01
6.273218989372253418e-01
3.687541484832763672e-01
6.294858455657958984e-01
3.789866864681243896e-01
3.438255786895751953e-01
6.167571544647216797e-01
6.313681006431579590e-01
3.634546697139739990e-01
6.289410591125488281e-01
5.999678969383239746e-01
4.318672120571136475e-01
3.880839943885803223e-01
3.564568161964416504e-01
5.685742497444152832e-01
6.193109750747680664e-01
6.149100661277770996e-01
4.410109519958496094e-01
6.469821929931640625e-01
5.988372564315795898e-01
6.289051175117492676e-01
3.912748098373413086e-01
3.627447485923767090e-01
6.512431502342224121e-01
4.845628142356872559e-01
6.153610348701477051e-01
6.006839275360107422e-01
3.834987878799438477e-01
4.522479176521301270e-01
3.301479220390319824e-01
4.866903722286224365e-01
6.186536550521850586e-01
3.486714065074920654e-01
4.880097210407257080e-01
3.587845861911773682e-01
4.415939450263977051e-01
6.414321064949035645e-01
6.089807152748107910e-01
4.104013144969940186e-01
3.611573576927185059e-01
5.184478759765625000e-01
3.686449527740478516e-01
3.912962675094604492e-01
6.231294870376586914e-01
6.336535215377807617e-01
4.233202040195465088e-01
3.614113032817840576e-01
5.813794732093811035e-01
5.347886085510253906e-01
5.621469020843505859e-01
3.414862453937530518e-01
6.444133520126342773e-01
3.285870254039764404e-01
3.848695755004882812e-01
6.449820399284362793e-01
4.855499863624572754e-01
5.416116714477539062e-01
3.447532057762145996e-01
3.971152007579803467e-01
5.790030956268310547e-01
6.207784414291381836e-01
5.938748121261596680e-01
3.840231001377105713e-01
4.426374733448028564e-01
6.466607451438903809e-01
6.283578872680664062e-01
4.495236575603485107e-01
5.846612453460693359e-01
5.757711529731750488e-01
6.417292952537536621e-01
3.656239509582519531e-01
3.325345218181610107e-01
3.292793035507202148e-01
4.070544838905334473e-01
5.942907333374023438e-01
5.873389244079589844e-01
6.496531367301940918e-01
6.017088890075683594e-01
4.163524806499481201e-01
5.683518052101135254e-01
6.158407926559448242e-01
6.367923021316528320e-01
6.135807037353515625e-01
3.932248055934906006e-01
3.373003005981445312e-01
4.607759714126586914e-01
3.513563871383666992e-01
4.544894397258758545e-01
4.483024179935455322e-01
5.196836590766906738e-01
6.487868428230285645e-01
4.909052848815917969e-01
5.295395851135253906e-01
5.133739113807678223e-01
6.383615136146545410e-01
4.417606890201568604e-01
4.966511726379394531e-01
6.344626545906066895e-01
6.265178322792053223e-01
5.057420730590820312e-01
6.402038931846618652e-01
5.561721920967102051e-01
3.924722671508789062e-01
3.781468868255615234e-01
5.015802979469299316e-01
3.391123712062835693e-01
5.541254878044128418e-01
4.872263967990875244e-01
4.554661512374877930e-01
4.906561076641082764e-01
5.638988018035888672e-01
4.949005544185638428e-01
5.614486932754516602e-01
6.278074383735656738e-01
3.576561510562896729e-01
6.139114499092102051e-01
4.063251912593841553e-01
6.388008594512939453e-01
6.195817589759826660e-01
5.674974918365478516e-01
6.465745568275451660e-01
5.104576945304870605e-01
5.110130906105041504e-01
4.998650252819061279e-01
5.377334952354431152e-01
5.220090746879577637e-01
3.633580207824707031e-01
3.259776532649993896e-01
6.136094331741333008e-01
5.557133555412292480e-01
6.411080956459045410e-01
6.326574683189392090e-01
5.462589859962463379e-01
6.181104183197021484e-01
3.977974951267242432e-01
5.529623627662658691e-01
6.411355137825012207e-01
6.172819137573242188e-01
6.311663389205932617e-01
5.127327442169189453e-01
3.843189179897308350e-01
3.838573396205902100e-01
6.260433793067932129e-01
5.497012138366699219e-01
3.373173177242279053e-01
6.340450644493103027e-01
4.348664581775665283e-01
6.462845206260681152e-01
5.890179276466369629e-01
6.102627515792846680e-01
6.533371210098266602e-01
4.875929653644561768e-01
6.001408696174621582e-01
6.186589002609252930e-01
6.136780977249145508e-01
3.337764143943786621e-01
3.336410820484161377e-01
5.734815597534179688e-01
3.880898952484130859e-01
6.374177932739257812e-01
3.202104270458221436e-01
4.776757955551147461e-01
6.115087866783142090e-01
4.066914319992065430e-01
3.475534319877624512e-01
3.235446214675903320e-01
5.986211895942687988e-01
5.282032489776611328e-01
5.940049290657043457e-01
6.364987492561340332e-01
3.529465496540069580e-01
5.783290863037109375e-01
5.557639598846435547e-01
5.458222031593322754e-01
3.965037465095520020e-01
6.232816576957702637e-01
3.423004448413848877e-01
3.305810689926147461e-01
6.533505320549011230e-01
6.428087353706359863e-01
4.441150128841400146e-01
6.112011671066284180e-01
6.268106102943420410e-01
6.214737296104431152e-01
3.190433382987976074e-01
6.441389322280883789e-01
6.358977556228637695e-01
4.006852507591247559e-01
6.193361282348632812e-01
3.722051680088043213e-01
3.862058818340301514e-01
5.474032163619995117e-01
6.235713958740234375e-01
6.400843858718872070e-01
4.187358915805816650e-01
5.383077263832092285e-01
6.454684138298034668e-01
3.960087895393371582e-01
6.462368369102478027e-01
3.558278679847717285e-01
3.387527167797088623e-01
6.468703150749206543e-01
6.284158825874328613e-01
4.217857718467712402e-01
5.488557219505310059e-01
3.887110352516174316e-01
3.748305737972259521e-01
3.402691483497619629e-01
6.403472423553466797e-01
4.153309166431427002e-01
6.513904929161071777e-01
3.250573575496673584e-01
6.009767055511474609e-01
5.256682038307189941e-01
6.308264136314392090e-01
3.886163234710693359e-01
5.413655042648315430e-01
5.089696645736694336e-01
3.762212991714477539e-01
6.109495162963867188e-01
3.464762270450592041e-01
3.283604383468627930e-01
6.370614767074584961e-01
3.939336836338043213e-01
3.237405717372894287e-01
3.717737495899200439e-01
3.693161010742187500e-01
3.624621629714965820e-01
5.488018989562988281e-01
3.304823637008666992e-01
6.426466703414916992e-01
3.248516321182250977e-01
5.542627573013305664e-01
3.222967088222503662e-01
6.271489858627319336e-01
4.226812422275543213e-01
5.117169022560119629e-01
6.326540112495422363e-01
4.944719672203063965e-01
6.252684593200683594e-01
3.914338648319244385e-01
6.004664897918701172e-01
3.283323049545288086e-01
5.910826325416564941e-01
6.091628670692443848e-01
6.500720977783203125e-01
4.591740369796752930e-01
3.901329338550567627e-01
5.994235277175903320e-01
6.313060522079467773e-01
5.605831146240234375e-01
6.073461771011352539e-01
6.455996632575988770e-01
6.445471048355102539e-01
6.371460556983947754e-01
5.987970829010009766e-01
3.311921060085296631e-01
6.110082268714904785e-01
4.477372467517852783e-01
3.315031826496124268e-01
4.066689312458038330e-01
3.803582191467285156e-01
3.925352096557617188e-01
6.291194558143615723e-01
6.191642284393310547e-01
5.980480313301086426e-01
6.106340289115905762e-01
3.490853905677795410e-01
4.193089604377746582e-01
3.277754783630371094e-01
5.174902081489562988e-01
6.280982494354248047e-01
3.396275639533996582e-01
5.251865983009338379e-01
3.269360959529876709e-01
5.595991015434265137e-01
5.957038998603820801e-01
5.538979172706604004e-01
6.354970932006835938e-01
5.116255283355712891e-01
6.182063817977905273e-01
6.252965927124023438e-01
6.162630915641784668e-01
3.784548640251159668e-01
4.349354207515716553e-01
4.168592095375061035e-01
3.269056677818298340e-01
6.293450593948364258e-01
3.379742205142974854e-01
4.959968328475952148e-01
5.725316405296325684e-01
4.093423187732696533e-01
4.077145159244537354e-01
6.493933796882629395e-01
3.372501730918884277e-01
5.507099628448486328e-01
4.355305135250091553e-01
4.735808670520782471e-01
3.368795812129974365e-01
6.139125823974609375e-01
5.987495183944702148e-01
5.523123145103454590e-01
3.241672515869140625e-01
3.366419970989227295e-01
3.649968504905700684e-01
3.654890954494476318e-01
4.813253879547119141e-01
3.247622549533843994e-01
3.262411355972290039e-01
3.737907111644744873e-01
6.503905057907104492e-01
6.518165469169616699e-01
3.411877751350402832e-01
3.346747159957885742e-01
5.079475641250610352e-01
6.427947878837585449e-01
3.432427346706390381e-01
6.481226086616516113e-01
3.178953528404235840e-01
3.802656829357147217e-01
6.224197745323181152e-01
6.525431275367736816e-01
4.818005263805389404e-01
6.358818411827087402e-01
5.817490816116333008e-01
3.493638932704925537e-01
4.463050067424774170e-01
3.273718357086181641e-01
6.404836773872375488e-01
5.335553288459777832e-01
6.460420489311218262e-01
5.901645421981811523e-01
6.508322954177856445e-01
3.203130662441253662e-01
3.190691769123077393e-01
4.911876618862152100e-01
6.449635028839111328e-01
6.130251288414001465e-01
4.360859096050262451e-01
3.441505134105682373e-01
4.034762978553771973e-01
6.296983361244201660e-01
5.693734884262084961e-01
6.460230350494384766e-01
6.046208739280700684e-01
3.652606308460235596e-01
3.597913682460784912e-01
5.293810367584228516e-01
5.635258555412292480e-01
5.969347357749938965e-01
6.434713006019592285e-01
3.915709257125854492e-01
4.262467622756958008e-01
3.480014204978942871e-01
4.004929363727569580e-01
6.392239928245544434e-01
4.983251988887786865e-01
5.039227604866027832e-01
6.500527262687683105e-01
3.429339230060577393e-01
3.726179897785186768e-01
4.483082592487335205e-01
6.451703906059265137e-01
3.284900188446044922e-01
6.365870237350463867e-01
3.811161816120147705e-01
6.415750384330749512e-01
6.464688181877136230e-01
6.287659406661987305e-01
3.431554436683654785e-01
3.395882844924926758e-01
6.299081444740295410e-01
3.893615007400512695e-01
6.490882039070129395e-01
4.341003000736236572e-01
6.350092887878417969e-01
4.771402776241302490e-01
3.199477791786193848e-01
6.510687470436096191e-01
4.171970486640930176e-01
4.889082312583923340e-01
4.409710466861724854e-01
5.696395039558410645e-01
4.887973964214324951e-01
5.021600723266601562e-01
4.573668837547302246e-01
6.102690100669860840e-01
3.371344208717346191e-01
4.205240607261657715e-01
3.735493421554565430e-01
6.458560824394226074e-01
3.416091799736022949e-01
5.493959188461303711e-01
3.437152504920959473e-01
6.403440237045288086e-01
3.636595606803894043e-01
4.099394679069519043e-01
5.490531921386718750e-01
3.279343247413635254e-01
4.200939238071441650e-01
5.477371215820312500e-01
3.318875133991241455e-01
5.699954628944396973e-01
5.990281701087951660e-01
4.558640718460083008e-01
5.820659995079040527e-01
3.462840616703033447e-01
3.761286735534667969e-01
3.930764794349670410e-01
4.341924190521240234e-01
3.627057671546936035e-01
6.030545234680175781e-01
3.301749527454376221e-01
6.405267119407653809e-01
6.423413157463073730e-01
4.101981520652770996e-01
6.353214979171752930e-01
3.506245911121368408e-01
6.036944389343261719e-01
6.128069758415222168e-01
6.219277977943420410e-01
3.756688833236694336e-01
3.419035077095031738e-01
6.462157368659973145e-01
6.337467432022094727e-01
4.446183741092681885e-01
3.807092010974884033e-01
6.151576042175292969e-01
5.517961382865905762e-01
6.423320770263671875e-01
6.117813587188720703e-01
5.858838558197021484e-01
4.509401023387908936e-01
6.531910300254821777e-01
3.430853784084320068e-01
6.351599097251892090e-01
6.469151377677917480e-01
3.252319097518920898e-01
3.567104637622833252e-01
4.100778400897979736e-01
6.028928756713867188e-01
5.592418909072875977e-01
6.405788660049438477e-01
3.295241296291351318e-01
5.001646280288696289e-01
3.627810478210449219e-01
6.223601102828979492e-01
6.353284716606140137e-01
3.904328048229217529e-01
3.332658708095550537e-01
3.881869316101074219e-01
4.518691003322601318e-01
6.099491119384765625e-01
5.359582304954528809e-01
6.016510128974914551e-01
4.325009286403656006e-01
3.275187611579895020e-01
4.739054441452026367e-01
4.983577728271484375e-01
5.948217511177062988e-01
5.005738139152526855e-01
3.636339008808135986e-01
3.510254919528961182e-01
3.567822277545928955e-01
6.199784874916076660e-01
5.275295972824096680e-01
6.445332169532775879e-01
4.106323122978210449e-01
4.730842709541320801e-01
4.147931039333343506e-01
6.058622598648071289e-01
5.990963578224182129e-01
3.456058800220489502e-01
5.493658781051635742e-01
6.283307671546936035e-01
4.826375842094421387e-01
6.335849761962890625e-01
4.092327356338500977e-01
3.255932331085205078e-01
4.359321892261505127e-01
4.928625822067260742e-01
5.654193758964538574e-01
5.836027860641479492e-01
6.508559584617614746e-01
3.356868028640747070e-01
3.503548502922058105e-01
4.425031244754791260e-01
4.694862663745880127e-01
5.795035362243652344e-01
3.541016578674316406e-01
4.264041483402252197e-01
6.345952749252319336e-01
3.794775903224945068e-01
6.197725534439086914e-01
5.163754820823669434e-01
6.487330794334411621e-01
5.685879588127136230e-01
6.131417155265808105e-01
6.524372696876525879e-01
6.506171822547912598e-01
3.177252709865570068e-01
3.333142697811126709e-01
4.177515506744384766e-01
3.314909338951110840e-01
6.474919915199279785e-01
4.850957691669464111e-01
4.533600509166717529e-01
6.039006114006042480e-01
3.885497152805328369e-01
3.554655909538269043e-01
5.052229762077331543e-01
5.250431895256042480e-01
6.454583406448364258e-01
6.112119555473327637e-01
4.219234585762023926e-01
6.267787814140319824e-01
3.201510608196258545e-01
6.216794252395629883e-01
6.447634100914001465e-01
5.037078857421875000e-01
6.331057548522949219e-01
6.046964526176452637e-01
6.046586036682128906e-01
3.984996080398559570e-01
5.960324406623840332e-01
5.945534706115722656e-01
3.349244594573974609e-01
4.756325781345367432e-01
3.397422432899475098e-01
4.256319999694824219e-01
5.155435800552368164e-01
5.813481211662292480e-01
6.480367779731750488e-01
3.748019039630889893e-01
5.590340495109558105e-01
5.880112648010253906e-01
4.210141599178314209e-01
3.251552581787109375e-01
5.326560139656066895e-01
3.879621624946594238e-01
3.807238042354583740e-01
3.431584537029266357e-01
5.709267854690551758e-01
6.455877423286437988e-01
3.362165689468383789e-01
5.483371615409851074e-01
5.280015468597412109e-01
5.204086899757385254e-01
3.231415748596191406e-01
3.773114979267120361e-01
3.384982943534851074e-01
6.284390687942504883e-01
3.395406901836395264e-01
5.123227834701538086e-01
6.289575695991516113e-01
3.442262709140777588e-01
6.413066387176513672e-01
3.956214189529418945e-01
4.918471276760101318e-01
6.040981411933898926e-01
5.949093103408813477e-01
3.397930264472961426e-01
6.438711881637573242e-01
5.485386848449707031e-01
3.219421207904815674e-01
5.378863811492919922e-01
6.005205512046813965e-01
6.388857364654541016e-01
4.077102243900299072e-01
5.093131065368652344e-01
3.768235146999359131e-01
3.785674571990966797e-01
3.243093490600585938e-01
5.747634172439575195e-01
3.245595693588256836e-01
5.235689282417297363e-01
4.813078045845031738e-01
3.297011852264404297e-01
6.504603028297424316e-01
5.250620841979980469e-01
3.766924440860748291e-01
3.312786519527435303e-01
5.194475054740905762e-01
6.455906033515930176e-01
3.415810763835906982e-01
3.287155628204345703e-01
6.470832228660583496e-01
6.056067943572998047e-01
3.431277275085449219e-01
4.548396766185760498e-01
6.159672737121582031e-01
3.719562888145446777e-01
3.412526845932006836e-01
5.021269321441650391e-01
6.458330750465393066e-01
5.515942573547363281e-01
5.518236756324768066e-01
4.541985690593719482e-01
6.078909635543823242e-01
6.389045119285583496e-01
3.439820706844329834e-01
6.304032206535339355e-01
3.502497673034667969e-01
4.192431569099426270e-01
6.445171833038330078e-01
6.367364525794982910e-01
6.341930031776428223e-01
3.570486605167388916e-01
3.400572538375854492e-01
3.548221886157989502e-01
3.735345602035522461e-01
5.545705556869506836e-01
6.166501641273498535e-01
4.847805798053741455e-01
4.483765959739685059e-01
6.100655198097229004e-01
6.235659718513488770e-01
6.345104575157165527e-01
5.843067169189453125e-01
3.737411499023437500e-01
6.157577633857727051e-01
3.605964779853820801e-01
5.986000895500183105e-01
3.672651648521423340e-01
6.382286548614501953e-01
4.122493565082550049e-01
3.885936439037322998e-01
4.530168473720550537e-01
5.798617005348205566e-01
6.106041669845581055e-01
6.217634677886962891e-01
4.064760804176330566e-01
6.450012922286987305e-01
5.424646139144897461e-01
4.268977940082550049e-01
6.367772221565246582e-01
6.424127817153930664e-01
3.302583098411560059e-01
5.899024605751037598e-01
6.273952126502990723e-01
4.000826776027679443e-01
6.424142718315124512e-01
3.541961312294006348e-01
4.695813059806823730e-01
5.161104798316955566e-01
3.163007497787475586e-01
3.553951680660247803e-01
4.655308425426483154e-01
4.774366021156311035e-01
4.565339088439941406e-01
6.122782826423645020e-01
3.225435316562652588e-01
3.397083282470703125e-01
5.914610624313354492e-01
6.301161050796508789e-01
3.743771910667419434e-01
4.500739574432373047e-01
6.276726126670837402e-01
5.914211869239807129e-01
4.313244223594665527e-01
3.590103983879089355e-01
6.460371017456054688e-01
4.637602269649505615e-01
6.066459417343139648e-01
4.217213988304138184e-01
3.356361091136932373e-01
3.550990223884582520e-01
3.663752377033233643e-01
3.638653755187988281e-01
3.858136832714080811e-01
6.157723069190979004e-01
4.978716671466827393e-01
3.463464975357055664e-01
5.903656482696533203e-01
3.907842338085174561e-01
3.341225385665893555e-01
6.187610626220703125e-01
3.346187472343444824e-01
5.715240240097045898e-01
6.177530288696289062e-01
3.463155031204223633e-01
3.424493670463562012e-01
3.443142473697662354e-01
3.613431453704833984e-01
6.163786649703979492e-01
6.532161235809326172e-01
4.373241662979125977e-01
6.223842501640319824e-01
3.749596476554870605e-01
6.187649965286254883e-01
5.958818793296813965e-01
6.486847400665283203e-01
6.196789741516113281e-01
4.944130778312683105e-01
3.679700493812561035e-01
6.488766074180603027e-01
6.102206110954284668e-01
3.211628794670104980e-01
3.274137675762176514e-01
3.724554479122161865e-01
6.344599127769470215e-01
5.537163019180297852e-01
6.368995904922485352e-01
4.238216280937194824e-01
6.412777304649353027e-01
6.298811435699462891e-01
3.282471895217895508e-01
6.397747993469238281e-01
3.501858413219451904e-01
5.337787866592407227e-01
5.339044332504272461e-01
3.913487792015075684e-01
5.313609838485717773e-01
3.819786906242370605e-01
6.126710772514343262e-01
6.006610989570617676e-01
6.513792872428894043e-01
5.891463756561279297e-01
6.438384056091308594e-01
6.141344904899597168e-01
6.472124457359313965e-01
5.246033072471618652e-01
6.424167156219482422e-01
6.301528811454772949e-01
6.401690840721130371e-01
3.772386014461517334e-01
4.264653623104095459e-01
4.607216715812683105e-01
6.028327941894531250e-01
3.712181746959686279e-01
5.367467403411865234e-01
4.435073435306549072e-01
6.390487551689147949e-01
3.854224979877471924e-01
3.899137973785400391e-01
3.623331487178802490e-01
5.743696093559265137e-01
6.306427717208862305e-01
6.477917432785034180e-01
6.350822448730468750e-01
6.202968358993530273e-01
3.746487200260162354e-01
6.337605714797973633e-01
5.587421655654907227e-01
6.504362821578979492e-01
5.049213767051696777e-01
5.147076845169067383e-01
3.336931467056274414e-01
6.533603668212890625e-01
5.512245297431945801e-01
4.786342978477478027e-01
3.843505382537841797e-01
6.473060846328735352e-01
6.191051006317138672e-01
6.248369216918945312e-01
5.805681347846984863e-01
4.057866334915161133e-01
4.396617114543914795e-01
4.305315613746643066e-01
3.323140442371368408e-01
5.071246623992919922e-01
3.506314456462860107e-01
3.741066455841064453e-01
6.177803277969360352e-01
4.343910813331604004e-01
6.166089177131652832e-01
5.948888063430786133e-01
3.854233324527740479e-01
6.382573246955871582e-01
6.091740131378173828e-01
5.545707345008850098e-01
6.058087348937988281e-01
3.999961912631988525e-01
3.994643092155456543e-01
3.846116960048675537e-01
3.907260894775390625e-01
5.321826338768005371e-01
6.191588044166564941e-01
4.425678551197052002e-01
6.521834731101989746e-01
6.408097147941589355e-01
3.198106884956359863e-01
6.481938362121582031e-01
