3.648184239864349365e-01
5.293349027633666992e-01
5.572249889373779297e-01
5.147923827171325684e-01
3.595532774925231934e-01
3.847989439964294434e-01
3.675136566162109375e-01
5.302285552024841309e-01
4.320695698261260986e-01
5.311880707740783691e-01
4.525970220565795898e-01
4.962158203125000000e-01
3.419175446033477783e-01
5.580506920814514160e-01
5.588244199752807617e-01
3.564422130584716797e-01
5.589498877525329590e-01
3.748463392257690430e-01
3.786680400371551514e-01
5.938245654106140137e-01
4.198858141899108887e-01
3.518827259540557861e-01
5.943166613578796387e-01
5.447129011154174805e-01
5.447196364402770996e-01
5.044373869895935059e-01
6.039494872093200684e-01
4.914746880531311035e-01
6.030219197273254395e-01
4.121883809566497803e-01
3.787076473236083984e-01
3.767639994621276855e-01
5.493609905242919922e-01
6.178190708160400391e-01
4.249551594257354736e-01
6.161276102066040039e-01
6.210919022560119629e-01
5.620911717414855957e-01
3.476330935955047607e-01
3.664403557777404785e-01
3.592935800552368164e-01
3.481473922729492188e-01
3.802281916141510010e-01
6.032957434654235840e-01
3.670620024204254150e-01
5.082911252975463867e-01
5.394572019577026367e-01
5.745685696601867676e-01
6.027653217315673828e-01
6.183382272720336914e-01
6.050190329551696777e-01
3.720321655273437500e-01
5.090321898460388184e-01
4.971928596496582031e-01
4.241560995578765869e-01
3.523600101470947266e-01
6.041103005409240723e-01
5.891602039337158203e-01
6.105130314826965332e-01
4.461754560470581055e-01
6.045902967453002930e-01
6.028054356575012207e-01
3.946322500705718994e-01
3.460281491279602051e-01
6.130263805389404297e-01
5.172219872474670410e-01
5.866819620132446289e-01
5.886218547821044922e-01
5.745984911918640137e-01
4.815140366554260254e-01
4.210516214370727539e-01
5.748753547668457031e-01
3.656872510910034180e-01
5.362366437911987305e-01
5.985200405120849609e-01
5.973146557807922363e-01
3.623718917369842529e-01
6.196335554122924805e-01
5.520297884941101074e-01
3.650457859039306641e-01
6.218019127845764160e-01
3.427743017673492432e-01
5.781542062759399414e-01
5.947037935256958008e-01
3.971833586692810059e-01
5.988430380821228027e-01
5.569584369659423828e-01
6.025505065917968750e-01
4.960952699184417725e-01
4.277873039245605469e-01
3.981544673442840576e-01
5.269589424133300781e-01
6.124618053436279297e-01
4.302421808242797852e-01
3.796563744544982910e-01
3.510689735412597656e-01
3.719139993190765381e-01
3.888509273529052734e-01
5.611968040466308594e-01
5.743873715400695801e-01
3.886712789535522461e-01
5.553864240646362305e-01
4.570125937461853027e-01
6.111825704574584961e-01
5.634558796882629395e-01
3.933032751083374023e-01
4.716086089611053467e-01
6.200466752052307129e-01
3.588565289974212646e-01
3.653030991554260254e-01
4.303070008754730225e-01
3.963767290115356445e-01
6.225639581680297852e-01
5.848373770713806152e-01
3.717117309570312500e-01
5.459163784980773926e-01
5.390645861625671387e-01
5.961680412292480469e-01
6.162184476852416992e-01
3.520630300045013428e-01
3.948294520378112793e-01
6.027754545211791992e-01
6.051560044288635254e-01
5.380564928054809570e-01
5.701957941055297852e-01
5.453346967697143555e-01
6.099251508712768555e-01
5.328212380409240723e-01
6.089586615562438965e-01
5.130395889282226562e-01
5.752623081207275391e-01
6.291047334671020508e-01
3.507256209850311279e-01
4.966999292373657227e-01
6.212943196296691895e-01
4.820337593555450439e-01
3.519616127014160156e-01
6.292679309844970703e-01
4.003897011280059814e-01
4.805197417736053467e-01
3.517416715621948242e-01
5.634250640869140625e-01
6.074218750000000000e-01
4.889291822910308838e-01
4.343307614326477051e-01
4.630052745342254639e-01
4.878433048725128174e-01
6.086945533752441406e-01
6.016728281974792480e-01
4.902129769325256348e-01
6.243266463279724121e-01
3.788234293460845947e-01
5.646747946739196777e-01
4.719916880130767822e-01
5.104323029518127441e-01
3.553897440433502197e-01
3.515682816505432129e-01
4.948166012763977051e-01
4.032875299453735352e-01
3.496972322463989258e-01
4.465435743331909180e-01
5.745114684104919434e-01
4.120453000068664551e-01
5.697056651115417480e-01
3.448579013347625732e-01
3.682892024517059326e-01
5.428380370140075684e-01
3.636090755462646484e-01
6.234541535377502441e-01
5.549604296684265137e-01
3.563199341297149658e-01
5.828533768653869629e-01
5.493112802505493164e-01
6.297730803489685059e-01
5.978752970695495605e-01
3.746438324451446533e-01
3.841581046581268311e-01
6.258518695831298828e-01
3.881120085716247559e-01
6.001393198966979980e-01
5.752968192100524902e-01
5.947475433349609375e-01
5.969319939613342285e-01
4.284960925579071045e-01
3.734914660453796387e-01
3.902762830257415771e-01
3.731076419353485107e-01
4.482340216636657715e-01
3.667124509811401367e-01
3.545027971267700195e-01
3.577462136745452881e-01
6.066111922264099121e-01
6.190193891525268555e-01
3.492776155471801758e-01
3.955078423023223877e-01
4.686674773693084717e-01
3.886583447456359863e-01
6.275964379310607910e-01
5.984062552452087402e-01
4.700717031955718994e-01
5.836067199707031250e-01
4.609718024730682373e-01
4.561548829078674316e-01
4.817294180393218994e-01
5.676872134208679199e-01
3.670120537281036377e-01
4.250784218311309814e-01
5.820458531379699707e-01
3.606571257114410400e-01
5.853357911109924316e-01
3.929269015789031982e-01
3.741252422332763672e-01
3.906132876873016357e-01
4.030663073062896729e-01
3.537417054176330566e-01
4.017498195171356201e-01
4.071422815322875977e-01
3.964090943336486816e-01
5.962813496589660645e-01
3.870558142662048340e-01
3.629708290100097656e-01
3.880113959312438965e-01
4.797927439212799072e-01
4.268519878387451172e-01
3.739316761493682861e-01
3.589440882205963135e-01
4.112624824047088623e-01
6.273679733276367188e-01
3.672739565372467041e-01
5.749259591102600098e-01
4.585681855678558350e-01
5.394073724746704102e-01
5.258251428604125977e-01
6.105411052703857422e-01
3.596342206001281738e-01
4.350265264511108398e-01
6.037632226943969727e-01
3.632975816726684570e-01
4.141297936439514160e-01
4.617974460124969482e-01
4.999017417430877686e-01
3.966824412345886230e-01
4.122460186481475830e-01
3.788067102432250977e-01
5.912298560142517090e-01
5.695816278457641602e-01
4.961277842521667480e-01
5.556986331939697266e-01
5.069110393524169922e-01
4.311837852001190186e-01
6.113044023513793945e-01
5.548399686813354492e-01
3.927257657051086426e-01
3.805726468563079834e-01
5.500578880310058594e-01
6.218117475509643555e-01
3.883799910545349121e-01
3.740037679672241211e-01
5.570843219757080078e-01
3.641963899135589600e-01
6.242578029632568359e-01
4.157813489437103271e-01
5.863135457038879395e-01
5.074644088745117188e-01
4.710432589054107666e-01
6.195421218872070312e-01
3.752665519714355469e-01
5.509444475173950195e-01
6.143217682838439941e-01
6.071801781654357910e-01
5.844657421112060547e-01
5.506641864776611328e-01
4.558089673519134521e-01
3.656269609928131104e-01
3.827268183231353760e-01
3.930335938930511475e-01
4.070110321044921875e-01
5.715480446815490723e-01
3.764914870262145996e-01
4.026317298412322998e-01
5.805623531341552734e-01
4.249852001667022705e-01
4.552124738693237305e-01
5.949172377586364746e-01
4.947798252105712891e-01
4.348894953727722168e-01
3.470847606658935547e-01
6.121727228164672852e-01
5.934078097343444824e-01
3.807865083217620850e-01
3.631078004837036133e-01
5.619918704032897949e-01
6.261658668518066406e-01
4.155496656894683838e-01
3.712021112442016602e-01
5.723267197608947754e-01
6.040770411491394043e-01
6.046957373619079590e-01
3.751052618026733398e-01
3.612246215343475342e-01
5.290028452873229980e-01
5.901061296463012695e-01
4.777965843677520752e-01
3.655230998992919922e-01
5.087690353393554688e-01
3.661760389804840088e-01
5.445504784584045410e-01
6.231630444526672363e-01
6.136755347251892090e-01
5.588913559913635254e-01
6.174671053886413574e-01
6.063168048858642578e-01
5.891826748847961426e-01
3.877615630626678467e-01
3.763321936130523682e-01
5.208252072334289551e-01
5.509226322174072266e-01
3.535058498382568359e-01
3.450958132743835449e-01
6.177012920379638672e-01
4.468699991703033447e-01
5.477268099784851074e-01
6.052941083908081055e-01
3.585727214813232422e-01
6.004774570465087891e-01
4.051788747310638428e-01
3.836394846439361572e-01
3.539798259735107422e-01
6.184471845626831055e-01
5.475910305976867676e-01
6.018050909042358398e-01
5.924701094627380371e-01
5.958290100097656250e-01
6.233880519866943359e-01
5.644057393074035645e-01
3.568049371242523193e-01
4.702501595020294189e-01
3.827924132347106934e-01
5.631889104843139648e-01
5.150100588798522949e-01
3.767994940280914307e-01
3.730446100234985352e-01
3.906481564044952393e-01
6.223908066749572754e-01
6.125229597091674805e-01
4.885885417461395264e-01
5.701138377189636230e-01
3.881021738052368164e-01
5.957671999931335449e-01
3.554703295230865479e-01
6.210689544677734375e-01
4.584390819072723389e-01
4.057358503341674805e-01
6.107146739959716797e-01
4.518395960330963135e-01
6.232292056083679199e-01
5.333634614944458008e-01
6.100752949714660645e-01
4.297266602516174316e-01
4.516507983207702637e-01
4.249753057956695557e-01
3.707501590251922607e-01
6.043453812599182129e-01
5.566717982292175293e-01
3.550720810890197754e-01
3.600558340549468994e-01
5.859631299972534180e-01
3.737980425357818604e-01
4.660262763500213623e-01
5.972923636436462402e-01
6.030148863792419434e-01
3.917062282562255859e-01
5.953346490859985352e-01
3.788673579692840576e-01
5.967335700988769531e-01
6.120288372039794922e-01
3.718187212944030762e-01
5.892789363861083984e-01
6.288637518882751465e-01
6.190916895866394043e-01
4.788721203804016113e-01
6.260365843772888184e-01
4.107821285724639893e-01
5.733951330184936523e-01
3.470753729343414307e-01
4.890522658824920654e-01
6.214146018028259277e-01
4.393710792064666748e-01
5.814013481140136719e-01
3.474763631820678711e-01
4.201296567916870117e-01
4.422277808189392090e-01
5.631828904151916504e-01
5.401456356048583984e-01
3.825750350952148438e-01
5.904279351234436035e-01
6.229220032691955566e-01
4.149123430252075195e-01
5.661783814430236816e-01
4.220103323459625244e-01
5.020175576210021973e-01
5.444096326828002930e-01
3.523680567741394043e-01
3.632428348064422607e-01
3.587989211082458496e-01
6.150715947151184082e-01
6.246663331985473633e-01
5.649973750114440918e-01
6.268301010131835938e-01
5.319913625717163086e-01
4.989404380321502686e-01
5.057769417762756348e-01
6.265474557876586914e-01
3.633215129375457764e-01
4.953642487525939941e-01
5.710252523422241211e-01
4.875587522983551025e-01
5.945718288421630859e-01
4.730165004730224609e-01
4.061316847801208496e-01
6.088568568229675293e-01
6.165884137153625488e-01
3.665913641452789307e-01
5.897180438041687012e-01
4.003526866436004639e-01
5.790650248527526855e-01
5.411624908447265625e-01
6.059225201606750488e-01
4.417584538459777832e-01
3.780528306961059570e-01
5.846782326698303223e-01
4.943079650402069092e-01
4.857440888881683350e-01
5.845279097557067871e-01
4.367175996303558350e-01
4.097485244274139404e-01
6.223037242889404297e-01
3.667180240154266357e-01
5.439963936805725098e-01
5.577015876770019531e-01
5.641255974769592285e-01
6.274590492248535156e-01
4.988459944725036621e-01
6.058686971664428711e-01
5.812438130378723145e-01
5.417015552520751953e-01
3.688759207725524902e-01
5.874732732772827148e-01
4.897290468215942383e-01
4.131489694118499756e-01
3.495472073554992676e-01
3.521597683429718018e-01
3.486886620521545410e-01
3.469837009906768799e-01
4.050404429435729980e-01
5.998771786689758301e-01
5.981604456901550293e-01
3.473475277423858643e-01
4.097796082496643066e-01
3.663719594478607178e-01
3.612531125545501709e-01
4.227028787136077881e-01
3.905348777770996094e-01
5.390527844429016113e-01
3.518043160438537598e-01
5.253081917762756348e-01
5.805118680000305176e-01
5.963475704193115234e-01
4.695471525192260742e-01
3.568146824836730957e-01
3.966355919837951660e-01
4.282531440258026123e-01
3.857739865779876709e-01
3.713186383247375488e-01
6.131342649459838867e-01
5.167700052261352539e-01
3.618617057800292969e-01
4.837634861469268799e-01
3.583858907222747803e-01
5.893340110778808594e-01
3.806237578392028809e-01
5.920449495315551758e-01
5.790392160415649414e-01
5.927031636238098145e-01
6.139795184135437012e-01
5.782399773597717285e-01
3.761504590511322021e-01
4.870360791683197021e-01
3.937459588050842285e-01
3.599613308906555176e-01
4.977674484252929688e-01
4.824236333370208740e-01
5.931833386421203613e-01
5.995028018951416016e-01
5.775091052055358887e-01
4.998947679996490479e-01
3.601752817630767822e-01
6.214132905006408691e-01
5.022109150886535645e-01
3.884100317955017090e-01
4.856088757514953613e-01
3.511393368244171143e-01
5.942139029502868652e-01
4.683940708637237549e-01
5.773655176162719727e-01
4.355154633522033691e-01
3.463782072067260742e-01
3.461644947528839111e-01
4.003069400787353516e-01
6.171336174011230469e-01
5.073380470275878906e-01
3.836583197116851807e-01
3.554603457450866699e-01
3.624434173107147217e-01
4.322084188461303711e-01
3.510049283504486084e-01
5.621479749679565430e-01
5.822337865829467773e-01
4.847059547901153564e-01
4.844448864459991455e-01
3.464694023132324219e-01
5.973426103591918945e-01
6.251994967460632324e-01
5.072189569473266602e-01
4.864254891872406006e-01
4.835474491119384766e-01
3.662949800491333008e-01
4.803725183010101318e-01
5.318892002105712891e-01
4.802730083465576172e-01
4.433678388595581055e-01
6.117775440216064453e-01
6.099809408187866211e-01
5.102576017379760742e-01
3.508356511592864990e-01
3.682483434677124023e-01
6.103743910789489746e-01
6.104331612586975098e-01
3.622383475303649902e-01
4.204256236553192139e-01
4.457513093948364258e-01
5.714474320411682129e-01
3.498143553733825684e-01
3.847257792949676514e-01
4.982669949531555176e-01
3.683833479881286621e-01
5.248126983642578125e-01
3.434476256370544434e-01
5.429049134254455566e-01
6.006019115447998047e-01
3.524542450904846191e-01
4.576761424541473389e-01
3.580751121044158936e-01
5.927101373672485352e-01
5.280635952949523926e-01
5.064222812652587891e-01
3.796640038490295410e-01
5.383946895599365234e-01
5.944638252258300781e-01
6.212020516395568848e-01
4.288395345211029053e-01
4.394636154174804688e-01
5.012326836585998535e-01
6.227124929428100586e-01
5.530719161033630371e-01
5.863142609596252441e-01
3.971826136112213135e-01
6.279477477073669434e-01
3.894294500350952148e-01
5.330125689506530762e-01
5.504673123359680176e-01
5.014287829399108887e-01
5.976960659027099609e-01
4.628055691719055176e-01
4.536951482295989990e-01
4.337868690490722656e-01
3.522645533084869385e-01
6.170548200607299805e-01
5.616033673286437988e-01
3.737315535545349121e-01
4.937881827354431152e-01
5.418474078178405762e-01
3.628730177879333496e-01
4.000033140182495117e-01
6.121754646301269531e-01
6.197838187217712402e-01
5.604967474937438965e-01
5.079935789108276367e-01
3.449128270149230957e-01
5.983002185821533203e-01
5.575957298278808594e-01
5.582932233810424805e-01
3.619756698608398438e-01
5.222787857055664062e-01
3.560507893562316895e-01
6.010078191757202148e-01
3.570864796638488770e-01
6.156756281852722168e-01
4.136246144771575928e-01
5.971964001655578613e-01
5.678499341011047363e-01
6.051610112190246582e-01
3.513776063919067383e-01
5.903515219688415527e-01
3.458826839923858643e-01
6.104915142059326172e-01
6.071961522102355957e-01
5.090397596359252930e-01
5.356495380401611328e-01
4.198697507381439209e-01
3.643113970756530762e-01
3.697487413883209229e-01
5.307625532150268555e-01
5.777536630630493164e-01
5.911622643470764160e-01
5.187819004058837891e-01
3.915657103061676025e-01
5.340412855148315430e-01
3.760910332202911377e-01
3.537983298301696777e-01
3.602612614631652832e-01
3.509706258773803711e-01
6.256956458091735840e-01
3.803247213363647461e-01
5.556268095970153809e-01
3.555531799793243408e-01
5.188907980918884277e-01
5.975857377052307129e-01
3.705823719501495361e-01
5.773879885673522949e-01
4.660910069942474365e-01
5.727748274803161621e-01
3.842148184776306152e-01
6.046081185340881348e-01
5.867643356323242188e-01
4.132761359214782715e-01
3.977381885051727295e-01
4.183131158351898193e-01
6.179737448692321777e-01
6.043939590454101562e-01
6.159365177154541016e-01
4.200863242149353027e-01
3.495188653469085693e-01
4.474042952060699463e-01
3.548525273799896240e-01
5.948060750961303711e-01
3.997385203838348389e-01
3.757934272289276123e-01
6.101525425910949707e-01
4.693198502063751221e-01
3.612344563007354736e-01
5.573314428329467773e-01
6.018403768539428711e-01
5.930750966072082520e-01
5.325237512588500977e-01
4.531923234462738037e-01
5.519855022430419922e-01
6.110094785690307617e-01
3.746201395988464355e-01
6.176638007164001465e-01
6.076384782791137695e-01
5.802234411239624023e-01
4.110918045043945312e-01
6.089370846748352051e-01
4.522432684898376465e-01
3.976303040981292725e-01
3.756555616855621338e-01
5.161566734313964844e-01
4.758234620094299316e-01
3.910133540630340576e-01
5.459917187690734863e-01
5.882676839828491211e-01
6.156924962997436523e-01
3.782779574394226074e-01
3.837888836860656738e-01
6.032044291496276855e-01
6.024613380432128906e-01
4.302402734756469727e-01
4.592468142509460449e-01
3.491928577423095703e-01
5.196928977966308594e-01
5.042237639427185059e-01
6.087679266929626465e-01
3.606065213680267334e-01
6.158194541931152344e-01
5.898503065109252930e-01
3.467781841754913330e-01
6.210574507713317871e-01
6.030772328376770020e-01
3.693713247776031494e-01
4.563449621200561523e-01
4.398450255393981934e-01
3.637177944183349609e-01
5.896093845367431641e-01
3.740284740924835205e-01
5.949079990386962891e-01
4.223600625991821289e-01
3.599074780941009521e-01
4.176291227340698242e-01
5.126137137413024902e-01
5.800867676734924316e-01
4.786317944526672363e-01
5.968977212905883789e-01
6.069380044937133789e-01
6.233880519866943359e-01
3.696408867835998535e-01
5.588676333427429199e-01
5.366966724395751953e-01
6.220877170562744141e-01
6.202214360237121582e-01
5.598754882812500000e-01
3.745977878570556641e-01
6.133792400360107422e-01
4.925784468650817871e-01
6.127213239669799805e-01
3.836955428123474121e-01
5.477011799812316895e-01
3.686776459217071533e-01
6.172599196434020996e-01
3.933102488517761230e-01
5.112789869308471680e-01
3.518136143684387207e-01
5.196564197540283203e-01
5.731654167175292969e-01
4.831641018390655518e-01
3.586879074573516846e-01
4.100807905197143555e-01
3.533016443252563477e-01
3.701874017715454102e-01
3.548733294010162354e-01
5.719956755638122559e-01
4.561757147312164307e-01
3.491165637969970703e-01
3.770394027233123779e-01
3.590438961982727051e-01
5.908111929893493652e-01
4.744792878627777100e-01
6.278151273727416992e-01
4.950799047946929932e-01
3.590687215328216553e-01
3.565546870231628418e-01
6.146725416183471680e-01
5.718991160392761230e-01
5.738753676414489746e-01
3.829501569271087646e-01
5.960406661033630371e-01
5.605233311653137207e-01
5.864248275756835938e-01
4.498367607593536377e-01
5.718230605125427246e-01
4.113307297229766846e-01
3.728615045547485352e-01
5.122283697128295898e-01
3.517756462097167969e-01
4.314975440502166748e-01
5.812800526618957520e-01
3.719571530818939209e-01
5.156893134117126465e-01
5.533475279808044434e-01
5.905089974403381348e-01
5.457699298858642578e-01
4.025867283344268799e-01
4.588097035884857178e-01
4.889344871044158936e-01
4.190416634082794189e-01
5.327764153480529785e-01
6.247273683547973633e-01
4.338500201702117920e-01
4.935798645019531250e-01
5.105040073394775391e-01
5.966630578041076660e-01
4.092058539390563965e-01
3.642304837703704834e-01
3.729197084903717041e-01
4.001556336879730225e-01
4.005183875560760498e-01
4.265727698802947998e-01
5.493064522743225098e-01
3.703695535659790039e-01
6.100938916206359863e-01
3.896971940994262695e-01
4.125867784023284912e-01
5.438835024833679199e-01
3.451450467109680176e-01
3.723599910736083984e-01
5.266734957695007324e-01
4.566990435123443604e-01
6.202952265739440918e-01
6.199101805686950684e-01
4.355497360229492188e-01
6.056175827980041504e-01
5.898013710975646973e-01
5.414680838584899902e-01
4.138833582401275635e-01
6.274672150611877441e-01
6.113460659980773926e-01
3.976753950119018555e-01
3.697015941143035889e-01
4.038423597812652588e-01
3.597945868968963623e-01
3.674600422382354736e-01
4.589408040046691895e-01
4.377925693988800049e-01
3.468078374862670898e-01
4.849786162376403809e-01
5.535883307456970215e-01
4.095312952995300293e-01
4.981216788291931152e-01
6.074117422103881836e-01
4.938365519046783447e-01
4.391228556632995605e-01
4.495784044265747070e-01
3.548288941383361816e-01
5.890476703643798828e-01
5.676441192626953125e-01
3.923068642616271973e-01
5.930832624435424805e-01
3.796810507774353027e-01
3.802261352539062500e-01
5.837079882621765137e-01
4.252090752124786377e-01
3.699927031993865967e-01
5.920850038528442383e-01
3.705587983131408691e-01
4.247695803642272949e-01
6.216374039649963379e-01
3.632209300994873047e-01
5.825397372245788574e-01
5.754662752151489258e-01
3.472384214401245117e-01
6.241285204887390137e-01
4.752702414989471436e-01
6.003819108009338379e-01
4.627961516380310059e-01
4.076762497425079346e-01
6.084603667259216309e-01
3.744201362133026123e-01
3.459917902946472168e-01
6.169604063034057617e-01
5.795446038246154785e-01
5.835318565368652344e-01
3.851082324981689453e-01
4.300090670585632324e-01
4.101566672325134277e-01
6.175892949104309082e-01
5.350720882415771484e-01
6.033594012260437012e-01
5.497000217437744141e-01
5.853589177131652832e-01
3.517671525478363037e-01
3.907219767570495605e-01
6.213881969451904297e-01
3.604835569858551025e-01
5.440201759338378906e-01
5.466270446777343750e-01
4.220240712165832520e-01
5.891287922859191895e-01
3.965900540351867676e-01
6.049039363861083984e-01
6.212812662124633789e-01
3.825848102569580078e-01
5.229336023330688477e-01
3.519413769245147705e-01
3.445731997489929199e-01
5.872531533241271973e-01
5.874259471893310547e-01
6.208813786506652832e-01
6.107568144798278809e-01
4.772731959819793701e-01
3.691400289535522461e-01
4.058499336242675781e-01
6.123063564300537109e-01
5.084840655326843262e-01
5.199190378189086914e-01
6.281225681304931641e-01
4.833081662654876709e-01
5.036093592643737793e-01
3.660211265087127686e-01
4.963855445384979248e-01
5.893356800079345703e-01
3.758371472358703613e-01
6.030250787734985352e-01
3.422545790672302246e-01
6.047488451004028320e-01
6.080591082572937012e-01
4.570190310478210449e-01
5.836542248725891113e-01
5.242086648941040039e-01
5.485664010047912598e-01
3.936279416084289551e-01
6.210926175117492676e-01
3.512015640735626221e-01
4.696734845638275146e-01
5.099926590919494629e-01
3.807680606842041016e-01
4.777677655220031738e-01
6.284896731376647949e-01
5.740314126014709473e-01
3.434454202651977539e-01
6.104633808135986328e-01
6.259640455245971680e-01
5.577228069305419922e-01
5.747419595718383789e-01
5.243855118751525879e-01
5.403890013694763184e-01
4.065016210079193115e-01
3.648394644260406494e-01
6.222085356712341309e-01
3.731192052364349365e-01
3.496710956096649170e-01
5.924527049064636230e-01
6.213129162788391113e-01
4.150646626949310303e-01
3.994449079036712646e-01
3.905077874660491943e-01
3.521005213260650635e-01
5.851234793663024902e-01
4.233974218368530273e-01
6.162335872650146484e-01
5.045027732849121094e-01
3.562054634094238281e-01
3.481271266937255859e-01
5.631183385848999023e-01
5.244572758674621582e-01
3.465035259723663330e-01
4.430810809135437012e-01
6.082497239112854004e-01
3.648067116737365723e-01
6.055782437324523926e-01
3.611752092838287354e-01
4.091974496841430664e-01
6.074915528297424316e-01
5.735194683074951172e-01
3.658756017684936523e-01
6.239264011383056641e-01
5.650549530982971191e-01
3.453755974769592285e-01
6.206245422363281250e-01
3.682301938533782959e-01
3.601369559764862061e-01
5.275261402130126953e-01
4.189493656158447266e-01
3.583776354789733887e-01
5.971652865409851074e-01
6.221379041671752930e-01
5.105828046798706055e-01
3.463220894336700439e-01
3.659884631633758545e-01
6.277124881744384766e-01
4.026617109775543213e-01
4.931380748748779297e-01
5.054867863655090332e-01
5.741881728172302246e-01
4.113337397575378418e-01
5.776215791702270508e-01
3.673470020294189453e-01
3.939267098903656006e-01
5.063533186912536621e-01
3.501514494419097900e-01
4.729529619216918945e-01
5.440548658370971680e-01
4.126061797142028809e-01
6.092507243156433105e-01
4.094398915767669678e-01
4.676615595817565918e-01
5.920795798301696777e-01
3.915075957775115967e-01
6.087487936019897461e-01
3.765867650508880615e-01
3.432581126689910889e-01
5.205748081207275391e-01
3.834185004234313965e-01
5.838632583618164062e-01
3.613511025905609131e-01
4.708186686038970947e-01
6.260004639625549316e-01
4.109077751636505127e-01
5.055698156356811523e-01
3.893064558506011963e-01
4.260621368885040283e-01
5.946232080459594727e-01
4.996331036090850830e-01
3.528606295585632324e-01
6.225135326385498047e-01
4.793002903461456299e-01
5.971457958221435547e-01
4.159247279167175293e-01
5.361548662185668945e-01
3.933250904083251953e-01
3.593230545520782471e-01
6.218427419662475586e-01
5.705729722976684570e-01
3.562600612640380859e-01
5.739396810531616211e-01
4.162518978118896484e-01
5.100157260894775391e-01
5.857139825820922852e-01
5.816361904144287109e-01
3.668333888053894043e-01
3.747928440570831299e-01
5.185114741325378418e-01
6.301128268241882324e-01
3.460140526294708252e-01
5.964346528053283691e-01
5.991590023040771484e-01
4.199038445949554443e-01
4.091458916664123535e-01
5.370855331420898438e-01
6.223555803298950195e-01
3.742382228374481201e-01
3.685566782951354980e-01
4.021919667720794678e-01
6.192823648452758789e-01
4.862205684185028076e-01
3.587348461151123047e-01
5.914170742034912109e-01
5.699508786201477051e-01
4.604702591896057129e-01
3.649538755416870117e-01
5.879315733909606934e-01
6.050841212272644043e-01
3.544115424156188965e-01
4.708191752433776855e-01
3.552471697330474854e-01
5.282287001609802246e-01
4.475777745246887207e-01
3.783428370952606201e-01
5.862264633178710938e-01
4.600814878940582275e-01
4.615640044212341309e-01
3.543443679809570312e-01
5.980920195579528809e-01
5.593354701995849609e-01
4.616854190826416016e-01
4.097201228141784668e-01
4.529225826263427734e-01
5.650023221969604492e-01
5.788175463676452637e-01
3.795801699161529541e-01
4.148419201374053955e-01
4.889094233512878418e-01
5.436648130416870117e-01
6.202465891838073730e-01
6.086475253105163574e-01
4.296956658363342285e-01
5.748245716094970703e-01
3.529492616653442383e-01
3.820691704750061035e-01
4.061416983604431152e-01
4.582368135452270508e-01
6.054884195327758789e-01
5.253774523735046387e-01
4.051308333873748779e-01
5.765115022659301758e-01
4.826271533966064453e-01
3.523701727390289307e-01
6.084007024765014648e-01
5.706061124801635742e-01
5.951976776123046875e-01
4.632458686828613281e-01
3.683982193470001221e-01
4.335041046142578125e-01
4.746907651424407959e-01
3.877120316028594971e-01
3.414910733699798584e-01
6.169430613517761230e-01
5.485658645629882812e-01
5.365847945213317871e-01
5.319266915321350098e-01
6.167943477630615234e-01
3.767895400524139404e-01
6.002178192138671875e-01
6.171256303787231445e-01
3.929429352283477783e-01
3.915335536003112793e-01
3.646079897880554199e-01
5.309098958969116211e-01
5.408170819282531738e-01
5.493154525756835938e-01
6.004341840744018555e-01
3.731630146503448486e-01
3.646827936172485352e-01
5.932491421699523926e-01
6.132094264030456543e-01
3.498623371124267578e-01
4.044645726680755615e-01
6.196975708007812500e-01
6.014671921730041504e-01
5.997279882431030273e-01
6.232082247734069824e-01
4.952477812767028809e-01
6.191807985305786133e-01
5.170587301254272461e-01
3.486922979354858398e-01
6.199960708618164062e-01
6.218209862709045410e-01
5.700585246086120605e-01
5.658702850341796875e-01
3.988074362277984619e-01
6.234533190727233887e-01
4.780007302761077881e-01
3.532733619213104248e-01
5.505447387695312500e-01
4.446617066860198975e-01
4.062258601188659668e-01
4.414688944816589355e-01
6.000111699104309082e-01
4.313163459300994873e-01
4.249811768531799316e-01
6.021227836608886719e-01
4.604582488536834717e-01
5.727676749229431152e-01
3.924148380756378174e-01
3.962462246417999268e-01
3.616387248039245605e-01
6.121737957000732422e-01
5.611075758934020996e-01
5.661337971687316895e-01
5.334464311599731445e-01
4.170992672443389893e-01
6.247553825378417969e-01
3.576638698577880859e-01
5.476143956184387207e-01
6.254365444183349609e-01
4.099233746528625488e-01
6.207678914070129395e-01
5.796747803688049316e-01
3.915948271751403809e-01
6.038739085197448730e-01
5.752557516098022461e-01
6.072982549667358398e-01
5.659703612327575684e-01
4.435953497886657715e-01
4.143747687339782715e-01
3.588913679122924805e-01
3.563453853130340576e-01
5.925242900848388672e-01
4.317508041858673096e-01
6.021829843521118164e-01
6.148847341537475586e-01
5.917750597000122070e-01
3.558677732944488525e-01
6.099155545234680176e-01
5.415587425231933594e-01
3.958951532840728760e-01
5.507356524467468262e-01
5.323961973190307617e-01
6.229477524757385254e-01
4.739314913749694824e-01
5.037919878959655762e-01
4.865839481353759766e-01
4.633036851882934570e-01
3.965913355350494385e-01
5.731503963470458984e-01
6.138489842414855957e-01
4.208267331123352051e-01
3.778677582740783691e-01
4.062027633190155029e-01
4.672176539897918701e-01
3.671006262302398682e-01
6.054340004920959473e-01
6.098935604095458984e-01
5.877947211265563965e-01
3.519032001495361328e-01
3.532657623291015625e-01
6.252886652946472168e-01
5.144560337066650391e-01
3.916156291961669922e-01
6.087186336517333984e-01
3.573473393917083740e-01
5.155830383300781250e-01
5.207482576370239258e-01
3.450022339820861816e-01
3.964667320251464844e-01
3.705693483352661133e-01
4.522995650768280029e-01
5.943033695220947266e-01
4.457547664642333984e-01
4.797188639640808105e-01
6.254747509956359863e-01
3.477105796337127686e-01
4.210901558399200439e-01
6.279996037483215332e-01
5.273907184600830078e-01
5.257980823516845703e-01
6.215812563896179199e-01
6.231223940849304199e-01
5.349480509757995605e-01
4.896531105041503906e-01
4.251619279384613037e-01
5.270560979843139648e-01
3.743579685688018799e-01
5.524933934211730957e-01
5.790269970893859863e-01
4.165633320808410645e-01
5.336013436317443848e-01
6.226222515106201172e-01
4.080966114997863770e-01
3.768684566020965576e-01
3.832863569259643555e-01
6.119167804718017578e-01
5.941342711448669434e-01
4.341338276863098145e-01
5.824067592620849609e-01
3.988738358020782471e-01
5.876118540763854980e-01
3.570465743541717529e-01
3.544150292873382568e-01
3.538387715816497803e-01
3.541947007179260254e-01
5.718306303024291992e-01
5.852730870246887207e-01
5.988434553146362305e-01
5.743409395217895508e-01
3.688524067401885986e-01
5.942543148994445801e-01
4.098467826843261719e-01
5.985674262046813965e-01
6.137629747390747070e-01
4.187711775302886963e-01
5.499453544616699219e-01
6.157820820808410645e-01
3.579451739788055420e-01
4.224333465099334717e-01
5.836841464042663574e-01
3.477496802806854248e-01
5.718681216239929199e-01
3.527661859989166260e-01
4.478694796562194824e-01
3.749387562274932861e-01
4.261861443519592285e-01
4.178516864776611328e-01
3.825187683105468750e-01
6.218787431716918945e-01
5.792758464813232422e-01
5.896871089935302734e-01
5.090541243553161621e-01
4.052410423755645752e-01
4.329011440277099609e-01
3.823870122432708740e-01
5.403299927711486816e-01
6.048006415367126465e-01
3.568899929523468018e-01
5.319526195526123047e-01
3.951774835586547852e-01
3.741833269596099854e-01
3.726218938827514648e-01
5.627765655517578125e-01
6.224439740180969238e-01
4.342409372329711914e-01
6.153429746627807617e-01
3.647830486297607422e-01
6.048781871795654297e-01
6.114014983177185059e-01
5.450187921524047852e-01
6.256799697875976562e-01
3.444426655769348145e-01
3.661400377750396729e-01
4.922611117362976074e-01
6.205325722694396973e-01
6.024363040924072266e-01
3.456356823444366455e-01
3.982985019683837891e-01
5.846878886222839355e-01
4.164604246616363525e-01
3.544975519180297852e-01
5.993410944938659668e-01
5.309841632843017578e-01
5.758712291717529297e-01
3.471256494522094727e-01
6.181392073631286621e-01
3.536847829818725586e-01
4.654211699962615967e-01
5.214819312095642090e-01
4.078353941440582275e-01
4.548827707767486572e-01
4.682460725307464600e-01
3.774504959583282471e-01
3.534449338912963867e-01
3.521192371845245361e-01
3.410323262214660645e-01
4.326935708522796631e-01
6.005179882049560547e-01
4.936074018478393555e-01
4.760352671146392822e-01
6.072004437446594238e-01
6.160576343536376953e-01
3.811820447444915771e-01
3.490585982799530029e-01
6.136997342109680176e-01
5.486648082733154297e-01
6.076083183288574219e-01
3.473990261554718018e-01
6.228479146957397461e-01
4.218875467777252197e-01
4.175038635730743408e-01
4.418232440948486328e-01
3.624322712421417236e-01
3.635552823543548584e-01
5.946475267410278320e-01
5.505520105361938477e-01
4.070815443992614746e-01
3.638609349727630615e-01
6.097443103790283203e-01
4.388928413391113281e-01
4.264614582061767578e-01
6.208155155181884766e-01
5.662219524383544922e-01
5.088005065917968750e-01
5.992630720138549805e-01
4.328976869583129883e-01
5.745025277137756348e-01
6.108008623123168945e-01
3.707919418811798096e-01
4.431241154670715332e-01
4.931529164314270020e-01
4.069773852825164795e-01
3.488162457942962646e-01
4.216832816600799561e-01
3.609070181846618652e-01
5.011543035507202148e-01
6.046034693717956543e-01
3.616532981395721436e-01
6.237065196037292480e-01
6.073865294456481934e-01
6.084420680999755859e-01
3.595863878726959229e-01
6.168502569198608398e-01
5.029393434524536133e-01
4.918787181377410889e-01
3.559474647045135498e-01
5.715069770812988281e-01
4.183220565319061279e-01
6.181626319885253906e-01
3.584627807140350342e-01
3.971489071846008301e-01
3.700050413608551025e-01
4.383160471916198730e-01
3.751714229583740234e-01
4.435394406318664551e-01
5.821837186813354492e-01
4.394923448562622070e-01
3.661152124404907227e-01
4.699432849884033203e-01
5.812593102455139160e-01
6.290272474288940430e-01
3.444780409336090088e-01
3.897972404956817627e-01
4.568724632263183594e-01
5.710388422012329102e-01
3.777991831302642822e-01
5.010905861854553223e-01
3.702310025691986084e-01
4.709686338901519775e-01
5.510780215263366699e-01
6.090527772903442383e-01
6.086530685424804688e-01
3.636203408241271973e-01
5.840799808502197266e-01
5.730883479118347168e-01
4.660608172416687012e-01
6.101167201995849609e-01
4.595339298248291016e-01
5.957202315330505371e-01
5.783498883247375488e-01
3.850183784961700439e-01
4.721372425556182861e-01
4.983754754066467285e-01
3.727011978626251221e-01
4.660030305385589600e-01
4.856057465076446533e-01
4.399369060993194580e-01
5.565263628959655762e-01
4.925710856914520264e-01
4.860723316669464111e-01
4.794228374958038330e-01
6.067393422126770020e-01
3.803420364856719971e-01
3.784423768520355225e-01
4.272262156009674072e-01
6.160587668418884277e-01
4.118032157421112061e-01
5.327659845352172852e-01
5.100016593933105469e-01
4.016380608081817627e-01
3.587519824504852295e-01
5.280865430831909180e-01
4.129432141780853271e-01
6.034495830535888672e-01
6.286990642547607422e-01
4.100868999958038330e-01
3.885610103607177734e-01
6.165469288825988770e-01
6.094226837158203125e-01
5.110300779342651367e-01
3.986532986164093018e-01
3.756863772869110107e-01
6.263473033905029297e-01
3.898379206657409668e-01
6.041719317436218262e-01
6.232011318206787109e-01
3.633382320404052734e-01
3.661881089210510254e-01
5.092700719833374023e-01
5.989365577697753906e-01
3.962245285511016846e-01
4.646955430507659912e-01
3.578265011310577393e-01
4.173929393291473389e-01
5.172348618507385254e-01
5.115327835083007812e-01
5.899950861930847168e-01
3.674034178256988525e-01
6.066792011260986328e-01
6.257259845733642578e-01
5.855317115783691406e-01
5.538958311080932617e-01
6.111735701560974121e-01
4.125739932060241699e-01
3.692085146903991699e-01
3.700500428676605225e-01
6.212076544761657715e-01
3.620759248733520508e-01
4.532851874828338623e-01
3.841873109340667725e-01
3.855122625827789307e-01
5.197591781616210938e-01
5.257264375686645508e-01
5.486221313476562500e-01
5.066695809364318848e-01
6.095178127288818359e-01
6.112274527549743652e-01
4.773412048816680908e-01
3.781024217605590820e-01
5.886042118072509766e-01
3.613153398036956787e-01
6.161642670631408691e-01
6.195957064628601074e-01
4.671818017959594727e-01
5.574038624763488770e-01
5.525528192520141602e-01
5.606184601783752441e-01
3.633011579513549805e-01
6.129356622695922852e-01
5.537968277931213379e-01
5.851613879203796387e-01
4.475483000278472900e-01
4.062842726707458496e-01
6.243089437484741211e-01
3.474547266960144043e-01
3.670330047607421875e-01
3.772894740104675293e-01
6.113067269325256348e-01
5.714849233627319336e-01
5.693249702453613281e-01
3.702065050601959229e-01
4.191657900810241699e-01
6.281140446662902832e-01
5.282561779022216797e-01
5.692520141601562500e-01
5.948330163955688477e-01
3.816965520381927490e-01
5.882813334465026855e-01
6.187210083007812500e-01
4.315493404865264893e-01
5.841584205627441406e-01
5.849277377128601074e-01
4.531259238719940186e-01
4.719662964344024658e-01
4.373253285884857178e-01
5.953162908554077148e-01
4.326520264148712158e-01
5.646706223487854004e-01
4.101651906967163086e-01
3.609461188316345215e-01
4.017444849014282227e-01
5.965406894683837891e-01
5.542157888412475586e-01
6.120516061782836914e-01
3.826378285884857178e-01
5.978383421897888184e-01
3.863441944122314453e-01
6.325324177742004395e-01
6.221689581871032715e-01
4.959244132041931152e-01
6.091401576995849609e-01
6.236977577209472656e-01
5.965104699134826660e-01
4.913166165351867676e-01
3.953886330127716064e-01
3.585250377655029297e-01
3.527531921863555908e-01
5.643516778945922852e-01
3.783999085426330566e-01
6.073457002639770508e-01
3.623294830322265625e-01
4.920400679111480713e-01
3.920449316501617432e-01
5.234603881835937500e-01
4.198240637779235840e-01
6.008787751197814941e-01
5.469552278518676758e-01
3.905265033245086670e-01
5.116270184516906738e-01
6.071081161499023438e-01
5.792686343193054199e-01
5.416767597198486328e-01
5.552308559417724609e-01
3.466063439846038818e-01
3.985805809497833252e-01
5.221172571182250977e-01
4.730072319507598877e-01
4.625437259674072266e-01
5.675162672996520996e-01
5.170338749885559082e-01
3.606917858123779297e-01
3.744949698448181152e-01
5.906674265861511230e-01
3.646828234195709229e-01
3.493348956108093262e-01
6.203393340110778809e-01
5.075825452804565430e-01
6.054633855819702148e-01
4.912963509559631348e-01
3.568475544452667236e-01
6.142765879631042480e-01
4.107917845249176025e-01
6.273646354675292969e-01
5.780525803565979004e-01
3.776223659515380859e-01
3.724322319030761719e-01
5.473865270614624023e-01
4.871915280818939209e-01
4.519071578979492188e-01
4.460200667381286621e-01
5.612361431121826172e-01
5.194031596183776855e-01
5.171352028846740723e-01
5.981552600860595703e-01
6.255095005035400391e-01
6.050602197647094727e-01
3.869709968566894531e-01
3.729133605957031250e-01
3.625423014163970947e-01
4.146106243133544922e-01
4.723829329013824463e-01
5.297875404357910156e-01
4.252016544342041016e-01
3.735048472881317139e-01
4.661361277103424072e-01
6.024056077003479004e-01
6.302703022956848145e-01
3.993620574474334717e-01
5.758168697357177734e-01
5.498146414756774902e-01
5.732064247131347656e-01
5.783823132514953613e-01
5.480020642280578613e-01
5.090845823287963867e-01
5.456042289733886719e-01
5.552034378051757812e-01
6.198793649673461914e-01
3.717694878578186035e-01
4.514711201190948486e-01
4.680521190166473389e-01
5.155466198921203613e-01
3.659611344337463379e-01
4.248403906822204590e-01
6.132665276527404785e-01
4.717212617397308350e-01
5.018916726112365723e-01
6.136125922203063965e-01
6.039870977401733398e-01
4.290107190608978271e-01
3.896571397781372070e-01
3.961421251296997070e-01
3.452350795269012451e-01
5.934161543846130371e-01
3.600548505783081055e-01
4.721806645393371582e-01
4.243122339248657227e-01
4.315786361694335938e-01
5.633984208106994629e-01
3.875663280487060547e-01
3.618246316909790039e-01
4.156413376331329346e-01
3.841994702816009521e-01
5.436978936195373535e-01
5.448244214057922363e-01
6.061488389968872070e-01
3.898173868656158447e-01
6.183044314384460449e-01
4.470641613006591797e-01
3.711994290351867676e-01
5.535834431648254395e-01
3.880238234996795654e-01
3.725228905677795410e-01
4.918720424175262451e-01
6.043064594268798828e-01
6.029698252677917480e-01
5.717484951019287109e-01
6.051722764968872070e-01
3.515133857727050781e-01
3.586282730102539062e-01
5.532929897308349609e-01
3.489034175872802734e-01
3.805114030838012695e-01
5.789930224418640137e-01
5.796456336975097656e-01
4.316167533397674561e-01
3.528766632080078125e-01
5.724119544029235840e-01
6.193882822990417480e-01
6.261681318283081055e-01
5.922278761863708496e-01
6.241275072097778320e-01
3.575173914432525635e-01
4.324304759502410889e-01
6.174100637435913086e-01
5.538131594657897949e-01
5.889188051223754883e-01
3.901914656162261963e-01
4.814480245113372803e-01
6.269122958183288574e-01
6.247854232788085938e-01
3.441996574401855469e-01
6.191399693489074707e-01
6.066882610321044922e-01
