3.390611708164215088e-01
3.526001274585723877e-01
6.316897869110107422e-01
3.615548610687255859e-01
5.974565744400024414e-01
3.461826443672180176e-01
5.660886168479919434e-01
5.731878876686096191e-01
6.267122030258178711e-01
3.679426908493041992e-01
3.987095355987548828e-01
4.789507091045379639e-01
3.619029521942138672e-01
3.797487020492553711e-01
5.959250330924987793e-01
4.046553075313568115e-01
3.698253631591796875e-01
5.843110084533691406e-01
6.148535609245300293e-01
3.814393579959869385e-01
6.023494005203247070e-01
3.494144976139068604e-01
4.444409608840942383e-01
6.251647472381591797e-01
3.390322029590606689e-01
6.198347806930541992e-01
4.529139697551727295e-01
4.373605251312255859e-01
6.089831590652465820e-01
6.269546747207641602e-01
3.663904368877410889e-01
6.047195792198181152e-01
3.408339321613311768e-01
4.783230125904083252e-01
5.362558364868164062e-01
3.987920284271240234e-01
6.160823702812194824e-01
4.057521224021911621e-01
4.303946197032928467e-01
4.466436803340911865e-01
4.339360892772674561e-01
3.662315309047698975e-01
3.668401241302490234e-01
6.097134351730346680e-01
5.522818565368652344e-01
5.946383476257324219e-01
5.647929906845092773e-01
3.491565585136413574e-01
3.663723468780517578e-01
4.968797266483306885e-01
3.424799442291259766e-01
6.038842201232910156e-01
5.208167433738708496e-01
3.945033848285675049e-01
4.311161339282989502e-01
5.373334288597106934e-01
3.725577294826507568e-01
5.821722149848937988e-01
3.981881141662597656e-01
6.247521638870239258e-01
6.167466640472412109e-01
5.917056202888488770e-01
4.164604246616363525e-01
3.436508476734161377e-01
5.427148342132568359e-01
6.304992437362670898e-01
4.840721786022186279e-01
3.954960107803344727e-01
5.694847702980041504e-01
3.732137084007263184e-01
5.507937669754028320e-01
3.685865402221679688e-01
5.788872838020324707e-01
3.905774950981140137e-01
4.304892420768737793e-01
3.753322958946228027e-01
3.893604576587677002e-01
5.908626317977905273e-01
5.693116784095764160e-01
6.133410334587097168e-01
3.916164934635162354e-01
3.534839451313018799e-01
4.932964146137237549e-01
5.010594725608825684e-01
3.805637955665588379e-01
4.055937230587005615e-01
4.081985652446746826e-01
6.302849054336547852e-01
5.303334593772888184e-01
5.881118774414062500e-01
6.295387148857116699e-01
4.524632990360260010e-01
3.358367979526519775e-01
6.186854243278503418e-01
4.954342842102050781e-01
5.097545981407165527e-01
4.428851008415222168e-01
3.711230754852294922e-01
6.034035682678222656e-01
5.978389382362365723e-01
3.975901901721954346e-01
4.161589741706848145e-01
3.862385749816894531e-01
5.554314255714416504e-01
4.797288775444030762e-01
4.818952083587646484e-01
6.216357946395874023e-01
6.182957887649536133e-01
4.467412233352661133e-01
6.288099884986877441e-01
5.063864588737487793e-01
3.977623283863067627e-01
4.326996505260467529e-01
6.208567619323730469e-01
5.526621341705322266e-01
4.648098945617675781e-01
6.256604194641113281e-01
3.506742417812347412e-01
6.248165369033813477e-01
3.700544238090515137e-01
6.020435690879821777e-01
6.175394654273986816e-01
6.259078383445739746e-01
3.679793179035186768e-01
3.677937090396881104e-01
6.164551973342895508e-01
3.988427817821502686e-01
4.075151085853576660e-01
3.569944798946380615e-01
3.662178218364715576e-01
6.220901012420654297e-01
6.116679906845092773e-01
5.005477070808410645e-01
3.714107275009155273e-01
3.887515366077423096e-01
3.688240945339202881e-01
6.229332089424133301e-01
4.096990227699279785e-01
6.191249489784240723e-01
6.205062866210937500e-01
5.772373080253601074e-01
6.005142927169799805e-01
6.013314723968505859e-01
6.169083118438720703e-01
4.655807018280029297e-01
5.383350849151611328e-01
5.032512545585632324e-01
6.018680334091186523e-01
4.570282995700836182e-01
4.682025015354156494e-01
6.040297150611877441e-01
5.770740509033203125e-01
3.562868833541870117e-01
3.364856243133544922e-01
6.194496154785156250e-01
5.015732049942016602e-01
6.159741878509521484e-01
5.484029054641723633e-01
6.126144528388977051e-01
3.508748710155487061e-01
4.511210620403289795e-01
5.491627454757690430e-01
6.280814409255981445e-01
5.785353779792785645e-01
6.163386106491088867e-01
6.011843085289001465e-01
4.658358395099639893e-01
6.003490686416625977e-01
4.466430544853210449e-01
3.791998624801635742e-01
3.415261209011077881e-01
5.856666564941406250e-01
4.282928109169006348e-01
3.899080455303192139e-01
3.495827317237854004e-01
6.140988469123840332e-01
3.585793972015380859e-01
6.235696673393249512e-01
3.614696860313415527e-01
4.453946948051452637e-01
3.616987764835357666e-01
5.838755965232849121e-01
3.798487782478332520e-01
6.097445487976074219e-01
5.877081751823425293e-01
4.134742319583892822e-01
4.511006772518157959e-01
6.176598072052001953e-01
3.457929491996765137e-01
3.654627799987792969e-01
5.360226631164550781e-01
6.216861009597778320e-01
4.192765355110168457e-01
5.969325304031372070e-01
3.439210355281829834e-01
5.527123808860778809e-01
4.468297362327575684e-01
3.961026966571807861e-01
4.159747362136840820e-01
6.138499975204467773e-01
4.647305607795715332e-01
3.412514328956604004e-01
6.120966076850891113e-01
6.153148412704467773e-01
3.904197216033935547e-01
6.144908666610717773e-01
3.455972075462341309e-01
4.805501401424407959e-01
4.063447117805480957e-01
5.872856974601745605e-01
6.246443986892700195e-01
4.797651767730712891e-01
4.055776596069335938e-01
4.032704234123229980e-01
4.933266937732696533e-01
4.018391966819763184e-01
4.234805703163146973e-01
3.796471059322357178e-01
6.181573867797851562e-01
3.577140271663665771e-01
6.286846399307250977e-01
5.783519148826599121e-01
4.356527030467987061e-01
3.472131788730621338e-01
6.083375811576843262e-01
3.491141796112060547e-01
4.160723686218261719e-01
4.066788256168365479e-01
6.156403422355651855e-01
5.698400139808654785e-01
5.090274810791015625e-01
5.620318651199340820e-01
6.124501228332519531e-01
3.729628920555114746e-01
4.272440075874328613e-01
5.362264513969421387e-01
5.197308063507080078e-01
6.317118406295776367e-01
3.717161715030670166e-01
6.257885694503784180e-01
3.659049570560455322e-01
5.416526198387145996e-01
5.726324319839477539e-01
5.978587269783020020e-01
5.570319294929504395e-01
6.138864159584045410e-01
4.463498890399932861e-01
5.455164909362792969e-01
4.612226188182830811e-01
3.618535399436950684e-01
3.718715906143188477e-01
3.654735684394836426e-01
6.147103309631347656e-01
5.950565934181213379e-01
3.972064554691314697e-01
6.190481781959533691e-01
6.293151974678039551e-01
3.442414999008178711e-01
6.228802204132080078e-01
3.832477629184722900e-01
3.945683240890502930e-01
6.050315499305725098e-01
3.372385799884796143e-01
5.436698794364929199e-01
4.067298471927642822e-01
6.208096146583557129e-01
4.073812067508697510e-01
3.937590420246124268e-01
4.580067992210388184e-01
5.703074932098388672e-01
4.033846557140350342e-01
5.340046882629394531e-01
5.792199373245239258e-01
4.885291457176208496e-01
4.250076115131378174e-01
4.495765864849090576e-01
6.280692815780639648e-01
5.853675007820129395e-01
4.280914664268493652e-01
3.461371660232543945e-01
3.533461689949035645e-01
5.557503700256347656e-01
5.699518918991088867e-01
5.418899655342102051e-01
5.887656211853027344e-01
6.221558451652526855e-01
4.275992512702941895e-01
6.202690005302429199e-01
4.146746098995208740e-01
3.944949209690093994e-01
3.477083146572113037e-01
3.727313280105590820e-01
6.137891411781311035e-01
5.298303961753845215e-01
3.692375719547271729e-01
4.823336601257324219e-01
3.539426028728485107e-01
5.382717847824096680e-01
5.946019887924194336e-01
5.071946978569030762e-01
5.008897781372070312e-01
5.485325455665588379e-01
6.172419190406799316e-01
3.896963596343994141e-01
6.221576929092407227e-01
5.529029369354248047e-01
3.418214321136474609e-01
6.027406454086303711e-01
5.181561112403869629e-01
6.198525428771972656e-01
5.926387310028076172e-01
4.072235822677612305e-01
4.828790128231048584e-01
6.171340346336364746e-01
3.859716951847076416e-01
6.227142214775085449e-01
5.326309204101562500e-01
3.631061613559722900e-01
5.317185521125793457e-01
4.175954759120941162e-01
3.682495951652526855e-01
4.159198403358459473e-01
4.216872751712799072e-01
4.396299123764038086e-01
4.347368776798248291e-01
6.299421191215515137e-01
6.239591836929321289e-01
6.207959651947021484e-01
4.905267655849456787e-01
6.049149036407470703e-01
4.172281026840209961e-01
4.116875827312469482e-01
3.531875312328338623e-01
5.998843908309936523e-01
5.544938445091247559e-01
6.263864636421203613e-01
3.826866745948791504e-01
4.647760987281799316e-01
3.495020270347595215e-01
5.816776156425476074e-01
3.471105694770812988e-01
4.275050163269042969e-01
3.917062878608703613e-01
5.568097829818725586e-01
4.197933673858642578e-01
5.875542759895324707e-01
3.443300127983093262e-01
3.677030205726623535e-01
5.290507078170776367e-01
6.149828433990478516e-01
3.385000526905059814e-01
3.388859927654266357e-01
6.084901690483093262e-01
5.896554589271545410e-01
4.197461009025573730e-01
6.251145005226135254e-01
3.868355453014373779e-01
3.763218224048614502e-01
5.815801620483398438e-01
4.297385811805725098e-01
4.155575335025787354e-01
3.619668483734130859e-01
6.012009382247924805e-01
6.286578774452209473e-01
4.577116668224334717e-01
3.804676830768585205e-01
5.956441760063171387e-01
4.166903197765350342e-01
3.653206527233123779e-01
5.422270894050598145e-01
4.034750163555145264e-01
6.327618956565856934e-01
3.414730429649353027e-01
3.766669034957885742e-01
5.639764070510864258e-01
5.592759251594543457e-01
4.263322055339813232e-01
4.485507309436798096e-01
5.371057391166687012e-01
4.090551137924194336e-01
5.745626091957092285e-01
6.106367707252502441e-01
3.644891381263732910e-01
5.982186794281005859e-01
3.470588624477386475e-01
6.257966160774230957e-01
5.104408264160156250e-01
4.835347235202789307e-01
5.582307577133178711e-01
3.680657148361206055e-01
6.325981020927429199e-01
3.901425600051879883e-01
3.504303395748138428e-01
3.528002500534057617e-01
4.619345664978027344e-01
3.631637394428253174e-01
3.574123382568359375e-01
5.655541419982910156e-01
3.764519989490509033e-01
6.127115488052368164e-01
6.194857358932495117e-01
3.603434264659881592e-01
5.769923329353332520e-01
3.630954921245574951e-01
3.523085117340087891e-01
5.436823368072509766e-01
4.364457726478576660e-01
4.174883961677551270e-01
4.463532567024230957e-01
4.437370300292968750e-01
5.986421108245849609e-01
3.858837187290191650e-01
3.909198939800262451e-01
6.133316159248352051e-01
5.273228287696838379e-01
5.982202291488647461e-01
4.113445281982421875e-01
6.292802095413208008e-01
6.293454766273498535e-01
6.079444289207458496e-01
5.003247261047363281e-01
5.916172862052917480e-01
4.187957942485809326e-01
4.201234281063079834e-01
6.223878860473632812e-01
3.794151544570922852e-01
4.706054627895355225e-01
5.471606254577636719e-01
5.989366769790649414e-01
3.708325028419494629e-01
5.294001698493957520e-01
4.631896317005157471e-01
4.189136326313018799e-01
3.567019999027252197e-01
3.383992314338684082e-01
6.205520033836364746e-01
3.611634671688079834e-01
5.256500244140625000e-01
4.427121877670288086e-01
4.128355979919433594e-01
5.988138914108276367e-01
6.172735691070556641e-01
4.108439981937408447e-01
3.639250099658966064e-01
4.128035008907318115e-01
5.592367053031921387e-01
5.546288490295410156e-01
3.497516214847564697e-01
6.301370859146118164e-01
5.984075665473937988e-01
5.572006106376647949e-01
3.628989458084106445e-01
6.278048753738403320e-01
3.927168846130371094e-01
3.727126121520996094e-01
3.865866065025329590e-01
5.480177998542785645e-01
3.713551163673400879e-01
3.902322053909301758e-01
3.580097556114196777e-01
6.147310733795166016e-01
6.328176856040954590e-01
4.639821648597717285e-01
5.788159966468811035e-01
3.558427095413208008e-01
3.768189847469329834e-01
4.890180528163909912e-01
6.084083318710327148e-01
4.720917046070098877e-01
6.274238824844360352e-01
4.922366738319396973e-01
5.001556873321533203e-01
3.728514909744262695e-01
6.342597603797912598e-01
3.448864817619323730e-01
6.062810420989990234e-01
5.668523907661437988e-01
3.845105469226837158e-01
3.833094537258148193e-01
6.074265837669372559e-01
4.621677398681640625e-01
6.222891211509704590e-01
6.144202351570129395e-01
3.510196805000305176e-01
3.741347193717956543e-01
4.373040795326232910e-01
6.236745119094848633e-01
5.399853587150573730e-01
4.328836500644683838e-01
6.159400939941406250e-01
5.391830801963806152e-01
5.346016883850097656e-01
3.791668713092803955e-01
3.425322175025939941e-01
3.496394455432891846e-01
3.489331901073455811e-01
3.929762244224548340e-01
3.435746729373931885e-01
6.162210702896118164e-01
5.868321061134338379e-01
3.606706857681274414e-01
5.515285730361938477e-01
3.935904800891876221e-01
4.636123776435852051e-01
5.983324050903320312e-01
5.788101553916931152e-01
3.630417883396148682e-01
3.558463454246520996e-01
6.258436441421508789e-01
5.759527087211608887e-01
3.398954272270202637e-01
4.082431793212890625e-01
6.284478902816772461e-01
6.023198366165161133e-01
5.604469776153564453e-01
6.102344989776611328e-01
6.026827692985534668e-01
3.992236256599426270e-01
5.119316577911376953e-01
3.924879431724548340e-01
4.022619128227233887e-01
6.311463117599487305e-01
6.066693067550659180e-01
6.228367090225219727e-01
3.727758526802062988e-01
6.130236983299255371e-01
6.235940456390380859e-01
3.424537479877471924e-01
5.517240166664123535e-01
5.129856467247009277e-01
5.719637274742126465e-01
6.151884794235229492e-01
5.264099836349487305e-01
6.166249513626098633e-01
6.099554300308227539e-01
4.373719692230224609e-01
5.236344337463378906e-01
4.007518291473388672e-01
3.402355909347534180e-01
6.159833669662475586e-01
6.092383861541748047e-01
4.463191628456115723e-01
3.515770733356475830e-01
5.141609907150268555e-01
4.111877679824829102e-01
5.805602669715881348e-01
3.685561716556549072e-01
5.211887955665588379e-01
6.051558256149291992e-01
6.251154541969299316e-01
5.870786905288696289e-01
4.034354686737060547e-01
4.634987413883209229e-01
3.424614965915679932e-01
3.660959899425506592e-01
4.424342513084411621e-01
3.475233018398284912e-01
3.546083271503448486e-01
6.052116751670837402e-01
5.889741182327270508e-01
4.035516083240509033e-01
3.641995787620544434e-01
6.188419461250305176e-01
4.346404671669006348e-01
6.232702136039733887e-01
4.114608168601989746e-01
4.394764006137847900e-01
6.222926378250122070e-01
5.874666571617126465e-01
5.453903675079345703e-01
5.502446889877319336e-01
5.569269657135009766e-01
6.034882664680480957e-01
3.589871525764465332e-01
6.215767264366149902e-01
6.088335514068603516e-01
3.575781285762786865e-01
4.992744624614715576e-01
5.074626803398132324e-01
3.799995779991149902e-01
5.618115067481994629e-01
4.539099335670471191e-01
3.442411124706268311e-01
3.781183063983917236e-01
4.206734001636505127e-01
6.297246217727661133e-01
6.275386810302734375e-01
6.235861778259277344e-01
4.828712940216064453e-01
3.727188110351562500e-01
6.232437491416931152e-01
6.273398399353027344e-01
5.046255588531494141e-01
3.536392152309417725e-01
5.552538037300109863e-01
5.873300433158874512e-01
4.717031121253967285e-01
3.840626776218414307e-01
4.743987023830413818e-01
3.787729740142822266e-01
3.783004283905029297e-01
5.705199241638183594e-01
3.791778087615966797e-01
3.569697737693786621e-01
6.250100731849670410e-01
4.372422993183135986e-01
4.997527599334716797e-01
5.260642170906066895e-01
3.447736501693725586e-01
5.583817362785339355e-01
5.053351521492004395e-01
4.524395167827606201e-01
3.394913375377655029e-01
5.246203541755676270e-01
4.037947356700897217e-01
3.941577672958374023e-01
6.256619691848754883e-01
5.755592584609985352e-01
5.866852998733520508e-01
3.620663583278656006e-01
5.485466718673706055e-01
6.051380038261413574e-01
4.476512372493743896e-01
5.939044356346130371e-01
6.083641648292541504e-01
5.559761524200439453e-01
3.489211797714233398e-01
5.852549076080322266e-01
6.205918788909912109e-01
4.035867154598236084e-01
3.661734759807586670e-01
6.205632686614990234e-01
5.650168657302856445e-01
5.234274268150329590e-01
6.287041902542114258e-01
5.893431901931762695e-01
4.773191809654235840e-01
4.399178624153137207e-01
4.244623184204101562e-01
6.143748760223388672e-01
4.191095232963562012e-01
3.511906862258911133e-01
5.234695076942443848e-01
5.994902253150939941e-01
4.142844080924987793e-01
5.473663210868835449e-01
4.120561182498931885e-01
6.062319874763488770e-01
6.336975693702697754e-01
6.308960914611816406e-01
3.576162755489349365e-01
4.440421462059020996e-01
6.301884055137634277e-01
4.105738997459411621e-01
5.342382788658142090e-01
4.358152151107788086e-01
3.428605198860168457e-01
4.448789954185485840e-01
5.214183330535888672e-01
3.596856892108917236e-01
5.929211378097534180e-01
6.246840357780456543e-01
4.001128971576690674e-01
5.895528197288513184e-01
3.571715056896209717e-01
4.214919507503509521e-01
3.734774291515350342e-01
5.348017215728759766e-01
6.164416074752807617e-01
5.710449218750000000e-01
4.330679774284362793e-01
5.677485466003417969e-01
6.079543232917785645e-01
6.343150138854980469e-01
3.537566661834716797e-01
4.947699606418609619e-01
6.155487298965454102e-01
4.711874127388000488e-01
6.303216814994812012e-01
6.040163636207580566e-01
3.569947481155395508e-01
3.472641408443450928e-01
3.527257442474365234e-01
5.909034013748168945e-01
6.191295981407165527e-01
3.670822083950042725e-01
3.604229688644409180e-01
3.622554242610931396e-01
3.870253264904022217e-01
5.529055595397949219e-01
5.295144319534301758e-01
3.429746627807617188e-01
6.309514641761779785e-01
4.912619888782501221e-01
4.162257909774780273e-01
6.001247763633728027e-01
3.771957755088806152e-01
6.280161738395690918e-01
3.586316108703613281e-01
6.053693294525146484e-01
5.490709543228149414e-01
6.119559407234191895e-01
6.287534832954406738e-01
4.145487546920776367e-01
6.276524662971496582e-01
3.916710317134857178e-01
3.394225835800170898e-01
5.658780336380004883e-01
4.049323499202728271e-01
4.446531236171722412e-01
3.686521351337432861e-01
6.240502595901489258e-01
5.957565307617187500e-01
6.259524822235107422e-01
4.260301291942596436e-01
5.088672637939453125e-01
6.046640276908874512e-01
3.601080477237701416e-01
4.888819456100463867e-01
6.051495075225830078e-01
5.337865948677062988e-01
4.719320833683013916e-01
3.435396850109100342e-01
6.075351238250732422e-01
3.716761171817779541e-01
5.488159656524658203e-01
3.894351720809936523e-01
4.995034039020538330e-01
4.171417951583862305e-01
6.331607699394226074e-01
5.817233920097351074e-01
3.559435307979583740e-01
4.317989349365234375e-01
6.255943179130554199e-01
3.701542317867279053e-01
6.181179285049438477e-01
3.640269637107849121e-01
3.616495132446289062e-01
3.606614172458648682e-01
5.984833240509033203e-01
3.659512102603912354e-01
3.964563608169555664e-01
6.127970218658447266e-01
3.515029549598693848e-01
3.652221858501434326e-01
6.241624951362609863e-01
6.044134497642517090e-01
6.088441014289855957e-01
3.440110087394714355e-01
5.918741226196289062e-01
5.025840997695922852e-01
4.719019234180450439e-01
5.128198862075805664e-01
6.029697656631469727e-01
5.628047585487365723e-01
4.612748622894287109e-01
3.810884654521942139e-01
3.758958280086517334e-01
6.283489465713500977e-01
6.260864734649658203e-01
3.545454144477844238e-01
6.042206287384033203e-01
4.256885647773742676e-01
6.226686239242553711e-01
5.740019083023071289e-01
6.280428767204284668e-01
5.665802955627441406e-01
4.963208138942718506e-01
4.508480131626129150e-01
4.078070819377899170e-01
3.848383724689483643e-01
4.048674106597900391e-01
5.538599491119384766e-01
5.992755889892578125e-01
5.376089215278625488e-01
5.209696888923645020e-01
3.553133904933929443e-01
5.549960732460021973e-01
3.921028673648834229e-01
6.202347278594970703e-01
5.864146351814270020e-01
6.195482015609741211e-01
6.177682876586914062e-01
3.503226041793823242e-01
4.321968853473663330e-01
3.401036560535430908e-01
5.820501446723937988e-01
5.857021212577819824e-01
5.231136083602905273e-01
3.447833061218261719e-01
3.684709072113037109e-01
4.046542942523956299e-01
6.044633984565734863e-01
4.750199019908905029e-01
4.744899272918701172e-01
4.027704894542694092e-01
5.351191759109497070e-01
6.084254980087280273e-01
3.647255301475524902e-01
4.503795802593231201e-01
6.173956394195556641e-01
3.721050918102264404e-01
5.382179617881774902e-01
3.897597789764404297e-01
3.989566564559936523e-01
5.747547745704650879e-01
3.921341896057128906e-01
3.512193858623504639e-01
6.245175004005432129e-01
6.161705255508422852e-01
4.200929999351501465e-01
5.628113746643066406e-01
5.080583095550537109e-01
5.450797677040100098e-01
3.454233705997467041e-01
5.586659908294677734e-01
3.774714171886444092e-01
5.317941308021545410e-01
3.558686971664428711e-01
3.612277209758758545e-01
5.305099487304687500e-01
5.953525304794311523e-01
5.678994655609130859e-01
4.316614270210266113e-01
4.570577740669250488e-01
6.163149476051330566e-01
6.250101923942565918e-01
6.268879771232604980e-01
6.269817352294921875e-01
5.627250075340270996e-01
4.662489295005798340e-01
5.701740980148315430e-01
6.255816817283630371e-01
6.013326644897460938e-01
5.830653905868530273e-01
3.507333099842071533e-01
5.914264321327209473e-01
4.692736864089965820e-01
5.984122753143310547e-01
3.406052887439727783e-01
4.846121370792388916e-01
3.426821529865264893e-01
4.045165181159973145e-01
3.817949593067169189e-01
5.627580881118774414e-01
5.520161986351013184e-01
5.453961491584777832e-01
4.358903169631958008e-01
3.724403977394104004e-01
5.423273444175720215e-01
3.836696743965148926e-01
5.619181990623474121e-01
5.968649983406066895e-01
3.391484022140502930e-01
6.275042295455932617e-01
4.213142096996307373e-01
6.186235547065734863e-01
6.154046058654785156e-01
6.172283887863159180e-01
5.666155815124511719e-01
3.681120574474334717e-01
4.010969102382659912e-01
4.072702825069427490e-01
6.286711692810058594e-01
3.446410298347473145e-01
3.823014497756958008e-01
6.316304206848144531e-01
5.421002507209777832e-01
3.649784028530120850e-01
6.319344043731689453e-01
4.092909395694732666e-01
6.207564473152160645e-01
4.199446141719818115e-01
6.214354634284973145e-01
6.060429215431213379e-01
3.494872450828552246e-01
6.017463803291320801e-01
3.416335880756378174e-01
5.172112584114074707e-01
4.397115707397460938e-01
4.867744743824005127e-01
5.415455102920532227e-01
6.290634274482727051e-01
6.243768930435180664e-01
3.432804346084594727e-01
6.248117685317993164e-01
3.583295047283172607e-01
6.287362575531005859e-01
4.846201539039611816e-01
4.187813699245452881e-01
6.117550730705261230e-01
4.246971905231475830e-01
3.420411348342895508e-01
6.309673190116882324e-01
4.128208756446838379e-01
6.061390638351440430e-01
5.770565867424011230e-01
6.298475265502929688e-01
6.199346780776977539e-01
3.350442647933959961e-01
3.711552619934082031e-01
3.898370563983917236e-01
5.988374352455139160e-01
4.032254815101623535e-01
4.667645096778869629e-01
4.281844198703765869e-01
5.997391343116760254e-01
5.926452875137329102e-01
4.514800608158111572e-01
5.135925412178039551e-01
5.704254508018493652e-01
4.542265236377716064e-01
6.216742992401123047e-01
4.316809773445129395e-01
3.440010249614715576e-01
3.641865253448486328e-01
4.445833265781402588e-01
5.605414509773254395e-01
3.495158255100250244e-01
4.158735871315002441e-01
3.558654785156250000e-01
5.888110399246215820e-01
5.745775103569030762e-01
4.276773929595947266e-01
6.187857985496520996e-01
4.997462034225463867e-01
6.151366829872131348e-01
5.938511490821838379e-01
4.528103470802307129e-01
4.611956179141998291e-01
6.327651143074035645e-01
3.425126671791076660e-01
5.938729047775268555e-01
3.469117581844329834e-01
6.103807687759399414e-01
3.525604009628295898e-01
3.945286273956298828e-01
5.536180138587951660e-01
6.346780061721801758e-01
5.736365914344787598e-01
6.312703490257263184e-01
3.424022197723388672e-01
5.986943244934082031e-01
4.035142660140991211e-01
4.735073149204254150e-01
6.292583346366882324e-01
6.147534847259521484e-01
6.161261796951293945e-01
3.577782511711120605e-01
6.280506849288940430e-01
4.679040014743804932e-01
3.849636912345886230e-01
3.662738800048828125e-01
4.701491892337799072e-01
6.284003853797912598e-01
3.970201909542083740e-01
3.649996817111968994e-01
6.164183616638183594e-01
4.577159583568572998e-01
5.985900759696960449e-01
4.182966351509094238e-01
4.388809502124786377e-01
5.260456204414367676e-01
3.726467490196228027e-01
4.416954815387725830e-01
5.996595621109008789e-01
5.834923386573791504e-01
6.296946406364440918e-01
3.944156765937805176e-01
6.184815764427185059e-01
6.280071735382080078e-01
5.153933167457580566e-01
3.829023838043212891e-01
4.803318083286285400e-01
6.198652982711791992e-01
5.579197406768798828e-01
3.383489847183227539e-01
5.826905369758605957e-01
4.763609766960144043e-01
5.560202598571777344e-01
3.960886895656585693e-01
3.545180261135101318e-01
6.263941526412963867e-01
4.920249879360198975e-01
5.382407903671264648e-01
4.142023921012878418e-01
4.342935383319854736e-01
6.282766461372375488e-01
5.130596160888671875e-01
5.961334109306335449e-01
6.007723212242126465e-01
5.585894584655761719e-01
5.104355812072753906e-01
6.135773658752441406e-01
5.603384375572204590e-01
5.704869627952575684e-01
5.883345007896423340e-01
6.283736228942871094e-01
5.797307491302490234e-01
6.051549911499023438e-01
5.566108226776123047e-01
5.649104118347167969e-01
3.630874156951904297e-01
3.504216670989990234e-01
6.250631809234619141e-01
3.495606482028961182e-01
3.907500505447387695e-01
5.966161489486694336e-01
5.555656552314758301e-01
5.936675667762756348e-01
4.820401966571807861e-01
6.294767856597900391e-01
6.195310354232788086e-01
6.161974072456359863e-01
6.292195320129394531e-01
6.037343740463256836e-01
3.469709753990173340e-01
3.879906237125396729e-01
3.475063145160675049e-01
3.596716821193695068e-01
6.139540672302246094e-01
5.098611116409301758e-01
4.137979447841644287e-01
3.525420129299163818e-01
3.716810643672943115e-01
3.440251052379608154e-01
6.034746766090393066e-01
4.019951522350311279e-01
6.272837519645690918e-01
4.901852011680603027e-01
5.792974233627319336e-01
5.251572132110595703e-01
3.393068611621856689e-01
3.987089395523071289e-01
6.311553716659545898e-01
4.194040298461914062e-01
3.619132339954376221e-01
6.237462162971496582e-01
6.098439097404479980e-01
6.003476381301879883e-01
6.207498311996459961e-01
4.399567544460296631e-01
5.223723053932189941e-01
3.503378629684448242e-01
5.736005902290344238e-01
3.748574554920196533e-01
4.370783567428588867e-01
5.887208580970764160e-01
4.624865651130676270e-01
6.266798973083496094e-01
6.234061717987060547e-01
3.449223637580871582e-01
5.807276964187622070e-01
6.229783892631530762e-01
5.877632498741149902e-01
4.227398037910461426e-01
3.750402629375457764e-01
3.614574670791625977e-01
3.951508402824401855e-01
3.548194169998168945e-01
3.464959859848022461e-01
4.147353172302246094e-01
4.807043373584747314e-01
3.523876965045928955e-01
5.099661350250244141e-01
6.290551424026489258e-01
4.603016972541809082e-01
5.908864140510559082e-01
3.615026175975799561e-01
3.622433245182037354e-01
6.300958991050720215e-01
3.451927602291107178e-01
3.781072795391082764e-01
3.839828968048095703e-01
3.764490187168121338e-01
3.928188979625701904e-01
5.468085408210754395e-01
5.658469200134277344e-01
6.243336200714111328e-01
3.751700520515441895e-01
3.501039445400238037e-01
4.502844214439392090e-01
4.978262782096862793e-01
6.255763769149780273e-01
3.481243550777435303e-01
4.013735651969909668e-01
4.139575958251953125e-01
3.389777839183807373e-01
5.076035857200622559e-01
5.625209808349609375e-01
5.331768989562988281e-01
6.051682829856872559e-01
5.349510312080383301e-01
5.403625965118408203e-01
3.604781031608581543e-01
3.624583780765533447e-01
6.160067319869995117e-01
3.738762140274047852e-01
4.016846418380737305e-01
4.270997345447540283e-01
5.312116146087646484e-01
3.456562757492065430e-01
5.790337324142456055e-01
3.816234469413757324e-01
6.116654276847839355e-01
4.477807283401489258e-01
6.142870187759399414e-01
5.630727410316467285e-01
5.548301339149475098e-01
5.077098608016967773e-01
5.065202713012695312e-01
3.893483281135559082e-01
3.362564444541931152e-01
3.677773475646972656e-01
4.431589543819427490e-01
3.579516708850860596e-01
3.709387481212615967e-01
6.306614875793457031e-01
5.891072750091552734e-01
5.408059954643249512e-01
3.991879820823669434e-01
5.100913047790527344e-01
5.793752670288085938e-01
5.716211199760437012e-01
6.158427000045776367e-01
4.017083942890167236e-01
3.388967812061309814e-01
3.625316917896270752e-01
6.327491402626037598e-01
4.219551682472229004e-01
4.566566944122314453e-01
3.801396787166595459e-01
4.068981707096099854e-01
4.155405759811401367e-01
5.039572715759277344e-01
5.710999369621276855e-01
6.154142022132873535e-01
4.020345211029052734e-01
5.422384142875671387e-01
5.393928289413452148e-01
3.921057283878326416e-01
3.662502169609069824e-01
6.253255009651184082e-01
6.275624036788940430e-01
4.144047498703002930e-01
5.455504655838012695e-01
6.143054366111755371e-01
4.301082193851470947e-01
5.969834923744201660e-01
6.225408911705017090e-01
4.302478730678558350e-01
3.696672618389129639e-01
5.615303516387939453e-01
4.786704778671264648e-01
3.601280450820922852e-01
6.312652826309204102e-01
6.278218030929565430e-01
5.800391435623168945e-01
3.696547746658325195e-01
4.707960784435272217e-01
5.353558063507080078e-01
5.908600687980651855e-01
6.234850287437438965e-01
5.839862227439880371e-01
6.125147938728332520e-01
4.425044357776641846e-01
3.575358986854553223e-01
3.394523561000823975e-01
5.531591773033142090e-01
6.250596642494201660e-01
5.334362387657165527e-01
3.913750648498535156e-01
6.310782432556152344e-01
3.425721526145935059e-01
5.957795977592468262e-01
6.273071169853210449e-01
6.049302816390991211e-01
5.642607212066650391e-01
3.580625951290130615e-01
6.015278100967407227e-01
3.459095954895019531e-01
4.302935004234313965e-01
3.880750834941864014e-01
5.942322015762329102e-01
3.552711308002471924e-01
3.685523271560668945e-01
4.247354865074157715e-01
5.775310397148132324e-01
4.344817996025085449e-01
5.962269902229309082e-01
3.377102315425872803e-01
4.648761451244354248e-01
6.203242540359497070e-01
3.750639259815216064e-01
3.369393348693847656e-01
3.395600318908691406e-01
3.775930404663085938e-01
4.861610531806945801e-01
4.757168292999267578e-01
5.612820982933044434e-01
6.080693006515502930e-01
3.716735243797302246e-01
3.432773351669311523e-01
4.139083921909332275e-01
6.306862831115722656e-01
3.422437012195587158e-01
4.237810671329498291e-01
5.238052010536193848e-01
6.126290559768676758e-01
5.901464223861694336e-01
5.609165430068969727e-01
3.405794501304626465e-01
5.185959339141845703e-01
6.185730099678039551e-01
3.964036703109741211e-01
3.553863167762756348e-01
5.855833292007446289e-01
4.002813398838043213e-01
3.817304670810699463e-01
6.208126544952392578e-01
3.706004321575164795e-01
3.635728359222412109e-01
5.417317748069763184e-01
5.851187109947204590e-01
4.908146858215332031e-01
6.249287128448486328e-01
4.038644134998321533e-01
4.943482279777526855e-01
6.134402751922607422e-01
4.164033830165863037e-01
6.032954454421997070e-01
4.645464420318603516e-01
6.189188957214355469e-01
3.421258032321929932e-01
3.361875712871551514e-01
4.987412393093109131e-01
5.840088725090026855e-01
4.100492596626281738e-01
6.331040263175964355e-01
6.275033354759216309e-01
4.505391418933868408e-01
6.253359317779541016e-01
3.680875003337860107e-01
3.499453663825988770e-01
6.147307157516479492e-01
3.472164571285247803e-01
3.721306324005126953e-01
3.639484345912933350e-01
3.391586244106292725e-01
3.901625275611877441e-01
5.873764753341674805e-01
4.689564108848571777e-01
3.895391225814819336e-01
6.206814646720886230e-01
6.140803694725036621e-01
3.893083035945892334e-01
3.612591028213500977e-01
6.258344054222106934e-01
3.633923828601837158e-01
3.756036758422851562e-01
6.336683630943298340e-01
6.193366646766662598e-01
4.655483663082122803e-01
6.206309199333190918e-01
5.292679667472839355e-01
4.282776713371276855e-01
3.922656774520874023e-01
3.768437206745147705e-01
4.724348485469818115e-01
3.565244376659393311e-01
3.880160152912139893e-01
5.677227377891540527e-01
3.525953292846679688e-01
3.519617021083831787e-01
6.321496367454528809e-01
4.024433791637420654e-01
5.626381039619445801e-01
3.811955749988555908e-01
3.735726177692413330e-01
6.152674555778503418e-01
3.691328167915344238e-01
6.076158881187438965e-01
4.759571254253387451e-01
3.373715281486511230e-01
5.363820195198059082e-01
3.881538808345794678e-01
3.348786234855651855e-01
3.688474595546722412e-01
5.819631814956665039e-01
5.820919871330261230e-01
4.023224115371704102e-01
5.772440433502197266e-01
5.951830148696899414e-01
6.099194884300231934e-01
4.451115429401397705e-01
6.266184449195861816e-01
4.019154906272888184e-01
3.550556004047393799e-01
3.792523443698883057e-01
6.194521784782409668e-01
3.595799803733825684e-01
6.325835585594177246e-01
4.219379723072052002e-01
5.680432915687561035e-01
4.438625872135162354e-01
3.595952093601226807e-01
5.703769922256469727e-01
6.265561580657958984e-01
3.703642189502716064e-01
4.541608989238739014e-01
5.590639114379882812e-01
4.857537746429443359e-01
6.073091030120849609e-01
3.498707413673400879e-01
4.631719887256622314e-01
4.920361340045928955e-01
4.154765605926513672e-01
4.165277779102325439e-01
5.400471091270446777e-01
5.288338065147399902e-01
4.502286612987518311e-01
4.304190278053283691e-01
5.925568342208862305e-01
5.748124122619628906e-01
3.942934870719909668e-01
6.146385669708251953e-01
6.077826619148254395e-01
4.788502454757690430e-01
3.688798546791076660e-01
5.329880714416503906e-01
4.548299014568328857e-01
3.885638713836669922e-01
4.750138521194458008e-01
5.623387098312377930e-01
6.255250573158264160e-01
6.293780207633972168e-01
6.269789934158325195e-01
6.119729876518249512e-01
4.308066368103027344e-01
6.102410554885864258e-01
3.409430086612701416e-01
3.400124013423919678e-01
6.028254628181457520e-01
4.007535278797149658e-01
6.282637715339660645e-01
4.464592635631561279e-01
4.301168322563171387e-01
5.535750389099121094e-01
5.093783140182495117e-01
4.090394079685211182e-01
4.153954982757568359e-01
4.191554486751556396e-01
5.399557352066040039e-01
6.130133271217346191e-01
3.684559762477874756e-01
6.314581036567687988e-01
5.639775395393371582e-01
6.351838111877441406e-01
6.257363557815551758e-01
5.190100669860839844e-01
5.695101022720336914e-01
6.282159090042114258e-01
6.215017437934875488e-01
5.609964132308959961e-01
6.170281171798706055e-01
6.202345490455627441e-01
5.993387103080749512e-01
5.065866708755493164e-01
5.637934803962707520e-01
4.490522146224975586e-01
4.452520906925201416e-01
3.475957810878753662e-01
6.063252091407775879e-01
5.526712536811828613e-01
3.424855470657348633e-01
3.916746973991394043e-01
4.172131717205047607e-01
4.460677802562713623e-01
5.871432423591613770e-01
6.163064241409301758e-01
3.523050248622894287e-01
3.570885658264160156e-01
3.681623041629791260e-01
3.711333870887756348e-01
4.419586360454559326e-01
3.595803678035736084e-01
5.290151238441467285e-01
6.315045952796936035e-01
5.038353800773620605e-01
3.629049062728881836e-01
6.307850480079650879e-01
3.603571653366088867e-01
4.154379963874816895e-01
5.151926279067993164e-01
5.926055908203125000e-01
3.554904460906982422e-01
3.557974100112915039e-01
3.586501181125640869e-01
3.673895299434661865e-01
6.165605187416076660e-01
4.851334691047668457e-01
3.609837293624877930e-01
5.788148045539855957e-01
6.307091116905212402e-01
5.179480910301208496e-01
6.344467997550964355e-01
6.087312102317810059e-01
5.504075288772583008e-01
6.133517026901245117e-01
5.401405096054077148e-01
5.113089084625244141e-01
3.475251495838165283e-01
6.301259398460388184e-01
4.057370126247406006e-01
3.491972088813781738e-01
6.132134199142456055e-01
3.913812339305877686e-01
3.403500616550445557e-01
3.484658300876617432e-01
6.005970239639282227e-01
4.603490829467773438e-01
5.301524400711059570e-01
5.754454731941223145e-01
3.672680258750915527e-01
3.884415030479431152e-01
3.478989899158477783e-01
6.216260790824890137e-01
5.270476341247558594e-01
3.501318097114562988e-01
3.765241205692291260e-01
6.291255950927734375e-01
5.665022134780883789e-01
6.156128048896789551e-01
4.169391393661499023e-01
6.200552582740783691e-01
6.213234066963195801e-01
4.292947351932525635e-01
4.796321392059326172e-01
5.035806894302368164e-01
6.199898123741149902e-01
6.223691105842590332e-01
6.300269365310668945e-01
6.008504033088684082e-01
3.547252416610717773e-01
6.336691379547119141e-01
6.223443150520324707e-01
3.754038512706756592e-01
6.212831139564514160e-01
4.723754823207855225e-01
6.203203797340393066e-01
3.399731218814849854e-01
6.066952943801879883e-01
6.087243556976318359e-01
4.352764785289764404e-01
5.912886857986450195e-01
6.024437546730041504e-01
5.811237692832946777e-01
6.252077817916870117e-01
6.059616804122924805e-01
6.314130425453186035e-01
4.443966150283813477e-01
5.400437712669372559e-01
4.998128414154052734e-01
3.871359527111053467e-01
4.831315875053405762e-01
3.465173244476318359e-01
4.457327425479888916e-01
3.779964745044708252e-01
4.843176901340484619e-01
3.603973984718322754e-01
3.386375308036804199e-01
5.656904578208923340e-01
4.258376061916351318e-01
3.379579782485961914e-01
4.121500551700592041e-01
5.473822951316833496e-01
3.499294519424438477e-01
6.132272481918334961e-01
5.097790956497192383e-01
3.678797185420989990e-01
3.837952017784118652e-01
5.289896130561828613e-01
3.394968211650848389e-01
4.373728930950164795e-01
5.621533989906311035e-01
5.880610942840576172e-01
5.817776918411254883e-01
5.303037762641906738e-01
6.294328570365905762e-01
6.246540546417236328e-01
5.518009066581726074e-01
6.228254437446594238e-01
3.444560170173645020e-01
5.970020890235900879e-01
6.300854086875915527e-01
5.391450524330139160e-01
4.496155083179473877e-01
5.385801792144775391e-01
6.208955645561218262e-01
4.217458665370941162e-01
6.096028089523315430e-01
3.397169411182403564e-01
3.628887832164764404e-01
3.415254056453704834e-01
3.982375562191009521e-01
6.283099651336669922e-01
6.193467974662780762e-01
4.126974940299987793e-01
3.679375350475311279e-01
5.228486061096191406e-01
4.344667792320251465e-01
6.012342572212219238e-01
5.868762731552124023e-01
3.869250714778900146e-01
4.324169158935546875e-01
6.304047107696533203e-01
6.309757828712463379e-01
5.602136850357055664e-01
5.322129130363464355e-01
5.882242918014526367e-01
5.211523771286010742e-01
3.831372559070587158e-01
3.655563294887542725e-01
6.211189031600952148e-01
6.262291073799133301e-01
5.793495774269104004e-01
3.726227283477783203e-01
4.023115634918212891e-01
4.754368662834167480e-01
3.552737832069396973e-01
3.448133468627929688e-01
6.222335100173950195e-01
3.750157952308654785e-01
4.860522747039794922e-01
3.651111423969268799e-01
6.310126185417175293e-01
4.193875789642333984e-01
4.032546579837799072e-01
3.992887437343597412e-01
3.607107400894165039e-01
5.801318287849426270e-01
3.532994687557220459e-01
3.465600609779357910e-01
5.121055841445922852e-01
3.586603999137878418e-01
6.137211918830871582e-01
4.775422215461730957e-01
6.166098713874816895e-01
6.147631406784057617e-01
4.017162322998046875e-01
6.044407486915588379e-01
5.752977132797241211e-01
5.022321343421936035e-01
5.405523180961608887e-01
4.267116487026214600e-01
4.157755970954895020e-01
3.500893712043762207e-01
6.210209131240844727e-01
6.233186125755310059e-01
4.082673192024230957e-01
4.923310279846191406e-01
5.651095509529113770e-01
6.090959906578063965e-01
6.201841831207275391e-01
6.286019086837768555e-01
6.049000024795532227e-01
6.067941784858703613e-01
3.659871220588684082e-01
3.881457746028900146e-01
5.753825306892395020e-01
5.286893844604492188e-01
5.272339582443237305e-01
6.165497303009033203e-01
6.291579604148864746e-01
6.164206862449645996e-01
3.515152633190155029e-01
6.271608471870422363e-01
4.237589240074157715e-01
6.330009102821350098e-01
6.140867471694946289e-01
3.540716171264648438e-01
3.766424059867858887e-01
4.300566613674163818e-01
6.246045231819152832e-01
6.129559278488159180e-01
5.925559401512145996e-01
6.062341928482055664e-01
4.523378014564514160e-01
4.054463803768157959e-01
6.256718039512634277e-01
5.540096759796142578e-01
3.730569481849670410e-01
3.949762284755706787e-01
4.536834955215454102e-01
3.422418832778930664e-01
3.490811586380004883e-01
6.248346567153930664e-01
4.114202260971069336e-01
6.132991909980773926e-01
3.882408440113067627e-01
3.931641876697540283e-01
6.050361394882202148e-01
3.627796173095703125e-01
5.986063480377197266e-01
6.315341591835021973e-01
3.407570719718933105e-01
4.434950053691864014e-01
4.752440750598907471e-01
5.155472755432128906e-01
3.980190157890319824e-01
6.261528730392456055e-01
5.484768748283386230e-01
3.773178458213806152e-01
4.232961237430572510e-01
4.427030384540557861e-01
6.202247738838195801e-01
4.132730960845947266e-01
5.677145719528198242e-01
3.751678764820098877e-01
4.326210916042327881e-01
5.088111162185668945e-01
4.350737035274505615e-01
4.171102643013000488e-01
3.590714633464813232e-01
3.426216244697570801e-01
5.211780071258544922e-01
3.582759797573089600e-01
5.959425568580627441e-01
3.856677711009979248e-01
