3.465368449687957764e-01
3.287462890148162842e-01
3.400893211364746094e-01
5.222057104110717773e-01
6.429123878479003906e-01
5.920258164405822754e-01
5.900297164916992188e-01
5.831089019775390625e-01
4.192485213279724121e-01
4.175841212272644043e-01
3.500141799449920654e-01
3.377892971038818359e-01
3.460628390312194824e-01
3.274317383766174316e-01
3.654575645923614502e-01
4.665372371673583984e-01
4.232164919376373291e-01
4.156632423400878906e-01
5.999670028686523438e-01
6.247773170471191406e-01
3.338492512702941895e-01
3.293862044811248779e-01
5.373454093933105469e-01
3.308865725994110107e-01
3.481824696063995361e-01
3.307041823863983154e-01
6.019391417503356934e-01
3.232325911521911621e-01
4.313179552555084229e-01
4.862002730369567871e-01
3.776254355907440186e-01
4.271824657917022705e-01
3.353835940361022949e-01
3.456317484378814697e-01
3.419928252696990967e-01
3.273821473121643066e-01
3.305042088031768799e-01
3.449600040912628174e-01
3.262570202350616455e-01
6.112472414970397949e-01
4.187617599964141846e-01
4.837407767772674561e-01
6.089175939559936523e-01
5.810750126838684082e-01
6.168643832206726074e-01
6.012292504310607910e-01
6.496197581291198730e-01
3.676820993423461914e-01
5.686395168304443359e-01
3.435303866863250732e-01
3.415186703205108643e-01
3.616012334823608398e-01
6.039913892745971680e-01
5.783465504646301270e-01
4.121001362800598145e-01
6.287682056427001953e-01
6.436622738838195801e-01
3.315243422985076904e-01
3.708799183368682861e-01
6.228672266006469727e-01
6.006749868392944336e-01
3.473069071769714355e-01
5.671921968460083008e-01
3.237923681735992432e-01
3.423666357994079590e-01
5.247477293014526367e-01
3.400365710258483887e-01
3.436581790447235107e-01
3.671517372131347656e-01
3.335331976413726807e-01
3.545406758785247803e-01
3.279457986354827881e-01
5.469901561737060547e-01
4.904865920543670654e-01
3.405901789665222168e-01
5.064608454704284668e-01
4.686135351657867432e-01
4.402348399162292480e-01
5.522058606147766113e-01
3.528523743152618408e-01
4.518952667713165283e-01
5.558507442474365234e-01
6.280732154846191406e-01
5.676947832107543945e-01
3.284672498703002930e-01
3.767613172531127930e-01
5.705533027648925781e-01
5.814684629440307617e-01
4.262390434741973877e-01
5.942230820655822754e-01
4.450388252735137939e-01
3.268765807151794434e-01
3.402373492717742920e-01
3.404832482337951660e-01
3.631331920623779297e-01
3.294516503810882568e-01
6.020227074623107910e-01
3.723603188991546631e-01
3.328674733638763428e-01
3.955060839653015137e-01
4.486346244812011719e-01
6.268182396888732910e-01
5.258638262748718262e-01
3.356370031833648682e-01
3.323200047016143799e-01
3.819576203823089600e-01
3.999273180961608887e-01
3.658751249313354492e-01
5.469196438789367676e-01
4.695684909820556641e-01
3.713333308696746826e-01
3.494876623153686523e-01
3.670086562633514404e-01
3.351803421974182129e-01
4.110553264617919922e-01
5.350319147109985352e-01
5.854175686836242676e-01
5.157402753829956055e-01
3.273805975914001465e-01
3.344067037105560303e-01
4.332423508167266846e-01
5.656162500381469727e-01
4.236049354076385498e-01
6.215316653251647949e-01
3.716331720352172852e-01
3.459703922271728516e-01
3.311523497104644775e-01
6.393972039222717285e-01
6.025957465171813965e-01
6.095738410949707031e-01
6.467386484146118164e-01
3.839837014675140381e-01
3.259780704975128174e-01
6.248574852943420410e-01
3.268903493881225586e-01
4.595106542110443115e-01
4.370579123497009277e-01
3.683899641036987305e-01
3.350358307361602783e-01
3.279037475585937500e-01
3.451382517814636230e-01
3.584441840648651123e-01
3.325683772563934326e-01
5.336322784423828125e-01
5.473114848136901855e-01
5.692185759544372559e-01
5.620318055152893066e-01
3.408870398998260498e-01
3.294821083545684814e-01
3.492589592933654785e-01
3.613317608833312988e-01
3.392362296581268311e-01
3.419435918331146240e-01
3.239807188510894775e-01
3.290980160236358643e-01
6.231856942176818848e-01
4.237841069698333740e-01
3.802812099456787109e-01
3.496669232845306396e-01
6.135970950126647949e-01
3.653581142425537109e-01
3.265579938888549805e-01
6.121912598609924316e-01
3.300393223762512207e-01
6.397115588188171387e-01
3.326657712459564209e-01
5.395998358726501465e-01
5.824686288833618164e-01
6.290699839591979980e-01
3.319077491760253906e-01
5.551475882530212402e-01
3.363334536552429199e-01
3.557262718677520752e-01
3.402584493160247803e-01
3.588896095752716064e-01
4.422315061092376709e-01
6.039525270462036133e-01
3.225292563438415527e-01
5.246521234512329102e-01
3.642307221889495850e-01
3.330325186252593994e-01
3.514618277549743652e-01
3.251072466373443604e-01
4.036332368850708008e-01
3.668336570262908936e-01
5.550894141197204590e-01
3.231098353862762451e-01
4.788584709167480469e-01
4.703902602195739746e-01
5.396231412887573242e-01
3.461404144763946533e-01
6.235689520835876465e-01
3.444530665874481201e-01
4.231587648391723633e-01
3.319221138954162598e-01
6.052084565162658691e-01
6.411320567131042480e-01
6.276108026504516602e-01
3.318762481212615967e-01
4.232426285743713379e-01
4.285105466842651367e-01
3.363901376724243164e-01
3.239929378032684326e-01
3.428396284580230713e-01
6.013081073760986328e-01
6.092774868011474609e-01
3.603242039680480957e-01
5.179983377456665039e-01
6.307708024978637695e-01
3.693518042564392090e-01
3.395965695381164551e-01
6.368839144706726074e-01
4.621601104736328125e-01
3.466318845748901367e-01
3.300036191940307617e-01
3.815884888172149658e-01
3.720478713512420654e-01
5.820093750953674316e-01
4.552519023418426514e-01
6.013007760047912598e-01
3.274052739143371582e-01
6.183460950851440430e-01
3.719588220119476318e-01
3.385824263095855713e-01
3.388365507125854492e-01
3.425310254096984863e-01
3.309671878814697266e-01
3.889964222908020020e-01
3.339281678199768066e-01
3.356653451919555664e-01
3.795889019966125488e-01
3.681451976299285889e-01
3.487395346164703369e-01
3.525310456752777100e-01
3.442458212375640869e-01
3.345215916633605957e-01
4.495118260383605957e-01
3.328690230846405029e-01
6.375073790550231934e-01
3.478426933288574219e-01
3.340176045894622803e-01
4.155654311180114746e-01
5.848935246467590332e-01
6.274667382240295410e-01
5.017052888870239258e-01
3.984059691429138184e-01
4.888423979282379150e-01
3.235153555870056152e-01
4.795318543910980225e-01
5.962554216384887695e-01
5.041450262069702148e-01
3.892362415790557861e-01
6.049953699111938477e-01
3.965584039688110352e-01
3.672034144401550293e-01
3.570014238357543945e-01
3.370276689529418945e-01
6.023514866828918457e-01
3.538774549961090088e-01
5.682166814804077148e-01
4.783860146999359131e-01
4.826379120349884033e-01
3.243979513645172119e-01
4.207659065723419189e-01
5.250861048698425293e-01
3.659025728702545166e-01
6.354190707206726074e-01
4.077223241329193115e-01
5.919029116630554199e-01
6.008132696151733398e-01
6.390205621719360352e-01
5.521789789199829102e-01
5.565491914749145508e-01
3.239535689353942871e-01
4.305230975151062012e-01
5.103156566619873047e-01
6.397798061370849609e-01
3.963851630687713623e-01
5.357292890548706055e-01
5.580785274505615234e-01
3.591172397136688232e-01
5.397220849990844727e-01
3.616121113300323486e-01
4.537739753723144531e-01
4.087896943092346191e-01
5.303549766540527344e-01
4.723154604434967041e-01
3.525337278842926025e-01
3.310739994049072266e-01
6.343523263931274414e-01
6.237666010856628418e-01
5.079960227012634277e-01
3.607387244701385498e-01
3.417490720748901367e-01
3.361127972602844238e-01
3.377266228199005127e-01
3.602950274944305420e-01
3.228083848953247070e-01
3.255262076854705811e-01
5.432835221290588379e-01
3.401809036731719971e-01
6.386102437973022461e-01
5.621913671493530273e-01
3.511729240417480469e-01
5.917198657989501953e-01
3.365678489208221436e-01
6.036602854728698730e-01
6.203265190124511719e-01
5.379481315612792969e-01
4.954209327697753906e-01
5.581756830215454102e-01
3.256748020648956299e-01
4.931349456310272217e-01
5.811737775802612305e-01
3.365545868873596191e-01
6.230143904685974121e-01
3.309622108936309814e-01
3.914387822151184082e-01
3.868517577648162842e-01
4.089230298995971680e-01
4.374343752861022949e-01
4.195183217525482178e-01
3.273836374282836914e-01
6.389746665954589844e-01
3.516009449958801270e-01
3.759565949440002441e-01
3.510101437568664551e-01
3.291687071323394775e-01
3.445394039154052734e-01
4.694584310054779053e-01
5.018848180770874023e-01
4.382086098194122314e-01
3.600178658962249756e-01
3.355149626731872559e-01
6.435740590095520020e-01
3.257010579109191895e-01
6.215225458145141602e-01
3.235155940055847168e-01
3.508638143539428711e-01
3.534466326236724854e-01
5.533537864685058594e-01
5.953019261360168457e-01
3.283415436744689941e-01
5.644732117652893066e-01
3.848317563533782959e-01
3.805105686187744141e-01
6.399477720260620117e-01
4.081887304782867432e-01
3.347550928592681885e-01
6.037840247154235840e-01
3.939283490180969238e-01
3.511555790901184082e-01
3.227922618389129639e-01
6.210913062095642090e-01
6.060954332351684570e-01
4.353940486907958984e-01
3.687446713447570801e-01
3.369634449481964111e-01
4.280368387699127197e-01
6.052391529083251953e-01
3.439141511917114258e-01
6.160978078842163086e-01
4.616133570671081543e-01
3.579167127609252930e-01
3.361790180206298828e-01
3.237774074077606201e-01
6.071909666061401367e-01
5.543813705444335938e-01
6.264557242393493652e-01
3.260436356067657471e-01
3.937136232852935791e-01
5.596638321876525879e-01
5.888014435768127441e-01
4.075815081596374512e-01
3.265175521373748779e-01
5.405347943305969238e-01
6.167196035385131836e-01
6.446915268898010254e-01
6.312751770019531250e-01
3.373219668865203857e-01
4.312534630298614502e-01
3.316468596458435059e-01
3.589049577713012695e-01
3.809496164321899414e-01
3.350192308425903320e-01
5.354134440422058105e-01
6.342421770095825195e-01
3.655389547348022461e-01
3.373281657695770264e-01
4.938749372959136963e-01
3.388419151306152344e-01
3.338854610919952393e-01
3.802499175071716309e-01
3.343501389026641846e-01
5.158068537712097168e-01
3.330127000808715820e-01
5.852093696594238281e-01
5.471106767654418945e-01
4.417963325977325439e-01
3.305424451828002930e-01
6.232349872589111328e-01
3.576543331146240234e-01
6.034455895423889160e-01
6.439144611358642578e-01
5.861901640892028809e-01
6.150060296058654785e-01
3.570834696292877197e-01
5.595500469207763672e-01
5.270186662673950195e-01
4.203396737575531006e-01
3.704870641231536865e-01
3.519440889358520508e-01
4.806064069271087646e-01
4.049289226531982422e-01
6.259905099868774414e-01
3.423522114753723145e-01
6.191902756690979004e-01
4.974344968795776367e-01
5.193536877632141113e-01
6.103730201721191406e-01
4.360886514186859131e-01
3.595608770847320557e-01
3.453344702720642090e-01
6.069664955139160156e-01
3.303748667240142822e-01
3.685779869556427002e-01
4.208824336528778076e-01
4.713673591613769531e-01
3.360142111778259277e-01
4.755171835422515869e-01
3.592709302902221680e-01
3.337943851947784424e-01
3.467812240123748779e-01
6.339219212532043457e-01
3.610839843750000000e-01
3.301761150360107422e-01
3.330704569816589355e-01
5.450375080108642578e-01
3.838798403739929199e-01
3.284770548343658447e-01
4.902608394622802734e-01
3.364241123199462891e-01
3.981406688690185547e-01
3.258425295352935791e-01
6.058605909347534180e-01
5.764679312705993652e-01
3.421331346035003662e-01
3.241924941539764404e-01
6.361656785011291504e-01
4.642342031002044678e-01
3.382706940174102783e-01
4.551129937171936035e-01
5.691462755203247070e-01
3.273299634456634521e-01
3.239588737487792969e-01
3.228870332241058350e-01
3.372825980186462402e-01
3.484928607940673828e-01
4.947722256183624268e-01
3.269734680652618408e-01
3.524654805660247803e-01
4.358228743076324463e-01
6.090623140335083008e-01
3.383379578590393066e-01
3.314589560031890869e-01
3.499574065208435059e-01
3.738802373409271240e-01
6.081064939498901367e-01
5.273472070693969727e-01
3.248147070407867432e-01
5.576136112213134766e-01
3.537245094776153564e-01
3.241530954837799072e-01
5.808866024017333984e-01
4.978683590888977051e-01
4.618917405605316162e-01
6.133594512939453125e-01
3.495043516159057617e-01
4.741558432579040527e-01
4.691763222217559814e-01
5.928823947906494141e-01
3.874808251857757568e-01
3.499898910522460938e-01
5.635973811149597168e-01
3.393203020095825195e-01
6.442506313323974609e-01
6.366645693778991699e-01
4.120446145534515381e-01
3.585736453533172607e-01
4.677325785160064697e-01
5.842805504798889160e-01
5.769836306571960449e-01
3.221505582332611084e-01
6.392081379890441895e-01
3.502918183803558350e-01
3.412458300590515137e-01
5.325840711593627930e-01
3.523868918418884277e-01
3.467361927032470703e-01
3.754183053970336914e-01
3.379004001617431641e-01
5.166325569152832031e-01
5.028563141822814941e-01
3.603426516056060791e-01
3.940682709217071533e-01
5.989649891853332520e-01
3.363535702228546143e-01
3.318817615509033203e-01
4.944741725921630859e-01
3.350922465324401855e-01
4.880916178226470947e-01
3.318919837474822998e-01
5.172932147979736328e-01
3.253091871738433838e-01
3.281487822532653809e-01
4.489159584045410156e-01
6.195318698883056641e-01
3.366049826145172119e-01
3.460890948772430420e-01
4.161227941513061523e-01
5.939351320266723633e-01
3.348561227321624756e-01
3.598781526088714600e-01
6.157246232032775879e-01
3.272343575954437256e-01
3.428274095058441162e-01
6.404140591621398926e-01
3.403979539871215820e-01
4.871845245361328125e-01
3.631930053234100342e-01
5.640570521354675293e-01
6.308318972587585449e-01
3.262001574039459229e-01
5.904419422149658203e-01
6.313760280609130859e-01
3.682334423065185547e-01
5.051251053810119629e-01
3.293108940124511719e-01
5.157858729362487793e-01
6.348791122436523438e-01
5.345357060432434082e-01
5.454129576683044434e-01
3.723717629909515381e-01
3.430582582950592041e-01
3.293314576148986816e-01
6.167846322059631348e-01
5.727266669273376465e-01
3.418203592300415039e-01
3.293892145156860352e-01
3.489371538162231445e-01
4.253262579441070557e-01
5.531285405158996582e-01
3.292574584484100342e-01
6.267468333244323730e-01
6.451426744461059570e-01
3.323374092578887939e-01
5.216822028160095215e-01
3.379411995410919189e-01
5.531423091888427734e-01
3.359171152114868164e-01
5.196504592895507812e-01
3.680672943592071533e-01
4.978384673595428467e-01
4.227644503116607666e-01
5.053878426551818848e-01
3.244598209857940674e-01
4.821301102638244629e-01
3.241222202777862549e-01
4.598682820796966553e-01
3.827983438968658447e-01
3.764237463474273682e-01
3.273507356643676758e-01
3.437165319919586182e-01
3.434489965438842773e-01
3.266690373420715332e-01
6.388842463493347168e-01
5.733615756034851074e-01
5.610428452491760254e-01
3.896571695804595947e-01
3.240942358970642090e-01
3.340210020542144775e-01
3.769558072090148926e-01
3.433537185192108154e-01
3.292177319526672363e-01
3.375771939754486084e-01
3.438570201396942139e-01
6.037009954452514648e-01
3.298635184764862061e-01
6.159242987632751465e-01
3.217348456382751465e-01
6.271913051605224609e-01
6.288028359413146973e-01
3.549566268920898438e-01
3.946868479251861572e-01
4.022011756896972656e-01
6.361600756645202637e-01
6.135801076889038086e-01
5.455747842788696289e-01
6.020449995994567871e-01
4.680893123149871826e-01
5.814974308013916016e-01
6.339729428291320801e-01
3.915114700794219971e-01
4.681835770606994629e-01
4.112852215766906738e-01
4.310322403907775879e-01
4.511219859123229980e-01
4.109480082988739014e-01
3.276266455650329590e-01
4.345433712005615234e-01
3.936700522899627686e-01
4.537154138088226318e-01
3.307140469551086426e-01
3.352064788341522217e-01
4.781218171119689941e-01
6.287989616394042969e-01
5.340277552604675293e-01
6.394773721694946289e-01
6.398853063583374023e-01
5.703763365745544434e-01
3.318819999694824219e-01
3.420076668262481689e-01
4.028527736663818359e-01
3.310018479824066162e-01
6.177446842193603516e-01
4.593379497528076172e-01
3.325862586498260498e-01
3.628426194190979004e-01
6.363776326179504395e-01
5.173585414886474609e-01
4.031594395637512207e-01
6.254851222038269043e-01
4.061099886894226074e-01
6.121038794517517090e-01
3.468636870384216309e-01
3.444887697696685791e-01
4.053276181221008301e-01
6.170365214347839355e-01
3.314465284347534180e-01
6.057782173156738281e-01
4.907681643962860107e-01
3.230589926242828369e-01
5.008456110954284668e-01
3.271277546882629395e-01
3.379647433757781982e-01
3.569442927837371826e-01
3.967879414558410645e-01
3.341683447360992432e-01
3.515097200870513916e-01
3.388429582118988037e-01
6.348141431808471680e-01
5.083359479904174805e-01
4.235033988952636719e-01
3.313812315464019775e-01
3.730899393558502197e-01
6.213119029998779297e-01
3.722757697105407715e-01
6.094487309455871582e-01
3.250616192817687988e-01
4.411620497703552246e-01
6.340058445930480957e-01
6.371483802795410156e-01
6.210111379623413086e-01
4.635052680969238281e-01
3.324633240699768066e-01
5.404927134513854980e-01
3.243252635002136230e-01
6.167210936546325684e-01
5.351206660270690918e-01
4.241937696933746338e-01
3.602379560470581055e-01
4.493840932846069336e-01
3.549830913543701172e-01
5.771152973175048828e-01
3.359256684780120850e-01
6.000873446464538574e-01
4.161762297153472900e-01
6.275138854980468750e-01
3.569647967815399170e-01
3.287912607192993164e-01
4.514798820018768311e-01
3.303277492523193359e-01
6.131505370140075684e-01
6.170409321784973145e-01
3.278103172779083252e-01
5.991449356079101562e-01
3.757219910621643066e-01
6.327856183052062988e-01
6.114359498023986816e-01
4.969756007194519043e-01
3.361972272396087646e-01
3.267023563385009766e-01
4.386847913265228271e-01
5.122950077056884766e-01
5.374115109443664551e-01
3.266731500625610352e-01
6.194862127304077148e-01
4.851444363594055176e-01
3.308169841766357422e-01
6.155031919479370117e-01
3.300249576568603516e-01
5.978757739067077637e-01
3.436255753040313721e-01
5.346999764442443848e-01
3.735269308090209961e-01
5.962150096893310547e-01
5.932147502899169922e-01
3.226658105850219727e-01
3.737572729587554932e-01
3.864910006523132324e-01
3.236000835895538330e-01
4.185883998870849609e-01
3.296817541122436523e-01
6.267404556274414062e-01
6.303477287292480469e-01
6.271992325782775879e-01
3.425140082836151123e-01
3.566647768020629883e-01
3.515151739120483398e-01
3.337336182594299316e-01
4.453037977218627930e-01
5.472775697708129883e-01
5.748500227928161621e-01
4.952474236488342285e-01
3.994992971420288086e-01
3.493763804435729980e-01
6.386820077896118164e-01
3.285875022411346436e-01
3.857763409614562988e-01
3.371628522872924805e-01
5.912780165672302246e-01
5.926310420036315918e-01
3.448029756546020508e-01
3.271545469760894775e-01
4.508863091468811035e-01
6.179900169372558594e-01
4.581855237483978271e-01
5.658890008926391602e-01
3.872334063053131104e-01
3.372595608234405518e-01
6.268224716186523438e-01
6.289334893226623535e-01
6.067305207252502441e-01
5.896822810173034668e-01
6.160157322883605957e-01
3.404595255851745605e-01
3.289103507995605469e-01
5.172443389892578125e-01
3.267864584922790527e-01
3.377568125724792480e-01
6.081848144531250000e-01
4.545210599899291992e-01
5.882315635681152344e-01
3.296750485897064209e-01
3.718355596065521240e-01
4.072974920272827148e-01
3.243092298507690430e-01
5.064561367034912109e-01
3.305790424346923828e-01
4.457905292510986328e-01
5.750885009765625000e-01
5.797347426414489746e-01
5.123547315597534180e-01
5.142543315887451172e-01
3.717782497406005859e-01
3.800159394741058350e-01
6.047833561897277832e-01
6.398785114288330078e-01
3.240003585815429688e-01
3.709411323070526123e-01
4.053536951541900635e-01
5.753206610679626465e-01
3.263294994831085205e-01
5.873499512672424316e-01
3.662626743316650391e-01
4.055256545543670654e-01
5.888294577598571777e-01
3.698019385337829590e-01
3.407486379146575928e-01
3.442885875701904297e-01
4.890482723712921143e-01
3.245243430137634277e-01
4.537120759487152100e-01
3.480950593948364258e-01
3.332943022251129150e-01
3.349790573120117188e-01
3.336869478225708008e-01
3.670757710933685303e-01
3.227009475231170654e-01
4.047718644142150879e-01
4.042362868785858154e-01
3.472099602222442627e-01
3.436138033866882324e-01
3.244777917861938477e-01
3.347599506378173828e-01
3.693640530109405518e-01
3.370954394340515137e-01
4.048080146312713623e-01
3.758100569248199463e-01
3.526334464550018311e-01
3.635409176349639893e-01
3.785097897052764893e-01
6.136978864669799805e-01
3.318212330341339111e-01
5.779012441635131836e-01
3.267310857772827148e-01
4.070338606834411621e-01
3.274382948875427246e-01
6.053932309150695801e-01
3.263943493366241455e-01
5.733749866485595703e-01
3.538078069686889648e-01
3.970544040203094482e-01
3.517283201217651367e-01
6.146043539047241211e-01
5.342437028884887695e-01
6.167061924934387207e-01
3.244757652282714844e-01
3.584761321544647217e-01
4.440385401248931885e-01
3.260739743709564209e-01
3.600883185863494873e-01
4.262923002243041992e-01
5.323932766914367676e-01
5.130763649940490723e-01
3.320584297180175781e-01
3.539369702339172363e-01
5.771394371986389160e-01
6.190969944000244141e-01
3.235161006450653076e-01
5.074279904365539551e-01
5.539320707321166992e-01
5.824276804924011230e-01
4.261113107204437256e-01
4.185932874679565430e-01
3.246238827705383301e-01
4.539465010166168213e-01
5.728746652603149414e-01
3.415140807628631592e-01
6.229841113090515137e-01
3.357003927230834961e-01
3.284834027290344238e-01
3.652258515357971191e-01
3.768305480480194092e-01
5.859261155128479004e-01
3.412587940692901611e-01
3.479709029197692871e-01
3.517663776874542236e-01
3.384649157524108887e-01
3.382440507411956787e-01
5.354847908020019531e-01
3.326136469841003418e-01
3.725780546665191650e-01
3.406740128993988037e-01
5.008926987648010254e-01
3.512881994247436523e-01
3.532533347606658936e-01
5.313431620597839355e-01
3.296167850494384766e-01
3.281698226928710938e-01
4.241125583648681641e-01
3.663789033889770508e-01
3.278421163558959961e-01
6.418987512588500977e-01
4.736186265945434570e-01
6.391642689704895020e-01
6.451451182365417480e-01
3.233709335327148438e-01
4.575544297695159912e-01
5.925599932670593262e-01
3.263646364212036133e-01
6.325001716613769531e-01
3.886381983757019043e-01
5.411385297775268555e-01
3.476599156856536865e-01
6.279152631759643555e-01
3.533760309219360352e-01
5.803671479225158691e-01
3.725466132164001465e-01
4.372552037239074707e-01
3.462425470352172852e-01
3.274019956588745117e-01
3.956308364868164062e-01
3.939822912216186523e-01
3.503805398941040039e-01
3.328420817852020264e-01
5.916376113891601562e-01
5.810779333114624023e-01
3.588084876537322998e-01
3.783611059188842773e-01
3.663369715213775635e-01
6.263821125030517578e-01
3.226443231105804443e-01
5.308364629745483398e-01
3.622189462184906006e-01
3.585898876190185547e-01
6.416577696800231934e-01
6.228604912757873535e-01
3.246381282806396484e-01
6.340422034263610840e-01
3.883682489395141602e-01
5.678427815437316895e-01
3.333725333213806152e-01
3.612059950828552246e-01
3.324640989303588867e-01
5.655820369720458984e-01
6.259660720825195312e-01
3.402720391750335693e-01
4.800239205360412598e-01
3.439090549945831299e-01
4.840995073318481445e-01
3.431079983711242676e-01
3.425773978233337402e-01
4.268070757389068604e-01
6.244677305221557617e-01
3.566380143165588379e-01
3.507882356643676758e-01
3.513177633285522461e-01
5.782726407051086426e-01
3.626476526260375977e-01
3.463632166385650635e-01
3.880828619003295898e-01
3.378186821937561035e-01
3.472114503383636475e-01
3.970087766647338867e-01
4.243124425411224365e-01
4.576906859874725342e-01
3.795834779739379883e-01
3.446643054485321045e-01
5.208746194839477539e-01
6.365974545478820801e-01
5.543737411499023438e-01
4.092926681041717529e-01
3.539674282073974609e-01
5.518608093261718750e-01
3.286300301551818848e-01
4.931686818599700928e-01
5.342679023742675781e-01
6.288336515426635742e-01
3.459757864475250244e-01
4.756491780281066895e-01
3.563373684883117676e-01
4.915287196636199951e-01
3.433970808982849121e-01
3.437604308128356934e-01
3.228523135185241699e-01
3.435921669006347656e-01
6.082061529159545898e-01
3.355009853839874268e-01
4.914162456989288330e-01
3.525792658329010010e-01
5.134344100952148438e-01
6.181328296661376953e-01
3.320729434490203857e-01
5.253853201866149902e-01
3.278222084045410156e-01
3.290694355964660645e-01
4.149780869483947754e-01
3.230068385601043701e-01
5.152235627174377441e-01
5.984246134757995605e-01
3.514143526554107666e-01
4.047026932239532471e-01
3.302055001258850098e-01
4.500836133956909180e-01
3.702972829341888428e-01
3.523814976215362549e-01
5.866758227348327637e-01
3.237857818603515625e-01
3.381233215332031250e-01
4.237036108970642090e-01
3.783813118934631348e-01
5.190862417221069336e-01
3.875296413898468018e-01
3.411935567855834961e-01
3.586671650409698486e-01
4.962248802185058594e-01
6.043594479560852051e-01
3.288784027099609375e-01
5.718506574630737305e-01
6.178615689277648926e-01
6.080843210220336914e-01
4.417681992053985596e-01
4.318502545356750488e-01
3.556777238845825195e-01
6.492079496383666992e-01
6.093351840972900391e-01
4.559197425842285156e-01
3.993498384952545166e-01
5.092132091522216797e-01
3.301995396614074707e-01
3.300925195217132568e-01
3.888704776763916016e-01
4.673752486705780029e-01
4.875452518463134766e-01
5.975585579872131348e-01
4.708903431892395020e-01
3.852936923503875732e-01
3.530294001102447510e-01
5.973526239395141602e-01
3.470005095005035400e-01
3.504388332366943359e-01
3.249151110649108887e-01
6.318184733390808105e-01
5.010365843772888184e-01
5.713928937911987305e-01
5.951394438743591309e-01
3.734996914863586426e-01
5.993186235427856445e-01
6.117698550224304199e-01
3.355490863323211670e-01
4.065602421760559082e-01
3.620524108409881592e-01
3.415193855762481689e-01
3.349809348583221436e-01
3.387817144393920898e-01
6.332903504371643066e-01
3.306383788585662842e-01
3.975276350975036621e-01
3.343566060066223145e-01
4.857552349567413330e-01
3.917570412158966064e-01
4.485659301280975342e-01
4.487622678279876709e-01
3.548962771892547607e-01
3.322369158267974854e-01
3.356689214706420898e-01
6.062980890274047852e-01
6.024088859558105469e-01
3.239307403564453125e-01
3.558954596519470215e-01
5.992093086242675781e-01
5.826970338821411133e-01
4.384447932243347168e-01
4.485323429107666016e-01
3.410663008689880371e-01
5.923516750335693359e-01
3.415641784667968750e-01
3.453271687030792236e-01
4.918470084667205811e-01
3.402495682239532471e-01
5.847862362861633301e-01
3.395100235939025879e-01
5.969586968421936035e-01
3.327007293701171875e-01
3.317475318908691406e-01
3.281352818012237549e-01
4.620000123977661133e-01
6.019557714462280273e-01
3.279122412204742432e-01
3.463763594627380371e-01
3.403231203556060791e-01
5.630323886871337891e-01
5.127731561660766602e-01
5.990180969238281250e-01
4.234989583492279053e-01
3.306193947792053223e-01
5.984367728233337402e-01
3.249490559101104736e-01
6.090489625930786133e-01
3.372564911842346191e-01
3.371373414993286133e-01
6.332752704620361328e-01
5.790369510650634766e-01
3.945501148700714111e-01
4.476911723613739014e-01
5.796858072280883789e-01
6.290389895439147949e-01
6.295045018196105957e-01
3.783397376537322998e-01
3.245497345924377441e-01
3.225411176681518555e-01
5.657054781913757324e-01
3.346526920795440674e-01
6.122144460678100586e-01
5.885691642761230469e-01
6.301593184471130371e-01
3.245637714862823486e-01
4.065276086330413818e-01
5.091960430145263672e-01
5.941051840782165527e-01
5.445056557655334473e-01
5.858343839645385742e-01
3.290320634841918945e-01
5.052549839019775391e-01
3.719754219055175781e-01
3.936325013637542725e-01
3.243351280689239502e-01
6.117201447486877441e-01
5.414237976074218750e-01
3.462736010551452637e-01
5.195150375366210938e-01
3.301692008972167969e-01
5.592759251594543457e-01
4.497897624969482422e-01
6.091375946998596191e-01
3.294586539268493652e-01
5.699719786643981934e-01
5.585612654685974121e-01
6.281249523162841797e-01
3.465908169746398926e-01
3.330527544021606445e-01
4.032650291919708252e-01
6.388629674911499023e-01
3.939219713211059570e-01
6.160613298416137695e-01
5.405493974685668945e-01
5.660088062286376953e-01
6.200321912765502930e-01
6.276574730873107910e-01
6.273406147956848145e-01
5.240692496299743652e-01
3.283068239688873291e-01
3.672498166561126709e-01
3.219006359577178955e-01
5.181142091751098633e-01
3.228029906749725342e-01
3.808071911334991455e-01
3.445534706115722656e-01
5.034548640251159668e-01
3.383715450763702393e-01
3.919964730739593506e-01
4.804914593696594238e-01
3.314851522445678711e-01
5.653098225593566895e-01
3.311702013015747070e-01
4.578192830085754395e-01
5.466810464859008789e-01
3.496878445148468018e-01
4.426104426383972168e-01
3.303682804107666016e-01
3.417264521121978760e-01
5.719968080520629883e-01
3.237701356410980225e-01
3.523622155189514160e-01
4.096257984638214111e-01
3.250035345554351807e-01
6.304615139961242676e-01
3.725568056106567383e-01
3.260486423969268799e-01
5.173788070678710938e-01
3.366832733154296875e-01
3.319315016269683838e-01
3.443607687950134277e-01
3.323845565319061279e-01
3.541214764118194580e-01
3.422102034091949463e-01
3.414422571659088135e-01
4.646711051464080811e-01
3.431687057018280029e-01
5.060508251190185547e-01
5.076175928115844727e-01
4.202475249767303467e-01
4.657993316650390625e-01
5.882595181465148926e-01
3.265627324581146240e-01
4.989511966705322266e-01
3.744678795337677002e-01
3.275872766971588135e-01
5.278767347335815430e-01
5.917521715164184570e-01
3.596438169479370117e-01
6.444315314292907715e-01
6.383785009384155273e-01
3.479249477386474609e-01
3.286878764629364014e-01
3.460178673267364502e-01
6.135306358337402344e-01
3.339081108570098877e-01
3.297553658485412598e-01
3.935500681400299072e-01
3.387244343757629395e-01
4.825581908226013184e-01
3.535777330398559570e-01
3.335429131984710693e-01
3.552819788455963135e-01
6.017461419105529785e-01
6.169819235801696777e-01
6.192166805267333984e-01
3.573755025863647461e-01
5.882794857025146484e-01
3.706887066364288330e-01
3.752641379833221436e-01
3.539642393589019775e-01
3.246352672576904297e-01
3.780041635036468506e-01
3.387893140316009521e-01
6.127087473869323730e-01
6.114450693130493164e-01
6.033592820167541504e-01
5.608507990837097168e-01
3.352493047714233398e-01
4.708507359027862549e-01
4.448345005512237549e-01
5.095298886299133301e-01
5.797449946403503418e-01
4.584723412990570068e-01
3.998416364192962646e-01
3.480019569396972656e-01
3.312726616859436035e-01
5.904605388641357422e-01
5.112712979316711426e-01
3.549458384513854980e-01
4.278436005115509033e-01
3.436552882194519043e-01
5.985868573188781738e-01
5.649368762969970703e-01
5.426022410392761230e-01
4.030149579048156738e-01
3.785939812660217285e-01
6.152084469795227051e-01
3.575100302696228027e-01
5.015556216239929199e-01
6.368630528450012207e-01
3.576579988002777100e-01
6.016614437103271484e-01
4.765165150165557861e-01
5.496190190315246582e-01
3.591024875640869141e-01
4.108439385890960693e-01
5.412407517433166504e-01
3.374241888523101807e-01
5.895083546638488770e-01
3.454131186008453369e-01
3.629271388053894043e-01
3.672117888927459717e-01
3.651084601879119873e-01
3.414473235607147217e-01
4.036290347576141357e-01
4.411973059177398682e-01
4.894582629203796387e-01
3.637273609638214111e-01
5.599650740623474121e-01
6.398817300796508789e-01
4.906381368637084961e-01
3.317951261997222900e-01
4.021306931972503662e-01
3.539710342884063721e-01
3.318774998188018799e-01
6.220533847808837891e-01
4.469923079013824463e-01
3.779511749744415283e-01
4.842574596405029297e-01
3.760255575180053711e-01
3.404693901538848877e-01
3.566116094589233398e-01
3.916035294532775879e-01
5.927205085754394531e-01
3.428928554058074951e-01
4.447690844535827637e-01
3.783325254917144775e-01
3.873619437217712402e-01
5.097969174385070801e-01
3.472448289394378662e-01
5.095033049583435059e-01
3.316487073898315430e-01
3.403876423835754395e-01
3.263035416603088379e-01
4.270760416984558105e-01
3.249253332614898682e-01
3.418555855751037598e-01
3.309218585491180420e-01
3.716483116149902344e-01
3.603918552398681641e-01
4.895834624767303467e-01
3.366362750530242920e-01
6.141796112060546875e-01
5.151242613792419434e-01
3.267300724983215332e-01
3.299760520458221436e-01
6.121615767478942871e-01
4.598300158977508545e-01
5.321896672248840332e-01
3.388973474502563477e-01
3.322355151176452637e-01
4.034448564052581787e-01
4.524397850036621094e-01
3.378181755542755127e-01
3.250340223312377930e-01
3.504024446010589600e-01
4.948634207248687744e-01
3.381806910037994385e-01
3.516806364059448242e-01
3.349073231220245361e-01
6.105058193206787109e-01
5.257006287574768066e-01
3.355904817581176758e-01
4.689318835735321045e-01
4.756299853324890137e-01
5.153433084487915039e-01
3.440201878547668457e-01
6.399690508842468262e-01
4.672200977802276611e-01
3.379576802253723145e-01
4.054913520812988281e-01
6.296461224555969238e-01
5.926858186721801758e-01
5.931693315505981445e-01
4.565584659576416016e-01
3.535136878490447998e-01
5.080277919769287109e-01
3.769134283065795898e-01
5.241093635559082031e-01
4.537522196769714355e-01
3.673699498176574707e-01
3.548398613929748535e-01
5.621321201324462891e-01
3.323112726211547852e-01
3.344751298427581787e-01
3.456761538982391357e-01
6.329014897346496582e-01
6.145764589309692383e-01
4.634999632835388184e-01
3.272466063499450684e-01
5.177122950553894043e-01
3.355120420455932617e-01
3.263983726501464844e-01
3.911395967006683350e-01
3.530495166778564453e-01
5.777462720870971680e-01
6.022639274597167969e-01
5.341033339500427246e-01
3.487945497035980225e-01
5.604482293128967285e-01
3.342889249324798584e-01
5.577692389488220215e-01
5.688900351524353027e-01
6.063287258148193359e-01
3.838475644588470459e-01
3.354556858539581299e-01
6.184396147727966309e-01
6.498326659202575684e-01
3.657189309597015381e-01
4.717256128787994385e-01
3.983574509620666504e-01
3.258221745491027832e-01
6.356014609336853027e-01
3.486790359020233154e-01
3.666863143444061279e-01
6.326614618301391602e-01
5.182402729988098145e-01
5.660274028778076172e-01
3.447957634925842285e-01
3.948970139026641846e-01
3.369239866733551025e-01
3.362436592578887939e-01
3.270931541919708252e-01
3.433497846126556396e-01
3.755251169204711914e-01
4.337826073169708252e-01
3.283731043338775635e-01
4.217933714389801025e-01
3.478106260299682617e-01
3.336364626884460449e-01
3.237453699111938477e-01
5.545284748077392578e-01
3.284680247306823730e-01
5.419698357582092285e-01
3.262999653816223145e-01
5.915091633796691895e-01
3.384793996810913086e-01
5.194704532623291016e-01
5.082366466522216797e-01
3.437348306179046631e-01
3.787029981613159180e-01
5.909830927848815918e-01
3.314947783946990967e-01
6.135215163230895996e-01
5.569508075714111328e-01
3.410566747188568115e-01
3.327869474887847900e-01
5.862314105033874512e-01
4.937187135219573975e-01
4.336836636066436768e-01
4.014660716056823730e-01
3.567848205566406250e-01
5.777818560600280762e-01
4.024494886398315430e-01
4.791783988475799561e-01
3.858924210071563721e-01
3.318451642990112305e-01
3.581717908382415771e-01
4.888283908367156982e-01
3.443734347820281982e-01
5.915710926055908203e-01
3.341788947582244873e-01
3.559452295303344727e-01
6.334588527679443359e-01
3.511450290679931641e-01
4.045996069908142090e-01
6.316593289375305176e-01
4.929831922054290771e-01
6.040366888046264648e-01
3.222527205944061279e-01
3.878372609615325928e-01
3.501325845718383789e-01
3.903357982635498047e-01
3.708949387073516846e-01
6.219183802604675293e-01
3.270565867424011230e-01
3.764609992504119873e-01
3.248453736305236816e-01
5.701009035110473633e-01
3.500357866287231445e-01
6.328980326652526855e-01
6.022719144821166992e-01
3.577886819839477539e-01
3.384095132350921631e-01
5.695057511329650879e-01
5.919004082679748535e-01
3.444473743438720703e-01
4.321506619453430176e-01
6.328051686286926270e-01
3.922592401504516602e-01
4.543117880821228027e-01
6.153737306594848633e-01
5.172566175460815430e-01
3.513204753398895264e-01
6.453949213027954102e-01
3.491998910903930664e-01
6.019732356071472168e-01
4.243383705615997314e-01
5.412029027938842773e-01
6.394778490066528320e-01
6.171617507934570312e-01
6.047956943511962891e-01
5.730194449424743652e-01
3.296402394771575928e-01
4.057012796401977539e-01
3.713035881519317627e-01
3.248530030250549316e-01
5.841662883758544922e-01
5.483807921409606934e-01
5.258558392524719238e-01
5.247188806533813477e-01
3.908119499683380127e-01
3.512310385704040527e-01
5.936883687973022461e-01
3.482693433761596680e-01
3.429127335548400879e-01
4.200768470764160156e-01
4.088405966758728027e-01
3.266579508781433105e-01
3.258422613143920898e-01
5.457729697227478027e-01
5.337241291999816895e-01
5.372694134712219238e-01
5.596370697021484375e-01
4.031804502010345459e-01
3.290561437606811523e-01
4.479155838489532471e-01
5.507049560546875000e-01
5.123959779739379883e-01
5.138012170791625977e-01
3.356280326843261719e-01
6.034294366836547852e-01
4.174681603908538818e-01
3.325238227844238281e-01
3.262889385223388672e-01
6.351110935211181641e-01
3.606562018394470215e-01
4.768701791763305664e-01
5.282436013221740723e-01
3.730483353137969971e-01
4.295693635940551758e-01
5.610008835792541504e-01
3.368904888629913330e-01
3.320786654949188232e-01
6.391971707344055176e-01
4.033551514148712158e-01
6.397671699523925781e-01
3.340175747871398926e-01
3.994882702827453613e-01
3.247839808464050293e-01
5.742539763450622559e-01
6.312083601951599121e-01
3.322913944721221924e-01
6.248849630355834961e-01
3.318060338497161865e-01
3.804982006549835205e-01
5.902467370033264160e-01
5.655873417854309082e-01
3.229995071887969971e-01
6.373331546783447266e-01
6.355067491531372070e-01
3.440800309181213379e-01
4.180640876293182373e-01
6.343256831169128418e-01
5.873838067054748535e-01
3.447207510471343994e-01
3.395186364650726318e-01
4.413827955722808838e-01
5.653962492942810059e-01
3.390064537525177002e-01
3.257176280021667480e-01
3.493903577327728271e-01
3.430911898612976074e-01
4.990701079368591309e-01
6.407104730606079102e-01
3.594526946544647217e-01
4.624223709106445312e-01
4.957404136657714844e-01
5.419931411743164062e-01
5.142199993133544922e-01
3.366366326808929443e-01
5.554311871528625488e-01
3.513213992118835449e-01
6.426431536674499512e-01
3.705666065216064453e-01
6.307679414749145508e-01
3.683018386363983154e-01
4.502337872982025146e-01
4.899278879165649414e-01
3.558086752891540527e-01
5.532675385475158691e-01
4.468405246734619141e-01
3.495013117790222168e-01
6.173866391181945801e-01
5.518488287925720215e-01
6.099769473075866699e-01
3.981216549873352051e-01
3.377076387405395508e-01
4.341902732849121094e-01
3.406991660594940186e-01
3.492828309535980225e-01
3.233463168144226074e-01
3.301315009593963623e-01
3.423087596893310547e-01
4.189851880073547363e-01
6.135173439979553223e-01
6.305248141288757324e-01
6.387809514999389648e-01
5.743920207023620605e-01
5.229200124740600586e-01
3.887480795383453369e-01
3.292064368724822998e-01
5.669586658477783203e-01
4.701920449733734131e-01
3.940472900867462158e-01
3.436740636825561523e-01
6.012358069419860840e-01
3.401406705379486084e-01
5.411652326583862305e-01
3.815064430236816406e-01
6.002924442291259766e-01
3.918953537940979004e-01
6.422395706176757812e-01
3.613459765911102295e-01
3.514310121536254883e-01
6.060806512832641602e-01
4.691878557205200195e-01
3.266189396381378174e-01
5.201050639152526855e-01
3.370805978775024414e-01
3.507336676120758057e-01
4.741704463958740234e-01
6.043620705604553223e-01
6.319355368614196777e-01
3.262344896793365479e-01
5.234979987144470215e-01
6.425101757049560547e-01
3.346624672412872314e-01
3.521424531936645508e-01
5.779692530632019043e-01
6.269077062606811523e-01
5.568046569824218750e-01
3.593073487281799316e-01
4.692773222923278809e-01
4.425177574157714844e-01
4.053266644477844238e-01
6.264088749885559082e-01
3.236437439918518066e-01
5.856958031654357910e-01
3.275168538093566895e-01
3.730781376361846924e-01
4.095686376094818115e-01
4.952392578125000000e-01
3.393264412879943848e-01
3.665079474449157715e-01
3.282992839813232422e-01
3.521989583969116211e-01
6.291099190711975098e-01
3.330399692058563232e-01
4.799467325210571289e-01
3.285630047321319580e-01
6.224502921104431152e-01
3.265535533428192139e-01
3.466673493385314941e-01
5.753075480461120605e-01
3.360254466533660889e-01
3.594027459621429443e-01
3.429163098335266113e-01
6.186225414276123047e-01
5.903931260108947754e-01
3.260111212730407715e-01
4.942395985126495361e-01
4.012608230113983154e-01
5.971459746360778809e-01
6.329502463340759277e-01
3.907831907272338867e-01
3.255895972251892090e-01
5.619109272956848145e-01
3.471297323703765869e-01
3.516556620597839355e-01
5.799475908279418945e-01
3.419846296310424805e-01
6.115612983703613281e-01
4.477597475051879883e-01
5.292809605598449707e-01
5.468767285346984863e-01
4.205111861228942871e-01
5.943189263343811035e-01
3.467395901679992676e-01
3.418053686618804932e-01
3.764527142047882080e-01
3.800542652606964111e-01
6.343471407890319824e-01
3.681060671806335449e-01
3.274307548999786377e-01
6.273090839385986328e-01
4.248124361038208008e-01
5.770011544227600098e-01
6.167522072792053223e-01
4.753325581550598145e-01
3.972121775150299072e-01
4.328961074352264404e-01
5.548408627510070801e-01
3.376250565052032471e-01
5.730813145637512207e-01
